일자,매수매도,가격
202104301530,0,0
202104301520,0,0
202104301515,0,0
202104301510,0,0
202104301505,0,0
202104301500,0,0
202104301455,0,0
202104301450,0,0
202104301445,1,58000
202104301440,0,0
202104301435,0,0
202104301430,0,0
202104301425,0,0
202104301420,0,0
202104301415,0,0
202104301410,0,0
202104301405,0,0
202104301400,0,0
202104301355,0,0
202104301350,0,0
202104301345,0,0
202104301340,0,0
202104301335,0,0
202104301330,0,0
202104301325,0,0
202104301320,0,0
202104301315,0,0
202104301310,0,0
202104301305,0,0
202104301300,0,0
202104301255,2,57400
202104301250,0,0
202104301245,0,0
202104301240,0,0
202104301235,0,0
202104301230,0,0
202104301225,0,0
202104301220,0,0
202104301215,0,0
202104301210,0,0
202104301205,0,0
202104301200,0,0
202104301155,0,0
202104301150,0,0
202104301145,0,0
202104301140,0,0
202104301135,1,57200
202104301130,0,0
202104301125,0,0
202104301120,0,0
202104301115,0,0
202104301110,0,0
202104301105,0,0
202104301100,2,57200
202104301055,0,0
202104301050,0,0
202104301045,0,0
202104301040,0,0
202104301035,1,57200
202104301030,0,0
202104301025,0,0
202104301020,0,0
202104301015,0,0
202104301010,0,0
202104301005,2,57000
202104301000,0,0
202104300955,0,0
202104300950,0,0
202104300945,0,0
202104300940,0,0
202104300935,0,0
202104300930,0,0
202104300925,0,0
202104300920,0,0
202104300915,0,0
202104300910,1,57200
202104300905,0,0
202104291530,0,0
202104291520,0,0
202104291515,0,0
202104291510,0,0
202104291505,0,0
202104291500,2,57100
202104291455,0,0
202104291450,0,0
202104291445,0,0
202104291440,0,0
202104291435,1,56800
202104291430,0,0
202104291425,0,0
202104291420,0,0
202104291415,0,0
202104291410,0,0
202104291405,0,0
202104291400,0,0
202104291355,0,0
202104291350,0,0
202104291345,0,0
202104291340,0,0
202104291335,0,0
202104291330,0,0
202104291325,0,0
202104291320,0,0
202104291315,0,0
202104291310,0,0
202104291305,0,0
202104291300,0,0
202104291255,0,0
202104291250,0,0
202104291245,0,0
202104291240,0,0
202104291235,0,0
202104291230,0,0
202104291225,0,0
202104291220,0,0
202104291215,0,0
202104291210,0,0
202104291205,0,0
202104291200,0,0
202104291155,0,0
202104291150,2,56700
202104291145,0,0
202104291140,0,0
202104291135,0,0
202104291130,0,0
202104291125,0,0
202104291120,0,0
202104291115,0,0
202104291110,0,0
202104291105,0,0
202104291100,0,0
202104291055,0,0
202104291050,0,0
202104291045,0,0
202104291040,0,0
202104291035,0,0
202104291030,0,0
202104291025,0,0
202104291020,0,0
202104291015,0,0
202104291010,1,56800
202104291005,0,0
202104291000,0,0
202104290955,0,0
202104290950,0,0
202104290945,0,0
202104290940,0,0
202104290935,0,0
202104290930,0,0
202104290925,0,0
202104290920,2,56800
202104290915,0,0
202104290910,1,56900
202104290905,0,0
202104281530,0,0
202104281520,0,0
202104281515,0,0
202104281510,0,0
202104281505,0,0
202104281500,0,0
202104281455,0,0
202104281450,0,0
202104281445,0,0
202104281440,0,0
202104281435,0,0
202104281430,0,0
202104281425,0,0
202104281420,2,58200
202104281415,1,58200
202104281410,0,0
202104281405,2,58100
202104281400,0,0
202104281355,0,0
202104281350,0,0
202104281345,0,0
202104281340,0,0
202104281335,0,0
202104281330,0,0
202104281325,0,0
202104281320,1,57500
202104281315,2,57500
202104281310,0,0
202104281305,0,0
202104281300,0,0
202104281255,0,0
202104281250,0,0
202104281245,0,0
202104281240,0,0
202104281235,0,0
202104281230,0,0
202104281225,0,0
202104281220,0,0
202104281215,0,0
202104281210,0,0
202104281205,0,0
202104281200,0,0
202104281155,0,0
202104281150,0,0
202104281145,0,0
202104281140,0,0
202104281135,0,0
202104281130,0,0
202104281125,0,0
202104281120,0,0
202104281115,0,0
202104281110,0,0
202104281105,0,0
202104281100,0,0
202104281055,1,57900
202104281050,0,0
202104281045,0,0
202104281040,0,0
202104281035,0,0
202104281030,0,0
202104281025,0,0
202104281020,0,0
202104281015,0,0
202104281010,0,0
202104281005,0,0
202104281000,0,0
202104280955,0,0
202104280950,0,0
202104280945,0,0
202104280940,0,0
202104280935,0,0
202104280930,0,0
202104280925,0,0
202104280920,0,0
202104280915,0,0
202104280910,0,0
202104280905,2,58000
202104271530,0,0
202104271520,0,0
202104271515,0,0
202104271510,0,0
202104271505,0,0
202104271500,0,0
202104271455,0,0
202104271450,0,0
202104271445,0,0
202104271440,0,0
202104271435,0,0
202104271430,0,0
202104271425,0,0
202104271420,0,0
202104271415,0,0
202104271410,1,57900
202104271405,2,57900
202104271400,0,0
202104271355,0,0
202104271350,0,0
202104271345,0,0
202104271340,0,0
202104271335,0,0
202104271330,0,0
202104271325,0,0
202104271320,0,0
202104271315,0,0
202104271310,0,0
202104271305,0,0
202104271300,1,57700
202104271255,0,0
202104271250,2,57600
202104271245,0,0
202104271240,0,0
202104271235,0,0
202104271230,0,0
202104271225,0,0
202104271220,0,0
202104271215,0,0
202104271210,0,0
202104271205,1,57300
202104271200,0,0
202104271155,0,0
202104271150,2,57200
202104271145,1,57300
202104271140,0,0
202104271135,2,57300
202104271130,0,0
202104271125,0,0
202104271120,0,0
202104271115,0,0
202104271110,0,0
202104271105,0,0
202104271100,0,0
202104271055,0,0
202104271050,0,0
202104271045,0,0
202104271040,0,0
202104271035,0,0
202104271030,0,0
202104271025,0,0
202104271020,1,57200
202104271015,0,0
202104271010,0,0
202104271005,0,0
202104271000,0,0
202104270955,0,0
202104270950,0,0
202104270945,0,0
202104270940,0,0
202104270935,0,0
202104270930,0,0
202104270925,0,0
202104270920,0,0
202104270915,0,0
202104270910,2,57800
202104270905,0,0
202104261530,0,0
202104261520,0,0
202104261515,1,58000
202104261510,0,0
202104261505,0,0
202104261500,0,0
202104261455,0,0
202104261450,2,58000
202104261445,0,0
202104261440,0,0
202104261435,0,0
202104261430,0,0
202104261425,0,0
202104261420,1,57600
202104261415,0,0
202104261410,0,0
202104261405,0,0
202104261400,0,0
202104261355,0,0
202104261350,0,0
202104261345,0,0
202104261340,0,0
202104261335,0,0
202104261330,0,0
202104261325,0,0
202104261320,0,0
202104261315,0,0
202104261310,0,0
202104261305,0,0
202104261300,0,0
202104261255,0,0
202104261250,0,0
202104261245,0,0
202104261240,0,0
202104261235,0,0
202104261230,0,0
202104261225,0,0
202104261220,0,0
202104261215,0,0
202104261210,0,0
202104261205,0,0
202104261200,0,0
202104261155,0,0
202104261150,0,0
202104261145,0,0
202104261140,0,0
202104261135,0,0
202104261130,0,0
202104261125,0,0
202104261120,0,0
202104261115,0,0
202104261110,2,58000
202104261105,1,58200
202104261100,2,58200
202104261055,0,0
202104261050,0,0
202104261045,0,0
202104261040,1,58000
202104261035,0,0
202104261030,2,57800
202104261025,0,0
202104261020,1,57900
202104261015,2,57900
202104261010,0,0
202104261005,0,0
202104261000,0,0
202104260955,0,0
202104260950,0,0
202104260945,0,0
202104260940,0,0
202104260935,1,57900
202104260930,0,0
202104260925,0,0
202104260920,0,0
202104260915,2,57800
202104260910,0,0
202104260905,0,0
202104231530,1,58500
202104231520,0,0
202104231515,0,0
202104231510,0,0
202104231505,0,0
202104231500,0,0
202104231455,0,0
202104231450,0,0
202104231445,2,58200
202104231440,0,0
202104231435,0,0
202104231430,0,0
202104231425,0,0
202104231420,0,0
202104231415,0,0
202104231410,0,0
202104231405,0,0
202104231400,0,0
202104231355,0,0
202104231350,0,0
202104231345,0,0
202104231340,0,0
202104231335,0,0
202104231330,0,0
202104231325,0,0
202104231320,0,0
202104231315,0,0
202104231310,1,59000
202104231305,0,0
202104231300,0,0
202104231255,0,0
202104231250,0,0
202104231245,0,0
202104231240,0,0
202104231235,0,0
202104231230,2,59000
202104231225,1,59200
202104231220,0,0
202104231215,2,59300
202104231210,1,59200
202104231205,0,0
202104231200,0,0
202104231155,0,0
202104231150,0,0
202104231145,2,59200
202104231140,1,59100
202104231135,0,0
202104231130,2,59000
202104231125,0,0
202104231120,0,0
202104231115,0,0
202104231110,0,0
202104231105,0,0
202104231100,0,0
202104231055,0,0
202104231050,0,0
202104231045,0,0
202104231040,0,0
202104231035,0,0
202104231030,0,0
202104231025,0,0
202104231020,0,0
202104231015,0,0
202104231010,0,0
202104231005,0,0
202104231000,0,0
202104230955,0,0
202104230950,1,58500
202104230945,0,0
202104230940,0,0
202104230935,0,0
202104230930,0,0
202104230925,0,0
202104230920,0,0
202104230915,0,0
202104230910,0,0
202104230905,0,0
202104221530,2,58300
202104221520,0,0
202104221515,0,0
202104221510,1,58100
202104221505,0,0
202104221500,0,0
202104221455,0,0
202104221450,0,0
202104221445,0,0
202104221440,0,0
202104221435,2,57700
202104221430,0,0
202104221425,1,57800
202104221420,0,0
202104221415,0,0
202104221410,0,0
202104221405,0,0
202104221400,0,0
202104221355,0,0
202104221350,0,0
202104221345,0,0
202104221340,0,0
202104221335,0,0
202104221330,0,0
202104221325,0,0
202104221320,2,58500
202104221315,0,0
202104221310,0,0
202104221305,0,0
202104221300,0,0
202104221255,0,0
202104221250,0,0
202104221245,0,0
202104221240,0,0
202104221235,0,0
202104221230,0,0
202104221225,0,0
202104221220,0,0
202104221215,0,0
202104221210,1,58200
202104221205,0,0
202104221200,0,0
202104221155,2,58400
202104221150,0,0
202104221145,1,58300
202104221140,0,0
202104221135,0,0
202104221130,0,0
202104221125,0,0
202104221120,0,0
202104221115,0,0
202104221110,0,0
202104221105,0,0
202104221100,0,0
202104221055,0,0
202104221050,0,0
202104221045,0,0
202104221040,0,0
202104221035,0,0
202104221030,0,0
202104221025,2,58200
202104221020,0,0
202104221015,0,0
202104221010,0,0
202104221005,0,0
202104221000,1,58300
202104220955,0,0
202104220950,0,0
202104220945,0,0
202104220940,0,0
202104220935,0,0
202104220930,0,0
202104220925,0,0
202104220920,0,0
202104220915,0,0
202104220910,0,0
202104220905,0,0
202104211530,0,0
202104211520,2,59100
202104211515,0,0
202104211510,0,0
202104211505,0,0
202104211500,0,0
202104211455,0,0
202104211450,0,0
202104211445,0,0
202104211440,0,0
202104211435,0,0
202104211430,0,0
202104211425,1,58900
202104211420,2,58900
202104211415,0,0
202104211410,0,0
202104211405,0,0
202104211400,0,0
202104211355,0,0
202104211350,0,0
202104211345,0,0
202104211340,0,0
202104211335,0,0
202104211330,0,0
202104211325,0,0
202104211320,0,0
202104211315,0,0
202104211310,0,0
202104211305,0,0
202104211300,0,0
202104211255,0,0
202104211250,0,0
202104211245,0,0
202104211240,0,0
202104211235,0,0
202104211230,0,0
202104211225,0,0
202104211220,0,0
202104211215,0,0
202104211210,0,0
202104211205,0,0
202104211200,0,0
202104211155,0,0
202104211150,0,0
202104211145,0,0
202104211140,0,0
202104211135,0,0
202104211130,1,59000
202104211125,0,0
202104211120,0,0
202104211115,0,0
202104211110,0,0
202104211105,0,0
202104211100,2,58900
202104211055,0,0
202104211050,0,0
202104211045,0,0
202104211040,1,58900
202104211035,0,0
202104211030,0,0
202104211025,0,0
202104211020,0,0
202104211015,0,0
202104211010,0,0
202104211005,0,0
202104211000,0,0
202104210955,0,0
202104210950,0,0
202104210945,0,0
202104210940,0,0
202104210935,0,0
202104210930,0,0
202104210925,0,0
202104210920,0,0
202104210915,0,0
202104210910,0,0
202104210905,0,0
202104201530,2,58000
202104201520,0,0
202104201515,0,0
202104201510,0,0
202104201505,0,0
202104201500,0,0
202104201455,0,0
202104201450,0,0
202104201445,0,0
202104201440,0,0
202104201435,1,58000
202104201430,0,0
202104201425,0,0
202104201420,0,0
202104201415,0,0
202104201410,0,0
202104201405,0,0
202104201400,0,0
202104201355,0,0
202104201350,0,0
202104201345,0,0
202104201340,0,0
202104201335,0,0
202104201330,0,0
202104201325,0,0
202104201320,0,0
202104201315,0,0
202104201310,0,0
202104201305,2,58100
202104201300,0,0
202104201255,0,0
202104201250,0,0
202104201245,0,0
202104201240,0,0
202104201235,0,0
202104201230,0,0
202104201225,0,0
202104201220,0,0
202104201215,1,57900
202104201210,0,0
202104201205,0,0
202104201200,0,0
202104201155,0,0
202104201150,0,0
202104201145,0,0
202104201140,0,0
202104201135,0,0
202104201130,0,0
202104201125,0,0
202104201120,0,0
202104201115,0,0
202104201110,2,57900
202104201105,0,0
202104201100,0,0
202104201055,0,0
202104201050,0,0
202104201045,0,0
202104201040,0,0
202104201035,0,0
202104201030,0,0
202104201025,0,0
202104201020,0,0
202104201015,0,0
202104201010,0,0
202104201005,0,0
202104201000,0,0
202104200955,0,0
202104200950,0,0
202104200945,0,0
202104200940,0,0
202104200935,1,58000
202104200930,0,0
202104200925,0,0
202104200920,2,58100
202104200915,0,0
202104200910,0,0
202104200905,0,0
202104191530,0,0
202104191520,0,0
202104191515,0,0
202104191510,0,0
202104191505,1,59100
202104191500,0,0
202104191455,0,0
202104191450,0,0
202104191445,0,0
202104191440,0,0
202104191435,0,0
202104191430,0,0
202104191425,0,0
202104191420,2,59100
202104191415,0,0
202104191410,0,0
202104191405,0,0
202104191400,0,0
202104191355,0,0
202104191350,0,0
202104191345,0,0
202104191340,0,0
202104191335,0,0
202104191330,0,0
202104191325,1,59000
202104191320,0,0
202104191315,0,0
202104191310,0,0
202104191305,0,0
202104191300,0,0
202104191255,0,0
202104191250,0,0
202104191245,0,0
202104191240,0,0
202104191235,0,0
202104191230,0,0
202104191225,0,0
202104191220,0,0
202104191215,0,0
202104191210,0,0
202104191205,0,0
202104191200,0,0
202104191155,0,0
202104191150,0,0
202104191145,0,0
202104191140,0,0
202104191135,0,0
202104191130,2,59200
202104191125,0,0
202104191120,0,0
202104191115,0,0
202104191110,0,0
202104191105,0,0
202104191100,1,59200
202104191055,0,0
202104191050,0,0
202104191045,0,0
202104191040,0,0
202104191035,0,0
202104191030,0,0
202104191025,2,58900
202104191020,0,0
202104191015,0,0
202104191010,0,0
202104191005,0,0
202104191000,0,0
202104190955,0,0
202104190950,0,0
202104190945,0,0
202104190940,1,58700
202104190935,0,0
202104190930,0,0
202104190925,0,0
202104190920,0,0
202104190915,0,0
202104190910,0,0
202104190905,0,0
202104161530,2,58900
202104161520,0,0
202104161515,0,0
202104161510,1,58800
202104161505,0,0
202104161500,0,0
202104161455,2,58800
202104161450,0,0
202104161445,0,0
202104161440,0,0
202104161435,0,0
202104161430,0,0
202104161425,0,0
202104161420,0,0
202104161415,0,0
202104161410,0,0
202104161405,0,0
202104161400,0,0
202104161355,0,0
202104161350,0,0
202104161345,0,0
202104161340,0,0
202104161335,0,0
202104161330,0,0
202104161325,1,58400
202104161320,0,0
202104161315,0,0
202104161310,0,0
202104161305,0,0
202104161300,0,0
202104161255,0,0
202104161250,2,58600
202104161245,0,0
202104161240,0,0
202104161235,0,0
202104161230,0,0
202104161225,0,0
202104161220,0,0
202104161215,0,0
202104161210,0,0
202104161205,0,0
202104161200,0,0
202104161155,0,0
202104161150,0,0
202104161145,0,0
202104161140,0,0
202104161135,0,0
202104161130,0,0
202104161125,1,58400
202104161120,0,0
202104161115,0,0
202104161110,0,0
202104161105,0,0
202104161100,0,0
202104161055,0,0
202104161050,0,0
202104161045,0,0
202104161040,0,0
202104161035,0,0
202104161030,0,0
202104161025,0,0
202104161020,0,0
202104161015,0,0
202104161010,0,0
202104161005,0,0
202104161000,0,0
202104160955,0,0
202104160950,0,0
202104160945,0,0
202104160940,0,0
202104160935,0,0
202104160930,0,0
202104160925,2,57900
202104160920,0,0
202104160915,0,0
202104160910,0,0
202104160905,0,0
202104151530,1,57400
202104151520,2,57200
202104151515,0,0
202104151510,0,0
202104151505,0,0
202104151500,1,57200
202104151455,0,0
202104151450,0,0
202104151445,0,0
202104151440,0,0
202104151435,2,57000
202104151430,0,0
202104151425,0,0
202104151420,0,0
202104151415,0,0
202104151410,0,0
202104151405,0,0
202104151400,0,0
202104151355,0,0
202104151350,0,0
202104151345,0,0
202104151340,0,0
202104151335,0,0
202104151330,0,0
202104151325,0,0
202104151320,0,0
202104151315,0,0
202104151310,0,0
202104151305,0,0
202104151300,0,0
202104151255,0,0
202104151250,1,56100
202104151245,0,0
202104151240,0,0
202104151235,0,0
202104151230,0,0
202104151225,0,0
202104151220,0,0
202104151215,0,0
202104151210,0,0
202104151205,0,0
202104151200,0,0
202104151155,0,0
202104151150,0,0
202104151145,0,0
202104151140,0,0
202104151135,0,0
202104151130,0,0
202104151125,0,0
202104151120,0,0
202104151115,0,0
202104151110,0,0
202104151105,0,0
202104151100,0,0
202104151055,0,0
202104151050,0,0
202104151045,0,0
202104151040,0,0
202104151035,0,0
202104151030,2,55800
202104151025,0,0
202104151020,0,0
202104151015,0,0
202104151010,0,0
202104151005,0,0
202104151000,0,0
202104150955,0,0
202104150950,0,0
202104150945,0,0
202104150940,1,55500
202104150935,0,0
202104150930,0,0
202104150925,0,0
202104150920,0,0
202104150915,0,0
202104150910,0,0
202104150905,0,0
202104141530,0,0
202104141520,0,0
202104141515,2,56400
202104141510,1,56300
202104141505,2,56400
202104141500,1,56400
202104141455,2,56100
202104141450,0,0
202104141445,0,0
202104141440,0,0
202104141435,0,0
202104141430,0,0
202104141425,0,0
202104141420,0,0
202104141415,0,0
202104141410,0,0
202104141405,0,0
202104141400,0,0
202104141355,0,0
202104141350,0,0
202104141345,0,0
202104141340,0,0
202104141335,0,0
202104141330,0,0
202104141325,0,0
202104141320,0,0
202104141315,0,0
202104141310,0,0
202104141305,0,0
202104141300,0,0
202104141255,0,0
202104141250,0,0
202104141245,0,0
202104141240,0,0
202104141235,0,0
202104141230,0,0
202104141225,0,0
202104141220,0,0
202104141215,0,0
202104141210,0,0
202104141205,0,0
202104141200,0,0
202104141155,0,0
202104141150,0,0
202104141145,0,0
202104141140,0,0
202104141135,0,0
202104141130,0,0
202104141125,0,0
202104141120,1,56800
202104141115,0,0
202104141110,0,0
202104141105,0,0
202104141100,2,56800
202104141055,0,0
202104141050,0,0
202104141045,0,0
202104141040,0,0
202104141035,0,0
202104141030,0,0
202104141025,0,0
202104141020,1,56800
202104141015,0,0
202104141010,0,0
202104141005,0,0
202104141000,0,0
202104140955,0,0
202104140950,0,0
202104140945,0,0
202104140940,0,0
202104140935,0,0
202104140930,0,0
202104140925,2,56000
202104140920,0,0
202104140915,0,0
202104140910,0,0
202104140905,0,0
202104131530,0,0
202104131520,0,0
202104131515,0,0
202104131510,0,0
202104131505,0,0
202104131500,0,0
202104131455,0,0
202104131450,1,56000
202104131445,0,0
202104131440,0,0
202104131435,0,0
202104131430,0,0
202104131425,0,0
202104131420,0,0
202104131415,0,0
202104131410,0,0
202104131405,0,0
202104131400,0,0
202104131355,0,0
202104131350,0,0
202104131345,0,0
202104131340,0,0
202104131335,0,0
202104131330,0,0
202104131325,0,0
202104131320,0,0
202104131315,0,0
202104131310,0,0
202104131305,0,0
202104131300,0,0
202104131255,0,0
202104131250,0,0
202104131245,0,0
202104131240,0,0
202104131235,0,0
202104131230,0,0
202104131225,0,0
202104131220,2,56300
202104131215,0,0
202104131210,0,0
202104131205,0,0
202104131200,0,0
202104131155,0,0
202104131150,0,0
202104131145,0,0
202104131140,0,0
202104131135,0,0
202104131130,0,0
202104131125,0,0
202104131120,0,0
202104131115,0,0
202104131110,0,0
202104131105,0,0
202104131100,0,0
202104131055,0,0
202104131050,0,0
202104131045,0,0
202104131040,0,0
202104131035,0,0
202104131030,1,56100
202104131025,0,0
202104131020,2,56000
202104131015,0,0
202104131010,0,0
202104131005,0,0
202104131000,0,0
202104130955,0,0
202104130950,0,0
202104130945,0,0
202104130940,0,0
202104130935,0,0
202104130930,0,0
202104130925,0,0
202104130920,0,0
202104130915,0,0
202104130910,0,0
202104130905,1,56100
202104121530,2,56300
202104121520,0,0
202104121515,0,0
202104121510,1,56200
202104121505,0,0
202104121500,0,0
202104121455,0,0
202104121450,0,0
202104121445,0,0
202104121440,0,0
202104121435,0,0
202104121430,0,0
202104121425,0,0
202104121420,0,0
202104121415,0,0
202104121410,0,0
202104121405,0,0
202104121400,0,0
202104121355,0,0
202104121350,0,0
202104121345,0,0
202104121340,0,0
202104121335,0,0
202104121330,2,56300
202104121325,0,0
202104121320,0,0
202104121315,0,0
202104121310,0,0
202104121305,0,0
202104121300,0,0
202104121255,0,0
202104121250,0,0
202104121245,0,0
202104121240,0,0
202104121235,0,0
202104121230,0,0
202104121225,0,0
202104121220,0,0
202104121215,0,0
202104121210,0,0
202104121205,1,56600
202104121200,0,0
202104121155,0,0
202104121150,0,0
202104121145,0,0
202104121140,0,0
202104121135,0,0
202104121130,0,0
202104121125,0,0
202104121120,0,0
202104121115,0,0
202104121110,0,0
202104121105,0,0
202104121100,0,0
202104121055,0,0
202104121050,0,0
202104121045,0,0
202104121040,0,0
202104121035,0,0
202104121030,0,0
202104121025,0,0
202104121020,0,0
202104121015,2,56400
202104121010,0,0
202104121005,0,0
202104121000,0,0
202104120955,0,0
202104120950,0,0
202104120945,0,0
202104120940,0,0
202104120935,0,0
202104120930,0,0
202104120925,0,0
202104120920,0,0
202104120915,1,56500
202104120910,2,56600
202104120905,0,0
202104091530,0,0
202104091520,1,56200
202104091515,0,0
202104091510,0,0
202104091505,0,0
202104091500,0,0
202104091455,0,0
202104091450,0,0
202104091445,0,0
202104091440,0,0
202104091435,0,0
202104091430,0,0
202104091425,0,0
202104091420,2,56000
202104091415,1,56000
202104091410,0,0
202104091405,0,0
202104091400,0,0
202104091355,0,0
202104091350,0,0
202104091345,0,0
202104091340,0,0
202104091335,0,0
202104091330,0,0
202104091325,2,56000
202104091320,0,0
202104091315,0,0
202104091310,0,0
202104091305,0,0
202104091300,0,0
202104091255,0,0
202104091250,0,0
202104091245,0,0
202104091240,0,0
202104091235,0,0
202104091230,0,0
202104091225,0,0
202104091220,0,0
202104091215,0,0
202104091210,0,0
202104091205,0,0
202104091200,0,0
202104091155,0,0
202104091150,0,0
202104091145,0,0
202104091140,0,0
202104091135,0,0
202104091130,0,0
202104091125,1,56100
202104091120,0,0
202104091115,2,56200
202104091110,0,0
202104091105,1,55900
202104091100,0,0
202104091055,0,0
202104091050,0,0
202104091045,0,0
202104091040,0,0
202104091035,0,0
202104091030,0,0
202104091025,0,0
202104091020,0,0
202104091015,0,0
202104091010,0,0
202104091005,0,0
202104091000,0,0
202104090955,0,0
202104090950,0,0
202104090945,0,0
202104090940,0,0
202104090935,0,0
202104090930,0,0
202104090925,0,0
202104090920,0,0
202104090915,2,56100
202104090910,0,0
202104090905,0,0
202104081530,0,0
202104081520,0,0
202104081515,0,0
202104081510,0,0
202104081505,0,0
202104081500,0,0
202104081455,0,0
202104081450,0,0
202104081445,0,0
202104081440,0,0
202104081435,0,0
202104081430,0,0
202104081425,0,0
202104081420,0,0
202104081415,0,0
202104081410,0,0
202104081405,1,55900
202104081400,0,0
202104081355,0,0
202104081350,0,0
202104081345,0,0
202104081340,0,0
202104081335,0,0
202104081330,0,0
202104081325,0,0
202104081320,0,0
202104081315,0,0
202104081310,0,0
202104081305,2,55700
202104081300,1,55700
202104081255,0,0
202104081250,0,0
202104081245,0,0
202104081240,2,55800
202104081235,0,0
202104081230,1,55700
202104081225,2,55800
202104081220,0,0
202104081215,0,0
202104081210,0,0
202104081205,0,0
202104081200,0,0
202104081155,0,0
202104081150,0,0
202104081145,0,0
202104081140,0,0
202104081135,0,0
202104081130,0,0
202104081125,0,0
202104081120,0,0
202104081115,0,0
202104081110,0,0
202104081105,0,0
202104081100,0,0
202104081055,0,0
202104081050,0,0
202104081045,0,0
202104081040,0,0
202104081035,0,0
202104081030,0,0
202104081025,0,0
202104081020,0,0
202104081015,0,0
202104081010,0,0
202104081005,1,55800
202104081000,0,0
202104080955,0,0
202104080950,0,0
202104080945,0,0
202104080940,0,0
202104080935,0,0
202104080930,0,0
202104080925,0,0
202104080920,0,0
202104080915,0,0
202104080910,0,0
202104080905,0,0
202104071530,2,56000
202104071520,0,0
202104071515,0,0
202104071510,0,0
202104071505,0,0
202104071500,0,0
202104071455,0,0
202104071450,0,0
202104071445,0,0
202104071440,0,0
202104071435,0,0
202104071430,1,55800
202104071425,0,0
202104071420,2,55900
202104071415,0,0
202104071410,0,0
202104071405,0,0
202104071400,1,55800
202104071355,0,0
202104071350,0,0
202104071345,0,0
202104071340,2,55800
202104071335,1,56000
202104071330,0,0
202104071325,0,0
202104071320,0,0
202104071315,2,56000
202104071310,0,0
202104071305,0,0
202104071300,0,0
202104071255,0,0
202104071250,0,0
202104071245,0,0
202104071240,0,0
202104071235,0,0
202104071230,0,0
202104071225,1,56100
202104071220,0,0
202104071215,0,0
202104071210,0,0
202104071205,0,0
202104071200,0,0
202104071155,0,0
202104071150,0,0
202104071145,0,0
202104071140,0,0
202104071135,0,0
202104071130,0,0
202104071125,0,0
202104071120,0,0
202104071115,0,0
202104071110,0,0
202104071105,0,0
202104071100,0,0
202104071055,0,0
202104071050,0,0
202104071045,2,55700
202104071040,0,0
202104071035,0,0
202104071030,0,0
202104071025,0,0
202104071020,0,0
202104071015,0,0
202104071010,1,55600
202104071005,0,0
202104071000,0,0
202104070955,0,0
202104070950,0,0
202104070945,0,0
202104070940,0,0
202104070935,0,0
202104070930,0,0
202104070925,0,0
202104070920,0,0
202104070915,0,0
202104070910,0,0
202104070905,0,0
202104061530,0,0
202104061520,0,0
202104061515,0,0
202104061510,0,0
202104061505,0,0
202104061500,0,0
202104061455,2,55500
202104061450,0,0
202104061445,0,0
202104061440,0,0
202104061435,0,0
202104061430,0,0
202104061425,1,55200
202104061420,2,55100
202104061415,0,0
202104061410,0,0
202104061405,0,0
202104061400,0,0
202104061355,0,0
202104061350,0,0
202104061345,0,0
202104061340,0,0
202104061335,0,0
202104061330,0,0
202104061325,0,0
202104061320,0,0
202104061315,0,0
202104061310,0,0
202104061305,0,0
202104061300,0,0
202104061255,0,0
202104061250,0,0
202104061245,0,0
202104061240,0,0
202104061235,0,0
202104061230,0,0
202104061225,0,0
202104061220,0,0
202104061215,0,0
202104061210,0,0
202104061205,0,0
202104061200,0,0
202104061155,0,0
202104061150,0,0
202104061145,1,54600
202104061140,0,0
202104061135,0,0
202104061130,0,0
202104061125,0,0
202104061120,0,0
202104061115,0,0
202104061110,0,0
202104061105,0,0
202104061100,0,0
202104061055,0,0
202104061050,0,0
202104061045,0,0
202104061040,0,0
202104061035,0,0
202104061030,0,0
202104061025,0,0
202104061020,0,0
202104061015,0,0
202104061010,0,0
202104061005,0,0
202104061000,0,0
202104060955,2,54200
202104060950,0,0
202104060945,0,0
202104060940,0,0
202104060935,0,0
202104060930,0,0
202104060925,0,0
202104060920,0,0
202104060915,0,0
202104060910,0,0
202104060905,0,0
202104051530,1,54400
202104051520,0,0
202104051515,0,0
202104051510,0,0
202104051505,0,0
202104051500,2,54600
202104051455,0,0
202104051450,0,0
202104051445,0,0
202104051440,0,0
202104051435,0,0
202104051430,0,0
202104051425,0,0
202104051420,0,0
202104051415,0,0
202104051410,0,0
202104051405,0,0
202104051400,0,0
202104051355,0,0
202104051350,0,0
202104051345,0,0
202104051340,0,0
202104051335,0,0
202104051330,0,0
202104051325,0,0
202104051320,0,0
202104051315,0,0
202104051310,0,0
202104051305,0,0
202104051300,0,0
202104051255,0,0
202104051250,1,54400
202104051245,0,0
202104051240,0,0
202104051235,0,0
202104051230,0,0
202104051225,0,0
202104051220,0,0
202104051215,0,0
202104051210,0,0
202104051205,0,0
202104051200,0,0
202104051155,0,0
202104051150,0,0
202104051145,0,0
202104051140,2,54300
202104051135,1,54400
202104051130,2,54400
202104051125,0,0
202104051120,1,54400
202104051115,0,0
202104051110,0,0
202104051105,0,0
202104051100,0,0
202104051055,0,0
202104051050,0,0
202104051045,0,0
202104051040,0,0
202104051035,0,0
202104051030,0,0
202104051025,0,0
202104051020,0,0
202104051015,0,0
202104051010,0,0
202104051005,0,0
202104051000,2,54400
202104050955,0,0
202104050950,0,0
202104050945,0,0
202104050940,0,0
202104050935,0,0
202104050930,0,0
202104050925,0,0
202104050920,0,0
202104050915,0,0
202104050910,0,0
202104050905,0,0
202104021530,0,0
202104021520,0,0
202104021515,0,0
202104021510,0,0
202104021505,0,0
202104021500,0,0
202104021455,0,0
202104021450,0,0
202104021445,0,0
202104021440,0,0
202104021435,0,0
202104021430,0,0
202104021425,0,0
202104021420,0,0
202104021415,0,0
202104021410,0,0
202104021405,1,54800
202104021400,0,0
202104021355,0,0
202104021350,0,0
202104021345,0,0
202104021340,0,0
202104021335,0,0
202104021330,0,0
202104021325,0,0
202104021320,0,0
202104021315,0,0
202104021310,0,0
202104021305,0,0
202104021300,0,0
202104021255,0,0
202104021250,0,0
202104021245,0,0
202104021240,0,0
202104021235,0,0
202104021230,0,0
202104021225,0,0
202104021220,0,0
202104021215,0,0
202104021210,0,0
202104021205,0,0
202104021200,0,0
202104021155,0,0
202104021150,0,0
202104021145,0,0
202104021140,0,0
202104021135,0,0
202104021130,0,0
202104021125,0,0
202104021120,0,0
202104021115,0,0
202104021110,0,0
202104021105,0,0
202104021100,0,0
202104021055,0,0
202104021050,0,0
202104021045,0,0
202104021040,0,0
202104021035,0,0
202104021030,0,0
202104021025,0,0
202104021020,0,0
202104021015,0,0
202104021010,0,0
202104021005,2,54300
202104021000,0,0
202104020955,0,0
202104020950,0,0
202104020945,0,0
202104020940,0,0
202104020935,0,0
202104020930,0,0
202104020925,0,0
202104020920,0,0
202104020915,0,0
202104020910,0,0
202104020905,0,0
202104011530,0,0
202104011520,1,55800
202104011515,2,56100
202104011510,1,55900
202104011505,0,0
202104011500,0,0
202104011455,0,0
202104011450,0,0
202104011445,0,0
202104011440,0,0
202104011435,0,0
202104011430,2,56300
202104011425,0,0
202104011420,0,0
202104011415,0,0
202104011410,0,0
202104011405,0,0
202104011400,0,0
202104011355,0,0
202104011350,0,0
202104011345,0,0
202104011340,0,0
202104011335,0,0
202104011330,0,0
202104011325,0,0
202104011320,0,0
202104011315,0,0
202104011310,0,0
202104011305,0,0
202104011300,0,0
202104011255,0,0
202104011250,0,0
202104011245,0,0
202104011240,0,0
202104011235,0,0
202104011230,0,0
202104011225,1,56500
202104011220,0,0
202104011215,0,0
202104011210,0,0
202104011205,0,0
202104011200,0,0
202104011155,0,0
202104011150,0,0
202104011145,0,0
202104011140,0,0
202104011135,0,0
202104011130,0,0
202104011125,0,0
202104011120,2,56400
202104011115,1,56400
202104011110,2,56400
202104011105,1,56500
202104011100,0,0
202104011055,0,0
202104011050,0,0
202104011045,0,0
202104011040,0,0
202104011035,0,0
202104011030,0,0
202104011025,0,0
202104011020,0,0
202104011015,0,0
202104011010,0,0
202104011005,0,0
202104011000,0,0
202104010955,0,0
202104010950,2,56300
202104010945,1,56300
202104010940,0,0
202104010935,0,0
202104010930,0,0
202104010925,0,0
202104010920,0,0
202104010915,0,0
202104010910,0,0
202104010905,0,0
202104011530,2,56200
202104011520,1,55800
202104011515,2,56100
202104011510,1,55900
202104011505,0,0
202104011500,0,0
202104011455,0,0
202104011450,0,0
202104011445,0,0
202104011440,0,0
202104011435,0,0
202104011430,2,56300
202104011425,0,0
202104011420,0,0
202104011415,0,0
202104011410,0,0
202104011405,0,0
202104011400,0,0
202104011355,0,0
202104011350,0,0
202104011345,0,0
202104011340,0,0
202104011335,0,0
202104011330,0,0
202104011325,0,0
202104011320,0,0
202104011315,0,0
202104011310,0,0
202104011305,0,0
202104011300,0,0
202104011255,1,56600
202104011250,0,0
202104011245,0,0
202104011240,0,0
202104011235,0,0
202104011230,0,0
202104011225,0,0
202104011220,0,0
202104011215,0,0
202104011210,0,0
202104011205,0,0
202104011200,0,0
202104011155,0,0
202104011150,0,0
202104011145,0,0
202104011140,0,0
202104011135,0,0
202104011130,0,0
202104011125,0,0
202104011120,0,0
202104011115,0,0
202104011110,0,0
202104011105,0,0
202104011100,0,0
202104011055,0,0
202104011050,0,0
202104011045,0,0
202104011040,0,0
202104011035,0,0
202104011030,0,0
202104011025,0,0
202104011020,0,0
202104011015,0,0
202104011010,0,0
202104011005,2,56400
202104011000,0,0
202104010955,0,0
202104010950,0,0
202104010945,0,0
202104010940,0,0
202104010935,0,0
202104010930,0,0
202104010925,0,0
202104010920,0,0
202104010915,0,0
202104010910,0,0
202104010905,0,0
202103311530,1,55600
202103311520,0,0
202103311515,0,0
202103311510,0,0
202103311505,0,0
202103311500,0,0
202103311455,0,0
202103311450,2,55500
202103311445,0,0
202103311440,0,0
202103311435,0,0
202103311430,0,0
202103311425,0,0
202103311420,0,0
202103311415,0,0
202103311410,0,0
202103311405,0,0
202103311400,0,0
202103311355,0,0
202103311350,0,0
202103311345,0,0
202103311340,1,55700
202103311335,0,0
202103311330,0,0
202103311325,0,0
202103311320,2,55600
202103311315,0,0
202103311310,0,0
202103311305,0,0
202103311300,0,0
202103311255,0,0
202103311250,0,0
202103311245,0,0
202103311240,0,0
202103311235,0,0
202103311230,0,0
202103311225,1,55400
202103311220,0,0
202103311215,0,0
202103311210,0,0
202103311205,0,0
202103311200,0,0
202103311155,0,0
202103311150,0,0
202103311145,0,0
202103311140,0,0
202103311135,0,0
202103311130,0,0
202103311125,0,0
202103311120,0,0
202103311115,0,0
202103311110,0,0
202103311105,0,0
202103311100,0,0
202103311055,0,0
202103311050,0,0
202103311045,0,0
202103311040,0,0
202103311035,0,0
202103311030,2,55500
202103311025,0,0
202103311020,0,0
202103311015,0,0
202103311010,0,0
202103311005,0,0
202103311000,0,0
202103310955,0,0
202103310950,0,0
202103310945,0,0
202103310940,0,0
202103310935,0,0
202103310930,0,0
202103310925,1,55600
202103310920,0,0
202103310915,2,55600
202103310910,0,0
202103310905,0,0
202103301530,0,0
202103301520,0,0
202103301515,0,0
202103301510,1,55900
202103301505,0,0
202103301500,0,0
202103301455,0,0
202103301450,0,0
202103301445,0,0
202103301440,0,0
202103301435,0,0
202103301430,0,0
202103301425,0,0
202103301420,0,0
202103301415,0,0
202103301410,0,0
202103301405,0,0
202103301400,0,0
202103301355,0,0
202103301350,0,0
202103301345,0,0
202103301340,0,0
202103301335,0,0
202103301330,0,0
202103301325,0,0
202103301320,0,0
202103301315,0,0
202103301310,0,0
202103301305,0,0
202103301300,0,0
202103301255,0,0
202103301250,0,0
202103301245,0,0
202103301240,0,0
202103301235,2,56500
202103301230,0,0
202103301225,0,0
202103301220,0,0
202103301215,0,0
202103301210,0,0
202103301205,0,0
202103301200,0,0
202103301155,0,0
202103301150,0,0
202103301145,0,0
202103301140,0,0
202103301135,0,0
202103301130,0,0
202103301125,0,0
202103301120,0,0
202103301115,1,56600
202103301110,0,0
202103301105,0,0
202103301100,0,0
202103301055,0,0
202103301050,0,0
202103301045,0,0
202103301040,0,0
202103301035,0,0
202103301030,0,0
202103301025,0,0
202103301020,0,0
202103301015,0,0
202103301010,2,56500
202103301005,0,0
202103301000,0,0
202103300955,0,0
202103300950,0,0
202103300945,0,0
202103300940,0,0
202103300935,0,0
202103300930,0,0
202103300925,0,0
202103300920,0,0
202103300915,0,0
202103300910,0,0
202103300905,0,0
202103291530,0,0
202103291520,0,0
202103291515,0,0
202103291510,1,57400
202103291505,0,0
202103291500,0,0
202103291455,0,0
202103291450,0,0
202103291445,0,0
202103291440,0,0
202103291435,0,0
202103291430,0,0
202103291425,0,0
202103291420,0,0
202103291415,0,0
202103291410,2,58200
202103291405,0,0
202103291400,0,0
202103291355,0,0
202103291350,1,58100
202103291345,0,0
202103291340,0,0
202103291335,0,0
202103291330,0,0
202103291325,0,0
202103291320,0,0
202103291315,0,0
202103291310,0,0
202103291305,0,0
202103291300,0,0
202103291255,0,0
202103291250,0,0
202103291245,0,0
202103291240,0,0
202103291235,0,0
202103291230,0,0
202103291225,0,0
202103291220,2,58300
202103291215,0,0
202103291210,0,0
202103291205,0,0
202103291200,0,0
202103291155,0,0
202103291150,0,0
202103291145,0,0
202103291140,0,0
202103291135,0,0
202103291130,0,0
202103291125,0,0
202103291120,0,0
202103291115,0,0
202103291110,0,0
202103291105,0,0
202103291100,0,0
202103291055,0,0
202103291050,0,0
202103291045,0,0
202103291040,1,58200
202103291035,0,0
202103291030,0,0
202103291025,0,0
202103291020,0,0
202103291015,0,0
202103291010,0,0
202103291005,0,0
202103291000,0,0
202103290955,0,0
202103290950,0,0
202103290945,0,0
202103290940,0,0
202103290935,0,0
202103290930,0,0
202103290925,0,0
202103290920,0,0
202103290915,2,58600
202103290910,0,0
202103290905,0,0
202103261530,0,0
202103261520,0,0
202103261515,1,58000
202103261510,0,0
202103261505,0,0
202103261500,0,0
202103261455,2,58200
202103261450,0,0
202103261445,1,58200
202103261440,0,0
202103261435,2,58100
202103261430,0,0
202103261425,1,58100
202103261420,2,58100
202103261415,0,0
202103261410,1,58100
202103261405,0,0
202103261400,0,0
202103261355,0,0
202103261350,0,0
202103261345,0,0
202103261340,0,0
202103261335,0,0
202103261330,0,0
202103261325,0,0
202103261320,0,0
202103261315,0,0
202103261310,0,0
202103261305,0,0
202103261300,0,0
202103261255,0,0
202103261250,2,58600
202103261245,0,0
202103261240,0,0
202103261235,0,0
202103261230,0,0
202103261225,0,0
202103261220,0,0
202103261215,0,0
202103261210,0,0
202103261205,0,0
202103261200,0,0
202103261155,0,0
202103261150,0,0
202103261145,0,0
202103261140,0,0
202103261135,0,0
202103261130,0,0
202103261125,0,0
202103261120,0,0
202103261115,0,0
202103261110,0,0
202103261105,0,0
202103261100,0,0
202103261055,0,0
202103261050,0,0
202103261045,1,58900
202103261040,0,0
202103261035,0,0
202103261030,0,0
202103261025,0,0
202103261020,0,0
202103261015,0,0
202103261010,0,0
202103261005,0,0
202103261000,0,0
202103260955,0,0
202103260950,0,0
202103260945,0,0
202103260940,2,58800
202103260935,0,0
202103260930,0,0
202103260925,0,0
202103260920,0,0
202103260915,0,0
202103260910,0,0
202103260905,0,0
202103251530,1,59900
202103251520,2,59800
202103251515,0,0
202103251510,1,59900
202103251505,0,0
202103251500,0,0
202103251455,0,0
202103251450,0,0
202103251445,0,0
202103251440,2,59600
202103251435,0,0
202103251430,0,0
202103251425,0,0
202103251420,1,59600
202103251415,0,0
202103251410,0,0
202103251405,0,0
202103251400,0,0
202103251355,0,0
202103251350,0,0
202103251345,0,0
202103251340,0,0
202103251335,0,0
202103251330,0,0
202103251325,0,0
202103251320,0,0
202103251315,0,0
202103251310,0,0
202103251305,0,0
202103251300,0,0
202103251255,0,0
202103251250,0,0
202103251245,0,0
202103251240,0,0
202103251235,0,0
202103251230,0,0
202103251225,0,0
202103251220,0,0
202103251215,2,59500
202103251210,0,0
202103251205,0,0
202103251200,0,0
202103251155,0,0
202103251150,0,0
202103251145,0,0
202103251140,0,0
202103251135,0,0
202103251130,0,0
202103251125,0,0
202103251120,0,0
202103251115,0,0
202103251110,0,0
202103251105,0,0
202103251100,0,0
202103251055,0,0
202103251050,0,0
202103251045,0,0
202103251040,0,0
202103251035,0,0
202103251030,0,0
202103251025,0,0
202103251020,0,0
202103251015,0,0
202103251010,0,0
202103251005,0,0
202103251000,0,0
202103250955,0,0
202103250950,1,59500
202103250945,0,0
202103250940,0,0
202103250935,0,0
202103250930,0,0
202103250925,0,0
202103250920,2,59400
202103250915,0,0
202103250910,1,59500
202103250905,0,0
202103241530,0,0
202103241520,2,58900
202103241515,0,0
202103241510,1,59000
202103241505,0,0
202103241500,0,0
202103241455,0,0
202103241450,0,0
202103241445,0,0
202103241440,2,59200
202103241435,1,59100
202103241430,0,0
202103241425,0,0
202103241420,0,0
202103241415,2,59100
202103241410,0,0
202103241405,1,59000
202103241400,0,0
202103241355,0,0
202103241350,0,0
202103241345,0,0
202103241340,2,58800
202103241335,0,0
202103241330,0,0
202103241325,0,0
202103241320,0,0
202103241315,0,0
202103241310,0,0
202103241305,0,0
202103241300,0,0
202103241255,0,0
202103241250,0,0
202103241245,0,0
202103241240,0,0
202103241235,1,58600
202103241230,0,0
202103241225,0,0
202103241220,0,0
202103241215,0,0
202103241210,0,0
202103241205,2,58400
202103241200,0,0
202103241155,0,0
202103241150,0,0
202103241145,0,0
202103241140,1,58400
202103241135,0,0
202103241130,0,0
202103241125,0,0
202103241120,2,58400
202103241115,0,0
202103241110,0,0
202103241105,0,0
202103241100,0,0
202103241055,0,0
202103241050,0,0
202103241045,0,0
202103241040,0,0
202103241035,0,0
202103241030,0,0
202103241025,0,0
202103241020,0,0
202103241015,0,0
202103241010,0,0
202103241005,0,0
202103241000,0,0
202103240955,0,0
202103240950,0,0
202103240945,0,0
202103240940,1,58900
202103240935,0,0
202103240930,0,0
202103240925,0,0
202103240920,0,0
202103240915,0,0
202103240910,0,0
202103240905,0,0
202103231530,0,0
202103231520,2,60500
202103231515,1,60400
202103231510,0,0
202103231505,0,0
202103231500,0,0
202103231455,0,0
202103231450,0,0
202103231445,0,0
202103231440,0,0
202103231435,0,0
202103231430,0,0
202103231425,0,0
202103231420,0,0
202103231415,0,0
202103231410,0,0
202103231405,0,0
202103231400,0,0
202103231355,0,0
202103231350,0,0
202103231345,2,60300
202103231340,0,0
202103231335,0,0
202103231330,1,60500
202103231325,0,0
202103231320,2,60500
202103231315,0,0
202103231310,0,0
202103231305,0,0
202103231300,0,0
202103231255,0,0
202103231250,0,0
202103231245,0,0
202103231240,0,0
202103231235,0,0
202103231230,0,0
202103231225,0,0
202103231220,0,0
202103231215,1,60400
202103231210,0,0
202103231205,0,0
202103231200,0,0
202103231155,0,0
202103231150,0,0
202103231145,0,0
202103231140,0,0
202103231135,0,0
202103231130,0,0
202103231125,0,0
202103231120,0,0
202103231115,0,0
202103231110,0,0
202103231105,0,0
202103231100,0,0
202103231055,0,0
202103231050,0,0
202103231045,0,0
202103231040,0,0
202103231035,0,0
202103231030,0,0
202103231025,0,0
202103231020,0,0
202103231015,0,0
202103231010,0,0
202103231005,0,0
202103231000,0,0
202103230955,0,0
202103230950,0,0
202103230945,2,60300
202103230940,0,0
202103230935,0,0
202103230930,0,0
202103230925,0,0
202103230920,0,0
202103230915,0,0
202103230910,0,0
202103230905,0,0
202103221530,0,0
202103221520,0,0
202103221515,1,60900
202103221510,0,0
202103221505,0,0
202103221500,0,0
202103221455,2,60600
202103221450,0,0
202103221445,1,60700
202103221440,0,0
202103221435,0,0
202103221430,0,0
202103221425,0,0
202103221420,0,0
202103221415,0,0
202103221410,0,0
202103221405,0,0
202103221400,0,0
202103221355,0,0
202103221350,0,0
202103221345,2,60700
202103221340,0,0
202103221335,0,0
202103221330,0,0
202103221325,0,0
202103221320,0,0
202103221315,0,0
202103221310,0,0
202103221305,0,0
202103221300,0,0
202103221255,0,0
202103221250,0,0
202103221245,0,0
202103221240,0,0
202103221235,0,0
202103221230,0,0
202103221225,0,0
202103221220,0,0
202103221215,0,0
202103221210,0,0
202103221205,0,0
202103221200,0,0
202103221155,1,60900
202103221150,0,0
202103221145,0,0
202103221140,2,60900
202103221135,0,0
202103221130,0,0
202103221125,0,0
202103221120,0,0
202103221115,0,0
202103221110,0,0
202103221105,0,0
202103221100,0,0
202103221055,0,0
202103221050,0,0
202103221045,0,0
202103221040,1,60900
202103221035,0,0
202103221030,0,0
202103221025,0,0
202103221020,0,0
202103221015,0,0
202103221010,0,0
202103221005,0,0
202103221000,0,0
202103220955,0,0
202103220950,0,0
202103220945,0,0
202103220940,0,0
202103220935,0,0
202103220930,0,0
202103220925,0,0
202103220920,0,0
202103220915,0,0
202103220910,0,0
202103220905,0,0
202103191530,0,0
202103191520,0,0
202103191515,0,0
202103191510,0,0
202103191505,0,0
202103191500,0,0
202103191455,0,0
202103191450,0,0
202103191445,0,0
202103191440,0,0
202103191435,0,0
202103191430,0,0
202103191425,2,60700
202103191420,0,0
202103191415,0,0
202103191410,0,0
202103191405,0,0
202103191400,0,0
202103191355,0,0
202103191350,0,0
202103191345,0,0
202103191340,0,0
202103191335,0,0
202103191330,0,0
202103191325,0,0
202103191320,0,0
202103191315,0,0
202103191310,0,0
202103191305,0,0
202103191300,0,0
202103191255,0,0
202103191250,0,0
202103191245,0,0
202103191240,0,0
202103191235,0,0
202103191230,0,0
202103191225,0,0
202103191220,0,0
202103191215,0,0
202103191210,0,0
202103191205,0,0
202103191200,0,0
202103191155,0,0
202103191150,0,0
202103191145,0,0
202103191140,0,0
202103191135,0,0
202103191130,0,0
202103191125,0,0
202103191120,0,0
202103191115,0,0
202103191110,0,0
202103191105,0,0
202103191100,0,0
202103191055,0,0
202103191050,0,0
202103191045,0,0
202103191040,0,0
202103191035,0,0
202103191030,0,0
202103191025,0,0
202103191020,0,0
202103191015,0,0
202103191010,0,0
202103191005,1,60900
202103191000,0,0
202103190955,0,0
202103190950,0,0
202103190945,0,0
202103190940,0,0
202103190935,0,0
202103190930,0,0
202103190925,0,0
202103190920,0,0
202103190915,0,0
202103190910,0,0
202103190905,0,0
202103181530,2,60700
202103181520,0,0
202103181515,0,0
202103181510,1,60300
202103181505,0,0
202103181500,0,0
202103181455,0,0
202103181450,0,0
202103181445,0,0
202103181440,0,0
202103181435,0,0
202103181430,2,60000
202103181425,0,0
202103181420,0,0
202103181415,1,60000
202103181410,0,0
202103181405,0,0
202103181400,0,0
202103181355,0,0
202103181350,0,0
202103181345,0,0
202103181340,0,0
202103181335,0,0
202103181330,0,0
202103181325,0,0
202103181320,0,0
202103181315,0,0
202103181310,0,0
202103181305,0,0
202103181300,0,0
202103181255,0,0
202103181250,0,0
202103181245,0,0
202103181240,0,0
202103181235,0,0
202103181230,0,0
202103181225,0,0
202103181220,0,0
202103181215,0,0
202103181210,0,0
202103181205,0,0
202103181200,0,0
202103181155,0,0
202103181150,0,0
202103181145,0,0
202103181140,0,0
202103181135,0,0
202103181130,0,0
202103181125,0,0
202103181120,0,0
202103181115,0,0
202103181110,0,0
202103181105,2,59600
202103181100,0,0
202103181055,1,59700
202103181050,0,0
202103181045,0,0
202103181040,0,0
202103181035,0,0
202103181030,0,0
202103181025,0,0
202103181020,0,0
202103181015,0,0
202103181010,0,0
202103181005,0,0
202103181000,2,59500
202103180955,0,0
202103180950,0,0
202103180945,0,0
202103180940,0,0
202103180935,0,0
202103180930,0,0
202103180925,0,0
202103180920,0,0
202103180915,0,0
202103180910,0,0
202103180905,0,0
202103171530,1,59900
202103171520,2,59700
202103171515,0,0
202103171510,0,0
202103171505,0,0
202103171500,0,0
202103171455,0,0
202103171450,0,0
202103171445,0,0
202103171440,0,0
202103171435,0,0
202103171430,0,0
202103171425,0,0
202103171420,0,0
202103171415,0,0
202103171410,0,0
202103171405,0,0
202103171400,0,0
202103171355,0,0
202103171350,0,0
202103171345,1,59300
202103171340,0,0
202103171335,0,0
202103171330,0,0
202103171325,2,59500
202103171320,0,0
202103171315,0,0
202103171310,0,0
202103171305,0,0
202103171300,0,0
202103171255,0,0
202103171250,0,0
202103171245,0,0
202103171240,0,0
202103171235,0,0
202103171230,0,0
202103171225,0,0
202103171220,0,0
202103171215,1,59600
202103171210,0,0
202103171205,0,0
202103171200,2,59400
202103171155,0,0
202103171150,0,0
202103171145,0,0
202103171140,0,0
202103171135,0,0
202103171130,0,0
202103171125,0,0
202103171120,0,0
202103171115,0,0
202103171110,0,0
202103171105,0,0
202103171100,0,0
202103171055,0,0
202103171050,0,0
202103171045,0,0
202103171040,1,59200
202103171035,0,0
202103171030,0,0
202103171025,0,0
202103171020,0,0
202103171015,0,0
202103171010,0,0
202103171005,0,0
202103171000,0,0
202103170955,0,0
202103170950,0,0
202103170945,0,0
202103170940,0,0
202103170935,0,0
202103170930,0,0
202103170925,0,0
202103170920,0,0
202103170915,0,0
202103170910,0,0
202103170905,0,0
202103161530,0,0
202103161520,2,59100
202103161515,0,0
202103161510,0,0
202103161505,0,0
202103161500,0,0
202103161455,0,0
202103161450,0,0
202103161445,0,0
202103161440,0,0
202103161435,0,0
202103161430,0,0
202103161425,0,0
202103161420,0,0
202103161415,0,0
202103161410,0,0
202103161405,0,0
202103161400,0,0
202103161355,0,0
202103161350,1,60000
202103161345,0,0
202103161340,0,0
202103161335,0,0
202103161330,0,0
202103161325,0,0
202103161320,0,0
202103161315,0,0
202103161310,0,0
202103161305,0,0
202103161300,0,0
202103161255,2,59800
202103161250,0,0
202103161245,0,0
202103161240,0,0
202103161235,0,0
202103161230,0,0
202103161225,0,0
202103161220,0,0
202103161215,0,0
202103161210,0,0
202103161205,0,0
202103161200,1,59500
202103161155,0,0
202103161150,2,59500
202103161145,0,0
202103161140,1,59600
202103161135,0,0
202103161130,0,0
202103161125,0,0
202103161120,0,0
202103161115,0,0
202103161110,0,0
202103161105,0,0
202103161100,0,0
202103161055,0,0
202103161050,0,0
202103161045,0,0
202103161040,2,59700
202103161035,0,0
202103161030,0,0
202103161025,0,0
202103161020,0,0
202103161015,0,0
202103161010,0,0
202103161005,0,0
202103161000,0,0
202103160955,0,0
202103160950,0,0
202103160945,0,0
202103160940,0,0
202103160935,0,0
202103160930,0,0
202103160925,0,0
202103160920,0,0
202103160915,0,0
202103160910,0,0
202103160905,0,0
202103151530,1,59100
202103151520,0,0
202103151515,0,0
202103151510,0,0
202103151505,0,0
202103151500,0,0
202103151455,0,0
202103151450,0,0
202103151445,0,0
202103151440,0,0
202103151435,0,0
202103151430,2,59100
202103151425,0,0
202103151420,0,0
202103151415,0,0
202103151410,0,0
202103151405,0,0
202103151400,0,0
202103151355,0,0
202103151350,1,59000
202103151345,0,0
202103151340,0,0
202103151335,0,0
202103151330,0,0
202103151325,0,0
202103151320,0,0
202103151315,0,0
202103151310,0,0
202103151305,2,58800
202103151300,0,0
202103151255,0,0
202103151250,0,0
202103151245,0,0
202103151240,0,0
202103151235,0,0
202103151230,1,58400
202103151225,0,0
202103151220,0,0
202103151215,0,0
202103151210,0,0
202103151205,2,58700
202103151200,0,0
202103151155,1,58600
202103151150,2,58600
202103151145,0,0
202103151140,0,0
202103151135,0,0
202103151130,0,0
202103151125,0,0
202103151120,0,0
202103151115,0,0
202103151110,0,0
202103151105,0,0
202103151100,0,0
202103151055,0,0
202103151050,0,0
202103151045,0,0
202103151040,0,0
202103151035,0,0
202103151030,0,0
202103151025,0,0
202103151020,1,58200
202103151015,0,0
202103151010,0,0
202103151005,0,0
202103151000,0,0
202103150955,0,0
202103150950,0,0
202103150945,0,0
202103150940,0,0
202103150935,0,0
202103150930,0,0
202103150925,0,0
202103150920,0,0
202103150915,0,0
202103150910,0,0
202103150905,0,0
202103121530,0,0
202103121520,0,0
202103121515,0,0
202103121510,0,0
202103121505,0,0
202103121500,0,0
202103121455,0,0
202103121450,0,0
202103121445,0,0
202103121440,0,0
202103121435,0,0
202103121430,2,58000
202103121425,0,0
202103121420,0,0
202103121415,0,0
202103121410,0,0
202103121405,0,0
202103121400,0,0
202103121355,0,0
202103121350,0,0
202103121345,0,0
202103121340,0,0
202103121335,0,0
202103121330,0,0
202103121325,0,0
202103121320,0,0
202103121315,0,0
202103121310,0,0
202103121305,0,0
202103121300,0,0
202103121255,0,0
202103121250,0,0
202103121245,0,0
202103121240,0,0
202103121235,0,0
202103121230,1,57700
202103121225,0,0
202103121220,0,0
202103121215,0,0
202103121210,0,0
202103121205,0,0
202103121200,0,0
202103121155,0,0
202103121150,0,0
202103121145,0,0
202103121140,0,0
202103121135,0,0
202103121130,0,0
202103121125,0,0
202103121120,0,0
202103121115,0,0
202103121110,0,0
202103121105,0,0
202103121100,0,0
202103121055,0,0
202103121050,0,0
202103121045,0,0
202103121040,0,0
202103121035,0,0
202103121030,0,0
202103121025,0,0
202103121020,0,0
202103121015,0,0
202103121010,0,0
202103121005,0,0
202103121000,0,0
202103120955,2,58500
202103120950,0,0
202103120945,0,0
202103120940,0,0
202103120935,0,0
202103120930,0,0
202103120925,0,0
202103120920,0,0
202103120915,0,0
202103120910,0,0
202103120905,0,0
202103111530,1,58000
202103111520,0,0
202103111515,0,0
202103111510,0,0
202103111505,2,57900
202103111500,0,0
202103111455,0,0
202103111450,0,0
202103111445,1,58000
202103111440,2,58400
202103111435,0,0
202103111430,0,0
202103111425,0,0
202103111420,1,58300
202103111415,0,0
202103111410,0,0
202103111405,0,0
202103111400,0,0
202103111355,0,0
202103111350,0,0
202103111345,0,0
202103111340,0,0
202103111335,0,0
202103111330,0,0
202103111325,0,0
202103111320,0,0
202103111315,0,0
202103111310,0,0
202103111305,0,0
202103111300,0,0
202103111255,0,0
202103111250,0,0
202103111245,0,0
202103111240,0,0
202103111235,0,0
202103111230,0,0
202103111225,0,0
202103111220,0,0
202103111215,0,0
202103111210,0,0
202103111205,0,0
202103111200,0,0
202103111155,0,0
202103111150,0,0
202103111145,0,0
202103111140,2,57900
202103111135,0,0
202103111130,0,0
202103111125,0,0
202103111120,0,0
202103111115,0,0
202103111110,0,0
202103111105,0,0
202103111100,0,0
202103111055,0,0
202103111050,0,0
202103111045,0,0
202103111040,0,0
202103111035,0,0
202103111030,0,0
202103111025,0,0
202103111020,0,0
202103111015,0,0
202103111010,0,0
202103111005,0,0
202103111000,0,0
202103110955,0,0
202103110950,0,0
202103110945,0,0
202103110940,0,0
202103110935,0,0
202103110930,0,0
202103110925,0,0
202103110920,0,0
202103110915,0,0
202103110910,0,0
202103110905,0,0
202103101530,0,0
202103101520,0,0
202103101515,0,0
202103101510,0,0
202103101505,0,0
202103101500,0,0
202103101455,0,0
202103101450,0,0
202103101445,0,0
202103101440,1,57900
202103101435,0,0
202103101430,0,0
202103101425,0,0
202103101420,0,0
202103101415,0,0
202103101410,0,0
202103101405,0,0
202103101400,0,0
202103101355,2,57900
202103101350,0,0
202103101345,0,0
202103101340,0,0
202103101335,1,57900
202103101330,0,0
202103101325,0,0
202103101320,0,0
202103101315,0,0
202103101310,0,0
202103101305,0,0
202103101300,0,0
202103101255,0,0
202103101250,0,0
202103101245,0,0
202103101240,0,0
202103101235,2,58000
202103101230,0,0
202103101225,0,0
202103101220,0,0
202103101215,0,0
202103101210,0,0
202103101205,0,0
202103101200,0,0
202103101155,0,0
202103101150,0,0
202103101145,1,57800
202103101140,0,0
202103101135,0,0
202103101130,0,0
202103101125,0,0
202103101120,0,0
202103101115,0,0
202103101110,0,0
202103101105,0,0
202103101100,0,0
202103101055,0,0
202103101050,0,0
202103101045,0,0
202103101040,0,0
202103101035,0,0
202103101030,0,0
202103101025,0,0
202103101020,0,0
202103101015,0,0
202103101010,0,0
202103101005,0,0
202103101000,0,0
202103100955,0,0
202103100950,0,0
202103100945,0,0
202103100940,0,0
202103100935,2,58000
202103100930,0,0
202103100925,0,0
202103100920,0,0
202103100915,0,0
202103100910,0,0
202103100905,0,0
202103091530,1,58300
202103091520,0,0
202103091515,0,0
202103091510,0,0
202103091505,0,0
202103091500,0,0
202103091455,2,58100
202103091450,0,0
202103091445,0,0
202103091440,0,0
202103091435,0,0
202103091430,0,0
202103091425,0,0
202103091420,0,0
202103091415,0,0
202103091410,0,0
202103091405,0,0
202103091400,0,0
202103091355,1,58200
202103091350,0,0
202103091345,0,0
202103091340,0,0
202103091335,0,0
202103091330,0,0
202103091325,0,0
202103091320,0,0
202103091315,2,58300
202103091310,0,0
202103091305,0,0
202103091300,0,0
202103091255,0,0
202103091250,0,0
202103091245,0,0
202103091240,0,0
202103091235,0,0
202103091230,0,0
202103091225,0,0
202103091220,0,0
202103091215,0,0
202103091210,0,0
202103091205,0,0
202103091200,0,0
202103091155,0,0
202103091150,0,0
202103091145,0,0
202103091140,0,0
202103091135,0,0
202103091130,0,0
202103091125,0,0
202103091120,0,0
202103091115,1,58500
202103091110,0,0
202103091105,0,0
202103091100,0,0
202103091055,0,0
202103091050,0,0
202103091045,0,0
202103091040,0,0
202103091035,0,0
202103091030,2,58700
202103091025,0,0
202103091020,0,0
202103091015,0,0
202103091010,0,0
202103091005,1,58600
202103091000,0,0
202103090955,0,0
202103090950,0,0
202103090945,0,0
202103090940,0,0
202103090935,0,0
202103090930,0,0
202103090925,0,0
202103090920,0,0
202103090915,0,0
202103090910,0,0
202103090905,2,58200
202103081530,0,0
202103081520,0,0
202103081515,0,0
202103081510,0,0
202103081505,0,0
202103081500,1,58700
202103081455,0,0
202103081450,0,0
202103081445,0,0
202103081440,0,0
202103081435,0,0
202103081430,0,0
202103081425,0,0
202103081420,0,0
202103081415,0,0
202103081410,2,58700
202103081405,1,58600
202103081400,0,0
202103081355,0,0
202103081350,0,0
202103081345,2,58600
202103081340,0,0
202103081335,0,0
202103081330,0,0
202103081325,0,0
202103081320,0,0
202103081315,0,0
202103081310,0,0
202103081305,0,0
202103081300,0,0
202103081255,0,0
202103081250,1,58500
202103081245,0,0
202103081240,0,0
202103081235,0,0
202103081230,0,0
202103081225,0,0
202103081220,0,0
202103081215,0,0
202103081210,0,0
202103081205,0,0
202103081200,0,0
202103081155,0,0
202103081150,0,0
202103081145,0,0
202103081140,0,0
202103081135,0,0
202103081130,0,0
202103081125,0,0
202103081120,0,0
202103081115,0,0
202103081110,0,0
202103081105,0,0
202103081100,0,0
202103081055,0,0
202103081050,0,0
202103081045,0,0
202103081040,0,0
202103081035,0,0
202103081030,0,0
202103081025,0,0
202103081020,0,0
202103081015,0,0
202103081010,0,0
202103081005,2,58300
202103081000,1,58300
202103080955,0,0
202103080950,2,58300
202103080945,1,58200
202103080940,0,0
202103080935,0,0
202103080930,0,0
202103080925,2,58400
202103080920,0,0
202103080915,0,0
202103080910,0,0
202103080905,0,0
202103051530,1,58200
202103051520,2,58000
202103051515,0,0
202103051510,0,0
202103051505,0,0
202103051500,0,0
202103051455,0,0
202103051450,0,0
202103051445,0,0
202103051440,0,0
202103051435,1,58300
202103051430,0,0
202103051425,0,0
202103051420,0,0
202103051415,0,0
202103051410,0,0
202103051405,0,0
202103051400,0,0
202103051355,0,0
202103051350,0,0
202103051345,0,0
202103051340,0,0
202103051335,2,58800
202103051330,0,0
202103051325,0,0
202103051320,0,0
202103051315,0,0
202103051310,0,0
202103051305,0,0
202103051300,0,0
202103051255,0,0
202103051250,0,0
202103051245,0,0
202103051240,0,0
202103051235,0,0
202103051230,0,0
202103051225,0,0
202103051220,0,0
202103051215,0,0
202103051210,0,0
202103051205,0,0
202103051200,0,0
202103051155,0,0
202103051150,0,0
202103051145,0,0
202103051140,0,0
202103051135,0,0
202103051130,0,0
202103051125,0,0
202103051120,0,0
202103051115,0,0
202103051110,0,0
202103051105,0,0
202103051100,0,0
202103051055,0,0
202103051050,0,0
202103051045,0,0
202103051040,0,0
202103051035,0,0
202103051030,0,0
202103051025,0,0
202103051020,0,0
202103051015,0,0
202103051010,1,58900
202103051005,0,0
202103051000,0,0
202103050955,0,0
202103050950,0,0
202103050945,0,0
202103050940,0,0
202103050935,0,0
202103050930,0,0
202103050925,0,0
202103050920,0,0
202103050915,0,0
202103050910,0,0
202103050905,0,0
202103041530,0,0
202103041520,0,0
202103041515,0,0
202103041510,0,0
202103041505,0,0
202103041500,0,0
202103041455,2,59600
202103041450,0,0
202103041445,0,0
202103041440,0,0
202103041435,0,0
202103041430,0,0
202103041425,0,0
202103041420,0,0
202103041415,0,0
202103041410,0,0
202103041405,0,0
202103041400,0,0
202103041355,0,0
202103041350,0,0
202103041345,0,0
202103041340,0,0
202103041335,0,0
202103041330,0,0
202103041325,1,59400
202103041320,0,0
202103041315,0,0
202103041310,2,59300
202103041305,0,0
202103041300,0,0
202103041255,0,0
202103041250,0,0
202103041245,0,0
202103041240,0,0
202103041235,0,0
202103041230,0,0
202103041225,0,0
202103041220,0,0
202103041215,0,0
202103041210,0,0
202103041205,0,0
202103041200,0,0
202103041155,0,0
202103041150,0,0
202103041145,0,0
202103041140,0,0
202103041135,1,59100
202103041130,2,59200
202103041125,0,0
202103041120,0,0
202103041115,0,0
202103041110,0,0
202103041105,0,0
202103041100,0,0
202103041055,0,0
202103041050,0,0
202103041045,0,0
202103041040,0,0
202103041035,0,0
202103041030,0,0
202103041025,0,0
202103041020,0,0
202103041015,1,58800
202103041010,0,0
202103041005,0,0
202103041000,0,0
202103040955,0,0
202103040950,0,0
202103040945,0,0
202103040940,0,0
202103040935,0,0
202103040930,0,0
202103040925,0,0
202103040920,0,0
202103040915,0,0
202103040910,0,0
202103040905,0,0
202103031530,2,58700
202103031520,0,0
202103031515,0,0
202103031510,0,0
202103031505,0,0
202103031500,0,0
202103031455,0,0
202103031450,0,0
202103031445,0,0
202103031440,0,0
202103031435,0,0
202103031430,0,0
202103031425,0,0
202103031420,0,0
202103031415,1,59000
202103031410,0,0
202103031405,0,0
202103031400,0,0
202103031355,0,0
202103031350,0,0
202103031345,0,0
202103031340,0,0
202103031335,2,59300
202103031330,0,0
202103031325,0,0
202103031320,0,0
202103031315,0,0
202103031310,0,0
202103031305,0,0
202103031300,0,0
202103031255,0,0
202103031250,0,0
202103031245,0,0
202103031240,0,0
202103031235,0,0
202103031230,0,0
202103031225,0,0
202103031220,0,0
202103031215,0,0
202103031210,0,0
202103031205,0,0
202103031200,0,0
202103031155,0,0
202103031150,0,0
202103031145,0,0
202103031140,0,0
202103031135,0,0
202103031130,0,0
202103031125,0,0
202103031120,0,0
202103031115,0,0
202103031110,0,0
202103031105,0,0
202103031100,0,0
202103031055,0,0
202103031050,0,0
202103031045,1,59600
202103031040,0,0
202103031035,0,0
202103031030,0,0
202103031025,0,0
202103031020,0,0
202103031015,0,0
202103031010,0,0
202103031005,2,59600
202103031000,0,0
202103030955,0,0
202103030950,0,0
202103030945,1,59800
202103030940,0,0
202103030935,0,0
202103030930,0,0
202103030925,0,0
202103030920,2,59800
202103030915,0,0
202103030910,0,0
202103030905,0,0
202103021530,0,0
202103021520,0,0
202103021515,0,0
202103021510,0,0
202103021505,0,0
202103021500,0,0
202103021455,0,0
202103021450,0,0
202103021445,0,0
202103021440,1,60100
202103021435,0,0
202103021430,0,0
202103021425,0,0
202103021420,0,0
202103021415,0,0
202103021410,0,0
202103021405,0,0
202103021400,0,0
202103021355,0,0
202103021350,0,0
202103021345,0,0
202103021340,2,59600
202103021335,0,0
202103021330,1,59800
202103021325,2,59800
202103021320,0,0
202103021315,0,0
202103021310,0,0
202103021305,0,0
202103021300,0,0
202103021255,1,59700
202103021250,0,0
202103021245,0,0
202103021240,0,0
202103021235,0,0
202103021230,0,0
202103021225,0,0
202103021220,0,0
202103021215,0,0
202103021210,0,0
202103021205,0,0
202103021200,0,0
202103021155,0,0
202103021150,0,0
202103021145,0,0
202103021140,0,0
202103021135,0,0
202103021130,0,0
202103021125,0,0
202103021120,0,0
202103021115,0,0
202103021110,0,0
202103021105,0,0
202103021100,0,0
202103021055,0,0
202103021050,0,0
202103021045,0,0
202103021040,0,0
202103021035,0,0
202103021030,0,0
202103021025,0,0
202103021020,0,0
202103021015,0,0
202103021010,0,0
202103021005,2,60000
202103021000,0,0
202103020955,0,0
202103020950,0,0
202103020945,0,0
202103020940,0,0
202103020935,0,0
202103020930,0,0
202103020925,0,0
202103020920,0,0
202103020915,0,0
202103020910,0,0
202103020905,0,0
202103021530,0,0
202103021520,0,0
202103021515,0,0
202103021510,0,0
202103021505,0,0
202103021500,0,0
202103021455,0,0
202103021450,0,0
202103021445,0,0
202103021440,1,60100
202103021435,0,0
202103021430,0,0
202103021425,0,0
202103021420,0,0
202103021415,0,0
202103021410,0,0
202103021405,0,0
202103021400,0,0
202103021355,0,0
202103021350,0,0
202103021345,0,0
202103021340,0,0
202103021335,0,0
202103021330,0,0
202103021325,0,0
202103021320,2,60300
202103021315,0,0
202103021310,0,0
202103021305,0,0
202103021300,1,60300
202103021255,0,0
202103021250,0,0
202103021245,0,0
202103021240,0,0
202103021235,0,0
202103021230,0,0
202103021225,0,0
202103021220,0,0
202103021215,0,0
202103021210,0,0
202103021205,0,0
202103021200,0,0
202103021155,0,0
202103021150,0,0
202103021145,0,0
202103021140,0,0
202103021135,0,0
202103021130,0,0
202103021125,0,0
202103021120,0,0
202103021115,0,0
202103021110,0,0
202103021105,0,0
202103021100,0,0
202103021055,0,0
202103021050,0,0
202103021045,0,0
202103021040,0,0
202103021035,0,0
202103021030,0,0
202103021025,0,0
202103021020,0,0
202103021015,0,0
202103021010,0,0
202103021005,2,60400
202103021000,0,0
202103020955,0,0
202103020950,0,0
202103020945,0,0
202103020940,0,0
202103020935,0,0
202103020930,0,0
202103020925,0,0
202103020920,0,0
202103020915,0,0
202103020910,0,0
202103020905,0,0
202102261530,0,0
202102261520,0,0
202102261515,0,0
202102261510,0,0
202102261505,0,0
202102261500,0,0
202102261455,0,0
202102261450,0,0
202102261445,0,0
202102261440,0,0
202102261435,0,0
202102261430,0,0
202102261425,0,0
202102261420,0,0
202102261415,0,0
202102261410,0,0
202102261405,0,0
202102261400,0,0
202102261355,0,0
202102261350,0,0
202102261345,0,0
202102261340,0,0
202102261335,0,0
202102261330,0,0
202102261325,0,0
202102261320,0,0
202102261315,0,0
202102261310,0,0
202102261305,0,0
202102261300,1,60600
202102261255,2,60600
202102261250,0,0
202102261245,0,0
202102261240,0,0
202102261235,0,0
202102261230,0,0
202102261225,0,0
202102261220,0,0
202102261215,0,0
202102261210,0,0
202102261205,0,0
202102261200,0,0
202102261155,0,0
202102261150,0,0
202102261145,0,0
202102261140,0,0
202102261135,0,0
202102261130,0,0
202102261125,0,0
202102261120,0,0
202102261115,0,0
202102261110,0,0
202102261105,0,0
202102261100,0,0
202102261055,0,0
202102261050,0,0
202102261045,0,0
202102261040,0,0
202102261035,0,0
202102261030,0,0
202102261025,0,0
202102261020,0,0
202102261015,0,0
202102261010,1,60800
202102261005,0,0
202102261000,0,0
202102260955,0,0
202102260950,0,0
202102260945,0,0
202102260940,0,0
202102260935,0,0
202102260930,0,0
202102260925,0,0
202102260920,0,0
202102260915,0,0
202102260910,0,0
202102260905,0,0
202102251530,0,0
202102251520,0,0
202102251515,0,0
202102251510,0,0
202102251505,0,0
202102251500,0,0
202102251455,0,0
202102251450,0,0
202102251445,2,60700
202102251440,0,0
202102251435,0,0
202102251430,1,60500
202102251425,0,0
202102251420,0,0
202102251415,2,60800
202102251410,0,0
202102251405,0,0
202102251400,0,0
202102251355,0,0
202102251350,0,0
202102251345,0,0
202102251340,0,0
202102251335,0,0
202102251330,0,0
202102251325,0,0
202102251320,0,0
202102251315,0,0
202102251310,0,0
202102251305,0,0
202102251300,0,0
202102251255,0,0
202102251250,0,0
202102251245,0,0
202102251240,0,0
202102251235,1,60800
202102251230,0,0
202102251225,0,0
202102251220,0,0
202102251215,0,0
202102251210,0,0
202102251205,0,0
202102251200,0,0
202102251155,0,0
202102251150,0,0
202102251145,0,0
202102251140,0,0
202102251135,0,0
202102251130,0,0
202102251125,2,60900
202102251120,0,0
202102251115,1,60900
202102251110,0,0
202102251105,0,0
202102251100,0,0
202102251055,0,0
202102251050,0,0
202102251045,0,0
202102251040,0,0
202102251035,0,0
202102251030,0,0
202102251025,0,0
202102251020,0,0
202102251015,0,0
202102251010,2,60700
202102251005,0,0
202102251000,0,0
202102250955,0,0
202102250950,0,0
202102250945,0,0
202102250940,0,0
202102250935,0,0
202102250930,0,0
202102250925,0,0
202102250920,0,0
202102250915,0,0
202102250910,0,0
202102250905,0,0
202102241530,0,0
202102241520,1,60300
202102241515,0,0
202102241510,0,0
202102241505,0,0
202102241500,0,0
202102241455,0,0
202102241450,0,0
202102241445,0,0
202102241440,0,0
202102241435,0,0
202102241430,0,0
202102241425,0,0
202102241420,0,0
202102241415,0,0
202102241410,0,0
202102241405,0,0
202102241400,0,0
202102241355,0,0
202102241350,0,0
202102241345,2,59900
202102241340,0,0
202102241335,1,59900
202102241330,0,0
202102241325,0,0
202102241320,0,0
202102241315,0,0
202102241310,0,0
202102241305,0,0
202102241300,0,0
202102241255,0,0
202102241250,0,0
202102241245,0,0
202102241240,0,0
202102241235,0,0
202102241230,0,0
202102241225,0,0
202102241220,0,0
202102241215,0,0
202102241210,0,0
202102241205,0,0
202102241200,0,0
202102241155,0,0
202102241150,0,0
202102241145,0,0
202102241140,2,59900
202102241135,0,0
202102241130,0,0
202102241125,0,0
202102241120,0,0
202102241115,0,0
202102241110,0,0
202102241105,0,0
202102241100,0,0
202102241055,0,0
202102241050,0,0
202102241045,0,0
202102241040,0,0
202102241035,0,0
202102241030,0,0
202102241025,0,0
202102241020,0,0
202102241015,0,0
202102241010,0,0
202102241005,0,0
202102241000,0,0
202102240955,0,0
202102240950,0,0
202102240945,0,0
202102240940,1,60200
202102240935,0,0
202102240930,0,0
202102240925,0,0
202102240920,0,0
202102240915,0,0
202102240910,0,0
202102240905,0,0
202102231530,0,0
202102231520,0,0
202102231515,0,0
202102231510,0,0
202102231505,0,0
202102231500,0,0
202102231455,0,0
202102231450,0,0
202102231445,0,0
202102231440,0,0
202102231435,0,0
202102231430,0,0
202102231425,0,0
202102231420,2,59800
202102231415,0,0
202102231410,0,0
202102231405,0,0
202102231400,0,0
202102231355,0,0
202102231350,0,0
202102231345,0,0
202102231340,0,0
202102231335,0,0
202102231330,0,0
202102231325,0,0
202102231320,0,0
202102231315,0,0
202102231310,0,0
202102231305,0,0
202102231300,0,0
202102231255,0,0
202102231250,0,0
202102231245,0,0
202102231240,0,0
202102231235,0,0
202102231230,0,0
202102231225,0,0
202102231220,0,0
202102231215,0,0
202102231210,0,0
202102231205,0,0
202102231200,0,0
202102231155,0,0
202102231150,0,0
202102231145,0,0
202102231140,0,0
202102231135,0,0
202102231130,0,0
202102231125,0,0
202102231120,0,0
202102231115,0,0
202102231110,0,0
202102231105,0,0
202102231100,0,0
202102231055,0,0
202102231050,0,0
202102231045,0,0
202102231040,0,0
202102231035,0,0
202102231030,0,0
202102231025,0,0
202102231020,0,0
202102231015,1,59400
202102231010,0,0
202102231005,0,0
202102231000,0,0
202102230955,0,0
202102230950,0,0
202102230945,0,0
202102230940,0,0
202102230935,0,0
202102230930,0,0
202102230925,0,0
202102230920,0,0
202102230915,0,0
202102230910,0,0
202102230905,0,0
202102221530,2,60000
202102221520,0,0
202102221515,0,0
202102221510,0,0
202102221505,1,60100
202102221500,0,0
202102221455,0,0
202102221450,0,0
202102221445,0,0
202102221440,0,0
202102221435,0,0
202102221430,0,0
202102221425,0,0
202102221420,0,0
202102221415,0,0
202102221410,0,0
202102221405,0,0
202102221400,0,0
202102221355,0,0
202102221350,0,0
202102221345,0,0
202102221340,0,0
202102221335,2,60000
202102221330,0,0
202102221325,0,0
202102221320,0,0
202102221315,0,0
202102221310,0,0
202102221305,0,0
202102221300,0,0
202102221255,0,0
202102221250,0,0
202102221245,0,0
202102221240,1,59900
202102221235,0,0
202102221230,0,0
202102221225,0,0
202102221220,0,0
202102221215,0,0
202102221210,0,0
202102221205,0,0
202102221200,0,0
202102221155,0,0
202102221150,0,0
202102221145,0,0
202102221140,0,0
202102221135,0,0
202102221130,0,0
202102221125,0,0
202102221120,0,0
202102221115,0,0
202102221110,0,0
202102221105,0,0
202102221100,0,0
202102221055,0,0
202102221050,0,0
202102221045,0,0
202102221040,0,0
202102221035,0,0
202102221030,0,0
202102221025,0,0
202102221020,0,0
202102221015,0,0
202102221010,2,59900
202102221005,0,0
202102221000,0,0
202102220955,0,0
202102220950,0,0
202102220945,0,0
202102220940,0,0
202102220935,0,0
202102220930,0,0
202102220925,0,0
202102220920,0,0
202102220915,0,0
202102220910,0,0
202102220905,0,0
202102191530,0,0
202102191520,0,0
202102191515,0,0
202102191510,0,0
202102191505,0,0
202102191500,0,0
202102191455,0,0
202102191450,0,0
202102191445,0,0
202102191440,0,0
202102191435,0,0
202102191430,0,0
202102191425,0,0
202102191420,0,0
202102191415,0,0
202102191410,0,0
202102191405,0,0
202102191400,0,0
202102191355,0,0
202102191350,0,0
202102191345,0,0
202102191340,0,0
202102191335,0,0
202102191330,0,0
202102191325,0,0
202102191320,0,0
202102191315,0,0
202102191310,0,0
202102191305,0,0
202102191300,0,0
202102191255,0,0
202102191250,0,0
202102191245,0,0
202102191240,0,0
202102191235,0,0
202102191230,0,0
202102191225,0,0
202102191220,0,0
202102191215,0,0
202102191210,0,0
202102191205,0,0
202102191200,0,0
202102191155,1,60500
202102191150,0,0
202102191145,0,0
202102191140,0,0
202102191135,0,0
202102191130,0,0
202102191125,0,0
202102191120,0,0
202102191115,0,0
202102191110,0,0
202102191105,0,0
202102191100,0,0
202102191055,0,0
202102191050,0,0
202102191045,0,0
202102191040,0,0
202102191035,0,0
202102191030,0,0
202102191025,0,0
202102191020,0,0
202102191015,0,0
202102191010,2,60800
202102191005,1,60700
202102191000,0,0
202102190955,2,60700
202102190950,0,0
202102190945,0,0
202102190940,0,0
202102190935,0,0
202102190930,0,0
202102190925,1,60700
202102190920,0,0
202102190915,0,0
202102190910,2,60900
202102190905,0,0
202102181530,1,61200
202102181520,0,0
202102181515,0,0
202102181510,0,0
202102181505,0,0
202102181500,0,0
202102181455,0,0
202102181450,2,61100
202102181445,0,0
202102181440,0,0
202102181435,0,0
202102181430,0,0
202102181425,0,0
202102181420,0,0
202102181415,0,0
202102181410,0,0
202102181405,0,0
202102181400,0,0
202102181355,0,0
202102181350,0,0
202102181345,0,0
202102181340,0,0
202102181335,0,0
202102181330,0,0
202102181325,1,61200
202102181320,0,0
202102181315,0,0
202102181310,0,0
202102181305,0,0
202102181300,0,0
202102181255,0,0
202102181250,0,0
202102181245,0,0
202102181240,0,0
202102181235,0,0
202102181230,2,61100
202102181225,0,0
202102181220,0,0
202102181215,0,0
202102181210,0,0
202102181205,0,0
202102181200,0,0
202102181155,0,0
202102181150,0,0
202102181145,0,0
202102181140,0,0
202102181135,0,0
202102181130,1,61100
202102181125,0,0
202102181120,0,0
202102181115,0,0
202102181110,0,0
202102181105,0,0
202102181100,0,0
202102181055,0,0
202102181050,0,0
202102181045,0,0
202102181040,0,0
202102181035,0,0
202102181030,0,0
202102181025,0,0
202102181020,0,0
202102181015,0,0
202102181010,0,0
202102181005,0,0
202102181000,2,60700
202102180955,0,0
202102180950,0,0
202102180945,0,0
202102180940,1,60800
202102180935,0,0
202102180930,0,0
202102180925,0,0
202102180920,0,0
202102180915,0,0
202102180910,2,60800
202102180905,0,0
202102171530,1,60200
202102171520,0,0
202102171515,2,60000
202102171510,0,0
202102171505,0,0
202102171500,0,0
202102171455,0,0
202102171450,0,0
202102171445,0,0
202102171440,0,0
202102171435,0,0
202102171430,0,0
202102171425,0,0
202102171420,0,0
202102171415,0,0
202102171410,0,0
202102171405,1,60200
202102171400,2,60100
202102171355,0,0
202102171350,0,0
202102171345,0,0
202102171340,0,0
202102171335,1,60100
202102171330,0,0
202102171325,0,0
202102171320,0,0
202102171315,0,0
202102171310,0,0
202102171305,0,0
202102171300,2,59900
202102171255,0,0
202102171250,0,0
202102171245,0,0
202102171240,0,0
202102171235,0,0
202102171230,0,0
202102171225,0,0
202102171220,0,0
202102171215,0,0
202102171210,0,0
202102171205,0,0
202102171200,0,0
202102171155,0,0
202102171150,0,0
202102171145,0,0
202102171140,0,0
202102171135,0,0
202102171130,0,0
202102171125,0,0
202102171120,0,0
202102171115,0,0
202102171110,0,0
202102171105,0,0
202102171100,0,0
202102171055,0,0
202102171050,0,0
202102171045,0,0
202102171040,0,0
202102171035,0,0
202102171030,0,0
202102171025,1,59900
202102171020,0,0
202102171015,0,0
202102171010,0,0
202102171005,0,0
202102171000,0,0
202102170955,0,0
202102170950,0,0
202102170945,0,0
202102170940,0,0
202102170935,0,0
202102170930,0,0
202102170925,0,0
202102170920,0,0
202102170915,0,0
202102170910,0,0
202102170905,0,0
202102161530,2,60200
202102161520,0,0
202102161515,1,60000
202102161510,0,0
202102161505,0,0
202102161500,0,0
202102161455,0,0
202102161450,0,0
202102161445,0,0
202102161440,0,0
202102161435,0,0
202102161430,0,0
202102161425,2,60100
202102161420,0,0
202102161415,0,0
202102161410,0,0
202102161405,0,0
202102161400,0,0
202102161355,0,0
202102161350,0,0
202102161345,0,0
202102161340,0,0
202102161335,0,0
202102161330,0,0
202102161325,0,0
202102161320,0,0
202102161315,0,0
202102161310,0,0
202102161305,0,0
202102161300,0,0
202102161255,1,60200
202102161250,0,0
202102161245,0,0
202102161240,0,0
202102161235,0,0
202102161230,0,0
202102161225,0,0
202102161220,0,0
202102161215,0,0
202102161210,0,0
202102161205,0,0
202102161200,0,0
202102161155,0,0
202102161150,0,0
202102161145,0,0
202102161140,0,0
202102161135,0,0
202102161130,0,0
202102161125,0,0
202102161120,0,0
202102161115,0,0
202102161110,0,0
202102161105,0,0
202102161100,0,0
202102161055,0,0
202102161050,0,0
202102161045,0,0
202102161040,0,0
202102161035,0,0
202102161030,0,0
202102161025,0,0
202102161020,0,0
202102161015,0,0
202102161010,0,0
202102161005,2,60300
202102161000,0,0
202102160955,0,0
202102160950,0,0
202102160945,0,0
202102160940,0,0
202102160935,0,0
202102160930,0,0
202102160925,0,0
202102160920,0,0
202102160915,0,0
202102160910,0,0
202102160905,0,0
202102151530,1,60900
202102151520,0,0
202102151515,0,0
202102151510,0,0
202102151505,2,60300
202102151500,1,60300
202102151455,0,0
202102151450,0,0
202102151445,0,0
202102151440,0,0
202102151435,2,60600
202102151430,0,0
202102151425,0,0
202102151420,0,0
202102151415,0,0
202102151410,1,60600
202102151405,0,0
202102151400,0,0
202102151355,0,0
202102151350,0,0
202102151345,0,0
202102151340,0,0
202102151335,0,0
202102151330,0,0
202102151325,2,60500
202102151320,0,0
202102151315,1,60600
202102151310,0,0
202102151305,0,0
202102151300,0,0
202102151255,0,0
202102151250,0,0
202102151245,0,0
202102151240,0,0
202102151235,0,0
202102151230,0,0
202102151225,0,0
202102151220,0,0
202102151215,0,0
202102151210,0,0
202102151205,0,0
202102151200,0,0
202102151155,0,0
202102151150,0,0
202102151145,0,0
202102151140,0,0
202102151135,0,0
202102151130,0,0
202102151125,0,0
202102151120,0,0
202102151115,0,0
202102151110,0,0
202102151105,0,0
202102151100,0,0
202102151055,0,0
202102151050,0,0
202102151045,0,0
202102151040,0,0
202102151035,0,0
202102151030,0,0
202102151025,0,0
202102151020,2,60400
202102151015,0,0
202102151010,0,0
202102151005,0,0
202102151000,0,0
202102150955,0,0
202102150950,0,0
202102150945,0,0
202102150940,0,0
202102150935,0,0
202102150930,0,0
202102150925,0,0
202102150920,0,0
202102150915,0,0
202102150910,0,0
202102150905,0,0
202102101530,1,59800
202102101520,0,0
202102101515,0,0
202102101510,0,0
202102101505,0,0
202102101500,0,0
202102101455,0,0
202102101450,0,0
202102101445,2,60000
202102101440,0,0
202102101435,0,0
202102101430,0,0
202102101425,0,0
202102101420,0,0
202102101415,0,0
202102101410,0,0
202102101405,0,0
202102101400,0,0
202102101355,0,0
202102101350,0,0
202102101345,0,0
202102101340,0,0
202102101335,0,0
202102101330,0,0
202102101325,0,0
202102101320,1,59900
202102101315,0,0
202102101310,0,0
202102101305,0,0
202102101300,0,0
202102101255,0,0
202102101250,0,0
202102101245,0,0
202102101240,2,59900
202102101235,0,0
202102101230,0,0
202102101225,0,0
202102101220,0,0
202102101215,0,0
202102101210,0,0
202102101205,0,0
202102101200,0,0
202102101155,0,0
202102101150,0,0
202102101145,0,0
202102101140,0,0
202102101135,0,0
202102101130,0,0
202102101125,0,0
202102101120,0,0
202102101115,0,0
202102101110,0,0
202102101105,0,0
202102101100,0,0
202102101055,0,0
202102101050,0,0
202102101045,1,59700
202102101040,0,0
202102101035,0,0
202102101030,0,0
202102101025,0,0
202102101020,0,0
202102101015,0,0
202102101010,0,0
202102101005,0,0
202102101000,0,0
202102100955,0,0
202102100950,0,0
202102100945,0,0
202102100940,0,0
202102100935,0,0
202102100930,0,0
202102100925,0,0
202102100920,0,0
202102100915,0,0
202102100910,0,0
202102100905,0,0
202102091530,0,0
202102091520,0,0
202102091515,0,0
202102091510,0,0
202102091505,0,0
202102091500,2,59000
202102091455,1,58800
202102091450,2,58900
202102091445,0,0
202102091440,0,0
202102091435,0,0
202102091430,0,0
202102091425,0,0
202102091420,0,0
202102091415,0,0
202102091410,0,0
202102091405,0,0
202102091400,1,59100
202102091355,0,0
202102091350,2,59000
202102091345,0,0
202102091340,0,0
202102091335,1,59000
202102091330,0,0
202102091325,0,0
202102091320,0,0
202102091315,0,0
202102091310,0,0
202102091305,0,0
202102091300,0,0
202102091255,0,0
202102091250,0,0
202102091245,0,0
202102091240,0,0
202102091235,0,0
202102091230,0,0
202102091225,0,0
202102091220,0,0
202102091215,0,0
202102091210,0,0
202102091205,0,0
202102091200,0,0
202102091155,0,0
202102091150,0,0
202102091145,0,0
202102091140,0,0
202102091135,0,0
202102091130,0,0
202102091125,0,0
202102091120,0,0
202102091115,0,0
202102091110,0,0
202102091105,0,0
202102091100,0,0
202102091055,0,0
202102091050,0,0
202102091045,0,0
202102091040,0,0
202102091035,0,0
202102091030,0,0
202102091025,0,0
202102091020,0,0
202102091015,2,59000
202102091010,0,0
202102091005,0,0
202102091000,0,0
202102090955,0,0
202102090950,0,0
202102090945,0,0
202102090940,0,0
202102090935,0,0
202102090930,0,0
202102090925,0,0
202102090920,0,0
202102090915,0,0
202102090910,0,0
202102090905,0,0
202102081530,1,58400
202102081520,0,0
202102081515,0,0
202102081510,0,0
202102081505,0,0
202102081500,0,0
202102081455,0,0
202102081450,0,0
202102081445,0,0
202102081440,0,0
202102081435,0,0
202102081430,0,0
202102081425,0,0
202102081420,0,0
202102081415,0,0
202102081410,0,0
202102081405,0,0
202102081400,0,0
202102081355,0,0
202102081350,0,0
202102081345,0,0
202102081340,0,0
202102081335,0,0
202102081330,0,0
202102081325,0,0
202102081320,0,0
202102081315,0,0
202102081310,0,0
202102081305,0,0
202102081300,0,0
202102081255,0,0
202102081250,0,0
202102081245,2,57900
202102081240,0,0
202102081235,0,0
202102081230,0,0
202102081225,0,0
202102081220,0,0
202102081215,0,0
202102081210,0,0
202102081205,0,0
202102081200,0,0
202102081155,0,0
202102081150,0,0
202102081145,1,57700
202102081140,0,0
202102081135,0,0
202102081130,0,0
202102081125,0,0
202102081120,0,0
202102081115,0,0
202102081110,0,0
202102081105,0,0
202102081100,0,0
202102081055,0,0
202102081050,0,0
202102081045,0,0
202102081040,0,0
202102081035,2,57900
202102081030,0,0
202102081025,0,0
202102081020,1,58000
202102081015,0,0
202102081010,0,0
202102081005,0,0
202102081000,0,0
202102080955,0,0
202102080950,0,0
202102080945,2,58000
202102080940,0,0
202102080935,0,0
202102080930,0,0
202102080925,0,0
202102080920,0,0
202102080915,1,58300
202102080910,0,0
202102080905,2,58100
202102051530,0,0
202102051520,0,0
202102051515,0,0
202102051510,0,0
202102051505,0,0
202102051500,0,0
202102051455,0,0
202102051450,0,0
202102051445,0,0
202102051440,0,0
202102051435,0,0
202102051430,0,0
202102051425,0,0
202102051420,0,0
202102051415,0,0
202102051410,0,0
202102051405,0,0
202102051400,0,0
202102051355,0,0
202102051350,0,0
202102051345,1,57700
202102051340,2,57700
202102051335,0,0
202102051330,0,0
202102051325,0,0
202102051320,0,0
202102051315,0,0
202102051310,0,0
202102051305,1,57500
202102051300,0,0
202102051255,0,0
202102051250,0,0
202102051245,0,0
202102051240,0,0
202102051235,0,0
202102051230,0,0
202102051225,0,0
202102051220,0,0
202102051215,0,0
202102051210,0,0
202102051205,0,0
202102051200,0,0
202102051155,0,0
202102051150,0,0
202102051145,0,0
202102051140,2,57300
202102051135,0,0
202102051130,0,0
202102051125,0,0
202102051120,0,0
202102051115,0,0
202102051110,0,0
202102051105,0,0
202102051100,0,0
202102051055,1,57400
202102051050,0,0
202102051045,0,0
202102051040,0,0
202102051035,0,0
202102051030,0,0
202102051025,0,0
202102051020,0,0
202102051015,0,0
202102051010,0,0
202102051005,0,0
202102051000,0,0
202102050955,0,0
202102050950,0,0
202102050945,2,57100
202102050940,0,0
202102050935,0,0
202102050930,0,0
202102050925,0,0
202102050920,0,0
202102050915,0,0
202102050910,0,0
202102050905,0,0
202102041530,0,0
202102041520,0,0
202102041515,0,0
202102041510,0,0
202102041505,0,0
202102041500,0,0
202102041455,0,0
202102041450,0,0
202102041445,0,0
202102041440,0,0
202102041435,0,0
202102041430,0,0
202102041425,0,0
202102041420,0,0
202102041415,0,0
202102041410,0,0
202102041405,0,0
202102041400,0,0
202102041355,0,0
202102041350,0,0
202102041345,1,57400
202102041340,0,0
202102041335,0,0
202102041330,2,57300
202102041325,1,57400
202102041320,2,57100
202102041315,0,0
202102041310,1,57000
202102041305,0,0
202102041300,0,0
202102041255,0,0
202102041250,0,0
202102041245,0,0
202102041240,0,0
202102041235,0,0
202102041230,0,0
202102041225,0,0
202102041220,2,56800
202102041215,0,0
202102041210,1,57000
202102041205,2,57000
202102041200,1,56900
202102041155,2,57000
202102041150,0,0
202102041145,0,0
202102041140,0,0
202102041135,0,0
202102041130,0,0
202102041125,0,0
202102041120,0,0
202102041115,0,0
202102041110,0,0
202102041105,0,0
202102041100,0,0
202102041055,0,0
202102041050,0,0
202102041045,0,0
202102041040,0,0
202102041035,0,0
202102041030,1,57200
202102041025,0,0
202102041020,0,0
202102041015,0,0
202102041010,0,0
202102041005,0,0
202102041000,0,0
202102040955,0,0
202102040950,0,0
202102040945,0,0
202102040940,0,0
202102040935,0,0
202102040930,0,0
202102040925,0,0
202102040920,0,0
202102040915,0,0
202102040910,0,0
202102040905,0,0
202102031530,2,56300
202102031520,0,0
202102031515,0,0
202102031510,0,0
202102031505,1,56500
202102031500,0,0
202102031455,0,0
202102031450,2,57100
202102031445,1,57000
202102031440,2,57100
202102031435,0,0
202102031430,0,0
202102031425,0,0
202102031420,1,57300
202102031415,0,0
202102031410,0,0
202102031405,2,57500
202102031400,0,0
202102031355,0,0
202102031350,0,0
202102031345,0,0
202102031340,0,0
202102031335,0,0
202102031330,0,0
202102031325,0,0
202102031320,0,0
202102031315,0,0
202102031310,0,0
202102031305,0,0
202102031300,0,0
202102031255,0,0
202102031250,0,0
202102031245,0,0
202102031240,0,0
202102031235,0,0
202102031230,0,0
202102031225,1,56900
202102031220,2,56800
202102031215,1,57000
202102031210,0,0
202102031205,0,0
202102031200,0,0
202102031155,2,57000
202102031150,0,0
202102031145,0,0
202102031140,0,0
202102031135,1,57000
202102031130,0,0
202102031125,0,0
202102031120,0,0
202102031115,0,0
202102031110,0,0
202102031105,0,0
202102031100,0,0
202102031055,0,0
202102031050,0,0
202102031045,0,0
202102031040,0,0
202102031035,0,0
202102031030,0,0
202102031025,0,0
202102031020,0,0
202102031015,0,0
202102031010,2,57400
202102031005,0,0
202102031000,0,0
202102030955,0,0
202102030950,0,0
202102030945,0,0
202102030940,0,0
202102030935,0,0
202102030930,0,0
202102030925,0,0
202102030920,1,57300
202102030915,2,57400
202102030910,0,0
202102030905,1,57400
202102021530,2,58000
202102021520,0,0
202102021515,0,0
202102021510,0,0
202102021505,0,0
202102021500,0,0
202102021455,0,0
202102021450,0,0
202102021445,0,0
202102021440,0,0
202102021435,0,0
202102021430,0,0
202102021425,0,0
202102021420,1,58300
202102021415,0,0
202102021410,0,0
202102021405,0,0
202102021400,0,0
202102021355,0,0
202102021350,0,0
202102021345,0,0
202102021340,0,0
202102021335,0,0
202102021330,0,0
202102021325,0,0
202102021320,0,0
202102021315,0,0
202102021310,0,0
202102021305,0,0
202102021300,0,0
202102021255,0,0
202102021250,0,0
202102021245,0,0
202102021240,0,0
202102021235,0,0
202102021230,0,0
202102021225,0,0
202102021220,0,0
202102021215,0,0
202102021210,0,0
202102021205,0,0
202102021200,0,0
202102021155,0,0
202102021150,0,0
202102021145,0,0
202102021140,0,0
202102021135,0,0
202102021130,0,0
202102021125,0,0
202102021120,0,0
202102021115,0,0
202102021110,2,58800
202102021105,0,0
202102021100,0,0
202102021055,0,0
202102021050,0,0
202102021045,0,0
202102021040,0,0
202102021035,0,0
202102021030,0,0
202102021025,0,0
202102021020,0,0
202102021015,0,0
202102021010,0,0
202102021005,0,0
202102021000,0,0
202102020955,0,0
202102020950,0,0
202102020945,0,0
202102020940,0,0
202102020935,0,0
202102020930,0,0
202102020925,0,0
202102020920,0,0
202102020915,0,0
202102020910,0,0
202102020905,0,0
202102011530,0,0
202102011520,0,0
202102011515,1,58600
202102011510,0,0
202102011505,0,0
202102011500,0,0
202102011455,0,0
202102011450,0,0
202102011445,0,0
202102011440,0,0
202102011435,0,0
202102011430,0,0
202102011425,0,0
202102011420,0,0
202102011415,0,0
202102011410,0,0
202102011405,0,0
202102011400,0,0
202102011355,0,0
202102011350,0,0
202102011345,0,0
202102011340,0,0
202102011335,0,0
202102011330,0,0
202102011325,0,0
202102011320,0,0
202102011315,0,0
202102011310,0,0
202102011305,2,58100
202102011300,0,0
202102011255,0,0
202102011250,0,0
202102011245,0,0
202102011240,0,0
202102011235,0,0
202102011230,0,0
202102011225,0,0
202102011220,1,58300
202102011215,0,0
202102011210,0,0
202102011205,0,0
202102011200,0,0
202102011155,0,0
202102011150,0,0
202102011145,0,0
202102011140,0,0
202102011135,0,0
202102011130,0,0
202102011125,0,0
202102011120,0,0
202102011115,0,0
202102011110,2,58800
202102011105,0,0
202102011100,0,0
202102011055,0,0
202102011050,0,0
202102011045,0,0
202102011040,0,0
202102011035,0,0
202102011030,0,0
202102011025,0,0
202102011020,0,0
202102011015,0,0
202102011010,0,0
202102011005,0,0
202102011000,0,0
202102010955,0,0
202102010950,0,0
202102010945,0,0
202102010940,1,58600
202102010935,0,0
202102010930,0,0
202102010925,0,0
202102010920,0,0
202102010915,0,0
202102010910,0,0
202102010905,0,0
202101291530,2,59100
202101291520,0,0
202101291515,0,0
202101291510,0,0
202101291505,0,0
202101291500,0,0
202101291455,0,0
202101291450,0,0
202101291445,1,59700
202101291440,0,0
202101291435,0,0
202101291430,0,0
202101291425,0,0
202101291420,0,0
202101291415,0,0
202101291410,0,0
202101291405,0,0
202101291400,0,0
202101291355,0,0
202101291350,0,0
202101291345,0,0
202101291340,0,0
202101291335,0,0
202101291330,0,0
202101291325,0,0
202101291320,0,0
202101291315,0,0
202101291310,0,0
202101291305,0,0
202101291300,0,0
202101291255,0,0
202101291250,0,0
202101291245,0,0
202101291240,0,0
202101291235,0,0
202101291230,0,0
202101291225,0,0
202101291220,0,0
202101291215,0,0
202101291210,0,0
202101291205,0,0
202101291200,0,0
202101291155,0,0
202101291150,0,0
202101291145,0,0
202101291140,0,0
202101291135,0,0
202101291130,0,0
202101291125,0,0
202101291120,0,0
202101291115,0,0
202101291110,0,0
202101291105,0,0
202101291100,0,0
202101291055,0,0
202101291050,2,59600
202101291045,0,0
202101291040,0,0
202101291035,0,0
202101291030,0,0
202101291025,0,0
202101291020,0,0
202101291015,0,0
202101291010,1,59900
202101291005,0,0
202101291000,0,0
202101290955,0,0
202101290950,0,0
202101290945,0,0
202101290940,2,59900
202101290935,0,0
202101290930,0,0
202101290925,0,0
202101290920,0,0
202101290915,0,0
202101290910,0,0
202101290905,0,0
202101281530,0,0
202101281520,1,60500
202101281515,0,0
202101281510,0,0
202101281505,2,60200
202101281500,0,0
202101281455,1,60100
202101281450,2,60100
202101281445,0,0
202101281440,0,0
202101281435,0,0
202101281430,0,0
202101281425,0,0
202101281420,0,0
202101281415,0,0
202101281410,0,0
202101281405,0,0
202101281400,0,0
202101281355,0,0
202101281350,1,59900
202101281345,0,0
202101281340,0,0
202101281335,0,0
202101281330,2,59900
202101281325,0,0
202101281320,0,0
202101281315,0,0
202101281310,0,0
202101281305,0,0
202101281300,0,0
202101281255,1,59800
202101281250,0,0
202101281245,0,0
202101281240,0,0
202101281235,0,0
202101281230,0,0
202101281225,0,0
202101281220,0,0
202101281215,0,0
202101281210,0,0
202101281205,0,0
202101281200,0,0
202101281155,0,0
202101281150,0,0
202101281145,0,0
202101281140,0,0
202101281135,0,0
202101281130,0,0
202101281125,2,59900
202101281120,0,0
202101281115,0,0
202101281110,0,0
202101281105,0,0
202101281100,0,0
202101281055,0,0
202101281050,0,0
202101281045,0,0
202101281040,0,0
202101281035,0,0
202101281030,0,0
202101281025,0,0
202101281020,0,0
202101281015,0,0
202101281010,0,0
202101281005,1,59900
202101281000,0,0
202101280955,0,0
202101280950,0,0
202101280945,0,0
202101280940,0,0
202101280935,0,0
202101280930,0,0
202101280925,0,0
202101280920,0,0
202101280915,0,0
202101280910,0,0
202101280905,0,0
202101271530,0,0
202101271520,0,0
202101271515,0,0
202101271510,0,0
202101271505,2,60700
202101271500,0,0
202101271455,0,0
202101271450,0,0
202101271445,0,0
202101271440,0,0
202101271435,0,0
202101271430,0,0
202101271425,0,0
202101271420,0,0
202101271415,0,0
202101271410,0,0
202101271405,0,0
202101271400,0,0
202101271355,0,0
202101271350,1,60700
202101271345,0,0
202101271340,0,0
202101271335,2,60600
202101271330,0,0
202101271325,0,0
202101271320,0,0
202101271315,0,0
202101271310,0,0
202101271305,0,0
202101271300,0,0
202101271255,0,0
202101271250,0,0
202101271245,0,0
202101271240,0,0
202101271235,0,0
202101271230,1,60500
202101271225,0,0
202101271220,0,0
202101271215,0,0
202101271210,0,0
202101271205,0,0
202101271200,0,0
202101271155,0,0
202101271150,0,0
202101271145,0,0
202101271140,0,0
202101271135,0,0
202101271130,0,0
202101271125,0,0
202101271120,0,0
202101271115,0,0
202101271110,0,0
202101271105,0,0
202101271100,0,0
202101271055,2,60500
202101271050,0,0
202101271045,0,0
202101271040,0,0
202101271035,0,0
202101271030,0,0
202101271025,0,0
202101271020,0,0
202101271015,0,0
202101271010,0,0
202101271005,0,0
202101271000,0,0
202101270955,0,0
202101270950,0,0
202101270945,0,0
202101270940,0,0
202101270935,0,0
202101270930,0,0
202101270925,1,60400
202101270920,0,0
202101270915,2,60200
202101270910,0,0
202101270905,0,0
202101261530,0,0
202101261520,0,0
202101261515,0,0
202101261510,0,0
202101261505,0,0
202101261500,0,0
202101261455,0,0
202101261450,0,0
202101261445,0,0
202101261440,0,0
202101261435,0,0
202101261430,0,0
202101261425,0,0
202101261420,0,0
202101261415,0,0
202101261410,0,0
202101261405,0,0
202101261400,1,60300
202101261355,0,0
202101261350,0,0
202101261345,0,0
202101261340,0,0
202101261335,0,0
202101261330,0,0
202101261325,2,60000
202101261320,0,0
202101261315,0,0
202101261310,0,0
202101261305,0,0
202101261300,0,0
202101261255,0,0
202101261250,0,0
202101261245,0,0
202101261240,0,0
202101261235,0,0
202101261230,0,0
202101261225,0,0
202101261220,0,0
202101261215,0,0
202101261210,0,0
202101261205,0,0
202101261200,0,0
202101261155,0,0
202101261150,0,0
202101261145,0,0
202101261140,0,0
202101261135,0,0
202101261130,0,0
202101261125,1,59800
202101261120,0,0
202101261115,0,0
202101261110,0,0
202101261105,0,0
202101261100,0,0
202101261055,0,0
202101261050,0,0
202101261045,0,0
202101261040,0,0
202101261035,0,0
202101261030,0,0
202101261025,0,0
202101261020,0,0
202101261015,0,0
202101261010,0,0
202101261005,0,0
202101261000,0,0
202101260955,0,0
202101260950,0,0
202101260945,0,0
202101260940,0,0
202101260935,0,0
202101260930,0,0
202101260925,0,0
202101260920,0,0
202101260915,0,0
202101260910,0,0
202101260905,0,0
202101251530,0,0
202101251520,0,0
202101251515,2,60700
202101251510,0,0
202101251505,0,0
202101251500,0,0
202101251455,0,0
202101251450,0,0
202101251445,0,0
202101251440,0,0
202101251435,0,0
202101251430,0,0
202101251425,0,0
202101251420,1,60900
202101251415,0,0
202101251410,0,0
202101251405,0,0
202101251400,0,0
202101251355,0,0
202101251350,0,0
202101251345,0,0
202101251340,0,0
202101251335,0,0
202101251330,0,0
202101251325,0,0
202101251320,0,0
202101251315,0,0
202101251310,0,0
202101251305,0,0
202101251300,0,0
202101251255,0,0
202101251250,0,0
202101251245,0,0
202101251240,2,60900
202101251235,0,0
202101251230,0,0
202101251225,0,0
202101251220,0,0
202101251215,0,0
202101251210,0,0
202101251205,0,0
202101251200,0,0
202101251155,0,0
202101251150,0,0
202101251145,0,0
202101251140,0,0
202101251135,0,0
202101251130,0,0
202101251125,0,0
202101251120,0,0
202101251115,0,0
202101251110,0,0
202101251105,1,61000
202101251100,0,0
202101251055,0,0
202101251050,2,61100
202101251045,0,0
202101251040,0,0
202101251035,0,0
202101251030,0,0
202101251025,0,0
202101251020,0,0
202101251015,0,0
202101251010,0,0
202101251005,0,0
202101251000,0,0
202101250955,0,0
202101250950,0,0
202101250945,0,0
202101250940,0,0
202101250935,0,0
202101250930,0,0
202101250925,1,61200
202101250920,0,0
202101250915,0,0
202101250910,0,0
202101250905,0,0
202101221530,0,0
202101221520,0,0
202101221515,0,0
202101221510,0,0
202101221505,0,0
202101221500,0,0
202101221455,0,0
202101221450,0,0
202101221445,0,0
202101221440,0,0
202101221435,0,0
202101221430,2,61000
202101221425,0,0
202101221420,1,61100
202101221415,0,0
202101221410,2,61000
202101221405,1,61100
202101221400,0,0
202101221355,0,0
202101221350,0,0
202101221345,0,0
202101221340,0,0
202101221335,0,0
202101221330,0,0
202101221325,0,0
202101221320,0,0
202101221315,0,0
202101221310,0,0
202101221305,0,0
202101221300,0,0
202101221255,0,0
202101221250,0,0
202101221245,0,0
202101221240,0,0
202101221235,0,0
202101221230,0,0
202101221225,0,0
202101221220,0,0
202101221215,0,0
202101221210,0,0
202101221205,0,0
202101221200,0,0
202101221155,0,0
202101221150,0,0
202101221145,0,0
202101221140,0,0
202101221135,0,0
202101221130,0,0
202101221125,0,0
202101221120,0,0
202101221115,0,0
202101221110,0,0
202101221105,0,0
202101221100,0,0
202101221055,0,0
202101221050,0,0
202101221045,0,0
202101221040,0,0
202101221035,0,0
202101221030,0,0
202101221025,0,0
202101221020,0,0
202101221015,0,0
202101221010,0,0
202101221005,0,0
202101221000,0,0
202101220955,0,0
202101220950,2,61100
202101220945,0,0
202101220940,0,0
202101220935,0,0
202101220930,0,0
202101220925,0,0
202101220920,0,0
202101220915,0,0
202101220910,0,0
202101220905,0,0
202101211530,0,0
202101211520,0,0
202101211515,0,0
202101211510,1,62300
202101211505,0,0
202101211500,0,0
202101211455,0,0
202101211450,0,0
202101211445,0,0
202101211440,0,0
202101211435,0,0
202101211430,2,61800
202101211425,0,0
202101211420,0,0
202101211415,0,0
202101211410,0,0
202101211405,0,0
202101211400,0,0
202101211355,0,0
202101211350,0,0
202101211345,0,0
202101211340,0,0
202101211335,0,0
202101211330,1,61800
202101211325,0,0
202101211320,0,0
202101211315,0,0
202101211310,0,0
202101211305,0,0
202101211300,0,0
202101211255,0,0
202101211250,0,0
202101211245,2,62000
202101211240,0,0
202101211235,0,0
202101211230,0,0
202101211225,0,0
202101211220,0,0
202101211215,0,0
202101211210,0,0
202101211205,0,0
202101211200,0,0
202101211155,0,0
202101211150,0,0
202101211145,0,0
202101211140,0,0
202101211135,1,62100
202101211130,0,0
202101211125,2,62200
202101211120,0,0
202101211115,0,0
202101211110,0,0
202101211105,0,0
202101211100,1,62400
202101211055,0,0
202101211050,0,0
202101211045,0,0
202101211040,0,0
202101211035,0,0
202101211030,0,0
202101211025,0,0
202101211020,0,0
202101211015,0,0
202101211010,0,0
202101211005,0,0
202101211000,0,0
202101210955,0,0
202101210950,0,0
202101210945,0,0
202101210940,0,0
202101210935,2,62800
202101210930,0,0
202101210925,0,0
202101210920,0,0
202101210915,0,0
202101210910,0,0
202101210905,0,0
202101201530,0,0
202101201520,0,0
202101201515,0,0
202101201510,0,0
202101201505,0,0
202101201500,0,0
202101201455,0,0
202101201450,0,0
202101201445,0,0
202101201440,0,0
202101201435,0,0
202101201430,0,0
202101201425,0,0
202101201420,1,65400
202101201415,0,0
202101201410,0,0
202101201405,0,0
202101201400,2,65600
202101201355,0,0
202101201350,1,65500
202101201345,0,0
202101201340,0,0
202101201335,0,0
202101201330,0,0
202101201325,0,0
202101201320,0,0
202101201315,0,0
202101201310,0,0
202101201305,0,0
202101201300,0,0
202101201255,0,0
202101201250,0,0
202101201245,0,0
202101201240,0,0
202101201235,0,0
202101201230,0,0
202101201225,0,0
202101201220,0,0
202101201215,0,0
202101201210,0,0
202101201205,2,66400
202101201200,0,0
202101201155,0,0
202101201150,0,0
202101201145,0,0
202101201140,0,0
202101201135,0,0
202101201130,0,0
202101201125,0,0
202101201120,0,0
202101201115,0,0
202101201110,0,0
202101201105,1,65800
202101201100,0,0
202101201055,0,0
202101201050,0,0
202101201045,0,0
202101201040,0,0
202101201035,0,0
202101201030,0,0
202101201025,0,0
202101201020,0,0
202101201015,0,0
202101201010,0,0
202101201005,0,0
202101201000,0,0
202101200955,0,0
202101200950,2,66200
202101200945,0,0
202101200940,0,0
202101200935,0,0
202101200930,0,0
202101200925,0,0
202101200920,0,0
202101200915,0,0
202101200910,0,0
202101200905,0,0
202101191530,1,66500
202101191520,0,0
202101191515,0,0
202101191510,0,0
202101191505,0,0
202101191500,0,0
202101191455,0,0
202101191450,0,0
202101191445,0,0
202101191440,0,0
202101191435,0,0
202101191430,0,0
202101191425,2,66400
202101191420,1,66500
202101191415,0,0
202101191410,0,0
202101191405,0,0
202101191400,0,0
202101191355,0,0
202101191350,0,0
202101191345,0,0
202101191340,0,0
202101191335,0,0
202101191330,0,0
202101191325,0,0
202101191320,0,0
202101191315,0,0
202101191310,0,0
202101191305,0,0
202101191300,0,0
202101191255,0,0
202101191250,2,66200
202101191245,0,0
202101191240,0,0
202101191235,0,0
202101191230,0,0
202101191225,0,0
202101191220,1,66100
202101191215,0,0
202101191210,2,66000
202101191205,0,0
202101191200,0,0
202101191155,0,0
202101191150,0,0
202101191145,0,0
202101191140,0,0
202101191135,0,0
202101191130,0,0
202101191125,0,0
202101191120,0,0
202101191115,0,0
202101191110,0,0
202101191105,0,0
202101191100,0,0
202101191055,0,0
202101191050,0,0
202101191045,0,0
202101191040,0,0
202101191035,0,0
202101191030,0,0
202101191025,0,0
202101191020,0,0
202101191015,0,0
202101191010,0,0
202101191005,0,0
202101191000,0,0
202101190955,0,0
202101190950,0,0
202101190945,0,0
202101190940,0,0
202101190935,0,0
202101190930,1,65900
202101190925,0,0
202101190920,0,0
202101190915,0,0
202101190910,0,0
202101190905,0,0
202101181530,0,0
202101181520,0,0
202101181515,0,0
202101181510,0,0
202101181505,2,65200
202101181500,1,65200
202101181455,0,0
202101181450,0,0
202101181445,0,0
202101181440,0,0
202101181435,0,0
202101181430,0,0
202101181425,0,0
202101181420,2,65200
202101181415,0,0
202101181410,0,0
202101181405,0,0
202101181400,0,0
202101181355,1,65100
202101181350,0,0
202101181345,0,0
202101181340,0,0
202101181335,0,0
202101181330,0,0
202101181325,0,0
202101181320,0,0
202101181315,0,0
202101181310,0,0
202101181305,0,0
202101181300,0,0
202101181255,2,64800
202101181250,0,0
202101181245,0,0
202101181240,0,0
202101181235,0,0
202101181230,0,0
202101181225,0,0
202101181220,0,0
202101181215,0,0
202101181210,0,0
202101181205,0,0
202101181200,0,0
202101181155,0,0
202101181150,0,0
202101181145,0,0
202101181140,0,0
202101181135,0,0
202101181130,0,0
202101181125,0,0
202101181120,0,0
202101181115,0,0
202101181110,0,0
202101181105,0,0
202101181100,0,0
202101181055,0,0
202101181050,0,0
202101181045,0,0
202101181040,0,0
202101181035,0,0
202101181030,0,0
202101181025,0,0
202101181020,0,0
202101181015,0,0
202101181010,0,0
202101181005,0,0
202101181000,0,0
202101180955,1,65000
202101180950,0,0
202101180945,0,0
202101180940,0,0
202101180935,0,0
202101180930,0,0
202101180925,0,0
202101180920,0,0
202101180915,0,0
202101180910,0,0
202101180905,0,0
202101151530,0,0
202101151520,0,0
202101151515,0,0
202101151510,0,0
202101151505,0,0
202101151500,0,0
202101151455,2,64500
202101151450,0,0
202101151445,0,0
202101151440,0,0
202101151435,0,0
202101151430,0,0
202101151425,0,0
202101151420,0,0
202101151415,0,0
202101151410,0,0
202101151405,0,0
202101151400,0,0
202101151355,0,0
202101151350,0,0
202101151345,0,0
202101151340,0,0
202101151335,0,0
202101151330,0,0
202101151325,1,64200
202101151320,0,0
202101151315,0,0
202101151310,0,0
202101151305,0,0
202101151300,2,64100
202101151255,0,0
202101151250,0,0
202101151245,0,0
202101151240,0,0
202101151235,0,0
202101151230,0,0
202101151225,0,0
202101151220,0,0
202101151215,0,0
202101151210,0,0
202101151205,0,0
202101151200,0,0
202101151155,0,0
202101151150,0,0
202101151145,0,0
202101151140,0,0
202101151135,1,64100
202101151130,0,0
202101151125,0,0
202101151120,0,0
202101151115,0,0
202101151110,0,0
202101151105,0,0
202101151100,0,0
202101151055,0,0
202101151050,0,0
202101151045,0,0
202101151040,0,0
202101151035,0,0
202101151030,0,0
202101151025,0,0
202101151020,0,0
202101151015,0,0
202101151010,0,0
202101151005,0,0
202101151000,0,0
202101150955,0,0
202101150950,0,0
202101150945,2,64500
202101150940,0,0
202101150935,0,0
202101150930,0,0
202101150925,0,0
202101150920,0,0
202101150915,0,0
202101150910,0,0
202101150905,0,0
202101141530,0,0
202101141520,0,0
202101141515,0,0
202101141510,0,0
202101141505,0,0
202101141500,0,0
202101141455,0,0
202101141450,0,0
202101141445,0,0
202101141440,1,64700
202101141435,0,0
202101141430,0,0
202101141425,0,0
202101141420,2,64600
202101141415,0,0
202101141410,0,0
202101141405,0,0
202101141400,0,0
202101141355,1,64700
202101141350,0,0
202101141345,0,0
202101141340,0,0
202101141335,0,0
202101141330,0,0
202101141325,0,0
202101141320,0,0
202101141315,0,0
202101141310,0,0
202101141305,0,0
202101141300,0,0
202101141255,0,0
202101141250,0,0
202101141245,2,64600
202101141240,0,0
202101141235,0,0
202101141230,0,0
202101141225,0,0
202101141220,0,0
202101141215,0,0
202101141210,0,0
202101141205,0,0
202101141200,0,0
202101141155,0,0
202101141150,0,0
202101141145,0,0
202101141140,0,0
202101141135,1,64500
202101141130,0,0
202101141125,0,0
202101141120,0,0
202101141115,0,0
202101141110,0,0
202101141105,0,0
202101141100,0,0
202101141055,0,0
202101141050,0,0
202101141045,0,0
202101141040,0,0
202101141035,2,64700
202101141030,1,64600
202101141025,2,64600
202101141020,0,0
202101141015,1,64500
202101141010,2,64500
202101141005,0,0
202101141000,0,0
202101140955,0,0
202101140950,0,0
202101140945,0,0
202101140940,0,0
202101140935,0,0
202101140930,0,0
202101140925,1,64600
202101140920,0,0
202101140915,0,0
202101140910,0,0
202101140905,0,0
202101131530,0,0
202101131520,0,0
202101131515,0,0
202101131510,0,0
202101131505,0,0
202101131500,0,0
202101131455,0,0
202101131450,0,0
202101131445,0,0
202101131440,0,0
202101131435,0,0
202101131430,0,0
202101131425,0,0
202101131420,0,0
202101131415,0,0
202101131410,0,0
202101131405,0,0
202101131400,2,66900
202101131355,0,0
202101131350,0,0
202101131345,1,66900
202101131340,0,0
202101131335,0,0
202101131330,0,0
202101131325,0,0
202101131320,0,0
202101131315,2,66800
202101131310,0,0
202101131305,0,0
202101131300,0,0
202101131255,0,0
202101131250,0,0
202101131245,0,0
202101131240,0,0
202101131235,0,0
202101131230,0,0
202101131225,0,0
202101131220,0,0
202101131215,0,0
202101131210,0,0
202101131205,0,0
202101131200,1,67000
202101131155,2,67100
202101131150,0,0
202101131145,0,0
202101131140,0,0
202101131135,0,0
202101131130,1,67100
202101131125,0,0
202101131120,0,0
202101131115,0,0
202101131110,0,0
202101131105,0,0
202101131100,0,0
202101131055,0,0
202101131050,0,0
202101131045,0,0
202101131040,0,0
202101131035,0,0
202101131030,0,0
202101131025,0,0
202101131020,0,0
202101131015,0,0
202101131010,0,0
202101131005,0,0
202101131000,0,0
202101130955,0,0
202101130950,0,0
202101130945,0,0
202101130940,0,0
202101130935,2,67300
202101130930,0,0
202101130925,0,0
202101130920,0,0
202101130915,0,0
202101130910,0,0
202101130905,0,0
202101121530,0,0
202101121520,0,0
202101121515,0,0
202101121510,0,0
202101121505,0,0
202101121500,0,0
202101121455,0,0
202101121450,0,0
202101121445,0,0
202101121440,0,0
202101121435,0,0
202101121430,0,0
202101121425,0,0
202101121420,0,0
202101121415,0,0
202101121410,0,0
202101121405,1,68400
202101121400,0,0
202101121355,0,0
202101121350,0,0
202101121345,0,0
202101121340,0,0
202101121335,0,0
202101121330,0,0
202101121325,0,0
202101121320,0,0
202101121315,0,0
202101121310,0,0
202101121305,0,0
202101121300,0,0
202101121255,0,0
202101121250,0,0
202101121245,0,0
202101121240,0,0
202101121235,0,0
202101121230,0,0
202101121225,0,0
202101121220,0,0
202101121215,0,0
202101121210,2,68600
202101121205,1,68700
202101121200,0,0
202101121155,0,0
202101121150,0,0
202101121145,2,68700
202101121140,0,0
202101121135,0,0
202101121130,0,0
202101121125,0,0
202101121120,0,0
202101121115,0,0
202101121110,0,0
202101121105,0,0
202101121100,0,0
202101121055,0,0
202101121050,0,0
202101121045,0,0
202101121040,0,0
202101121035,0,0
202101121030,0,0
202101121025,0,0
202101121020,0,0
202101121015,0,0
202101121010,0,0
202101121005,0,0
202101121000,0,0
202101120955,0,0
202101120950,0,0
202101120945,1,68000
202101120940,0,0
202101120935,0,0
202101120930,0,0
202101120925,0,0
202101120920,0,0
202101120915,0,0
202101120910,0,0
202101120905,0,0
202101111530,2,68000
202101111520,0,0
202101111515,0,0
202101111510,0,0
202101111505,0,0
202101111500,1,67900
202101111455,0,0
202101111450,2,67800
202101111445,0,0
202101111440,0,0
202101111435,0,0
202101111430,0,0
202101111425,0,0
202101111420,0,0
202101111415,0,0
202101111410,0,0
202101111405,0,0
202101111400,0,0
202101111355,1,67900
202101111350,0,0
202101111345,0,0
202101111340,0,0
202101111335,0,0
202101111330,0,0
202101111325,0,0
202101111320,0,0
202101111315,0,0
202101111310,0,0
202101111305,0,0
202101111300,0,0
202101111255,0,0
202101111250,0,0
202101111245,0,0
202101111240,0,0
202101111235,0,0
202101111230,0,0
202101111225,0,0
202101111220,0,0
202101111215,0,0
202101111210,0,0
202101111205,0,0
202101111200,0,0
202101111155,0,0
202101111150,0,0
202101111145,0,0
202101111140,0,0
202101111135,0,0
202101111130,0,0
202101111125,0,0
202101111120,0,0
202101111115,0,0
202101111110,0,0
202101111105,0,0
202101111100,0,0
202101111055,0,0
202101111050,0,0
202101111045,0,0
202101111040,0,0
202101111035,2,66900
202101111030,0,0
202101111025,0,0
202101111020,0,0
202101111015,0,0
202101111010,0,0
202101111005,0,0
202101111000,0,0
202101110955,0,0
202101110950,0,0
202101110945,0,0
202101110940,0,0
202101110935,0,0
202101110930,0,0
202101110925,0,0
202101110920,0,0
202101110915,0,0
202101110910,0,0
202101110905,0,0
202101081530,0,0
202101081520,0,0
202101081515,0,0
202101081510,0,0
202101081505,0,0
202101081500,0,0
202101081455,0,0
202101081450,0,0
202101081445,0,0
202101081440,0,0
202101081435,0,0
202101081430,0,0
202101081425,0,0
202101081420,0,0
202101081415,0,0
202101081410,0,0
202101081405,0,0
202101081400,0,0
202101081355,0,0
202101081350,0,0
202101081345,0,0
202101081340,0,0
202101081335,1,67600
202101081330,2,67500
202101081325,0,0
202101081320,0,0
202101081315,0,0
202101081310,0,0
202101081305,0,0
202101081300,0,0
202101081255,0,0
202101081250,0,0
202101081245,0,0
202101081240,0,0
202101081235,1,67400
202101081230,0,0
202101081225,0,0
202101081220,0,0
202101081215,0,0
202101081210,0,0
202101081205,0,0
202101081200,2,67200
202101081155,0,0
202101081150,0,0
202101081145,0,0
202101081140,0,0
202101081135,0,0
202101081130,0,0
202101081125,0,0
202101081120,0,0
202101081115,0,0
202101081110,1,67200
202101081105,0,0
202101081100,2,67300
202101081055,0,0
202101081050,0,0
202101081045,1,67400
202101081040,0,0
202101081035,0,0
202101081030,0,0
202101081025,0,0
202101081020,0,0
202101081015,0,0
202101081010,0,0
202101081005,0,0
202101081000,0,0
202101080955,2,67500
202101080950,0,0
202101080945,0,0
202101080940,0,0
202101080935,0,0
202101080930,0,0
202101080925,0,0
202101080920,0,0
202101080915,0,0
202101080910,1,67800
202101080905,0,0
202101071530,0,0
202101071520,0,0
202101071515,0,0
202101071510,0,0
202101071505,0,0
202101071500,0,0
202101071455,0,0
202101071450,0,0
202101071445,0,0
202101071440,0,0
202101071435,0,0
202101071430,0,0
202101071425,0,0
202101071420,0,0
202101071415,0,0
202101071410,0,0
202101071405,0,0
202101071400,2,68100
202101071355,0,0
202101071350,0,0
202101071345,0,0
202101071340,0,0
202101071335,0,0
202101071330,0,0
202101071325,0,0
202101071320,0,0
202101071315,0,0
202101071310,0,0
202101071305,0,0
202101071300,0,0
202101071255,0,0
202101071250,1,67900
202101071245,0,0
202101071240,0,0
202101071235,0,0
202101071230,0,0
202101071225,0,0
202101071220,0,0
202101071215,0,0
202101071210,0,0
202101071205,0,0
202101071200,0,0
202101071155,0,0
202101071150,0,0
202101071145,2,68200
202101071140,0,0
202101071135,0,0
202101071130,0,0
202101071125,0,0
202101071120,0,0
202101071115,0,0
202101071110,0,0
202101071105,0,0
202101071100,0,0
202101071055,0,0
202101071050,0,0
202101071045,1,68200
202101071040,0,0
202101071035,0,0
202101071030,0,0
202101071025,0,0
202101071020,2,68100
202101071015,0,0
202101071010,0,0
202101071005,0,0
202101071000,0,0
202101070955,0,0
202101070950,0,0
202101070945,0,0
202101070940,0,0
202101070935,0,0
202101070930,0,0
202101070925,0,0
202101070920,0,0
202101070915,0,0
202101070910,1,68200
202101070905,0,0
202101061530,0,0
202101061520,0,0
202101061515,0,0
202101061510,0,0
202101061505,0,0
202101061500,0,0
202101061455,0,0
202101061450,0,0
202101061445,0,0
202101061440,2,67700
202101061435,0,0
202101061430,0,0
202101061425,0,0
202101061420,0,0
202101061415,0,0
202101061410,1,67700
202101061405,2,67800
202101061400,0,0
202101061355,0,0
202101061350,0,0
202101061345,0,0
202101061340,0,0
202101061335,0,0
202101061330,0,0
202101061325,0,0
202101061320,1,67900
202101061315,0,0
202101061310,0,0
202101061305,0,0
202101061300,0,0
202101061255,0,0
202101061250,0,0
202101061245,0,0
202101061240,0,0
202101061235,0,0
202101061230,0,0
202101061225,0,0
202101061220,0,0
202101061215,0,0
202101061210,0,0
202101061205,0,0
202101061200,0,0
202101061155,2,67600
202101061150,0,0
202101061145,0,0
202101061140,0,0
202101061135,0,0
202101061130,0,0
202101061125,1,67700
202101061120,0,0
202101061115,0,0
202101061110,0,0
202101061105,0,0
202101061100,0,0
202101061055,0,0
202101061050,0,0
202101061045,0,0
202101061040,0,0
202101061035,0,0
202101061030,0,0
202101061025,0,0
202101061020,0,0
202101061015,0,0
202101061010,0,0
202101061005,0,0
202101061000,0,0
202101060955,0,0
202101060950,0,0
202101060945,0,0
202101060940,2,67100
202101060935,0,0
202101060930,0,0
202101060925,0,0
202101060920,0,0
202101060915,0,0
202101060910,0,0
202101060905,0,0
202101051530,0,0
202101051520,0,0
202101051515,0,0
202101051510,0,0
202101051505,0,0
202101051500,0,0
202101051455,0,0
202101051450,0,0
202101051445,0,0
202101051440,0,0
202101051435,0,0
202101051430,0,0
202101051425,0,0
202101051420,0,0
202101051415,0,0
202101051410,0,0
202101051405,1,67800
202101051400,0,0
202101051355,0,0
202101051350,0,0
202101051345,0,0
202101051340,0,0
202101051335,0,0
202101051330,0,0
202101051325,0,0
202101051320,0,0
202101051315,0,0
202101051310,0,0
202101051305,0,0
202101051300,0,0
202101051255,0,0
202101051250,2,67300
202101051245,0,0
202101051240,0,0
202101051235,0,0
202101051230,0,0
202101051225,0,0
202101051220,0,0
202101051215,0,0
202101051210,0,0
202101051205,0,0
202101051200,0,0
202101051155,0,0
202101051150,0,0
202101051145,0,0
202101051140,0,0
202101051135,0,0
202101051130,0,0
202101051125,0,0
202101051120,0,0
202101051115,0,0
202101051110,1,67700
202101051105,0,0
202101051100,0,0
202101051055,0,0
202101051050,0,0
202101051045,0,0
202101051040,0,0
202101051035,0,0
202101051030,0,0
202101051025,0,0
202101051020,2,67900
202101051015,0,0
202101051010,0,0
202101051005,0,0
202101051000,0,0
202101050955,0,0
202101050950,1,68100
202101050945,0,0
202101050940,0,0
202101050935,0,0
202101050930,0,0
202101050925,0,0
202101050920,0,0
202101050915,0,0
202101050910,0,0
202101050905,0,0
202101041530,0,0
202101041520,0,0
202101041515,0,0
202101041510,0,0
202101041505,0,0
202101041500,0,0
202101041455,0,0
202101041450,0,0
202101041445,0,0
202101041440,0,0
202101041435,0,0
202101041430,0,0
202101041425,0,0
202101041420,0,0
202101041415,0,0
202101041410,0,0
202101041405,0,0
202101041400,0,0
202101041355,0,0
202101041350,0,0
202101041345,0,0
202101041340,0,0
202101041335,0,0
202101041330,0,0
202101041325,0,0
202101041320,0,0
202101041315,0,0
202101041310,0,0
202101041305,0,0
202101041300,0,0
202101041255,0,0
202101041250,0,0
202101041245,0,0
202101041240,0,0
202101041235,0,0
202101041230,0,0
202101041225,0,0
202101041220,0,0
202101041215,0,0
202101041210,0,0
202101041205,2,69700
202101041200,0,0
202101041155,0,0
202101041150,0,0
202101041145,0,0
202101041140,0,0
202101041135,0,0
202101041130,0,0
202101041125,0,0
202101041120,0,0
202101041115,0,0
202101041110,0,0
202101041105,0,0
202101041100,0,0
202101041055,1,69500
202101041050,0,0
202101041045,0,0
202101041040,0,0
202101041035,0,0
202101041030,0,0
202101041025,0,0
202101041020,0,0
202101041015,0,0
202101041010,0,0
202101041005,0,0
202012301530,0,0
202012301520,0,0
202012301515,0,0
202012301510,0,0
202012301505,0,0
202012301500,0,0
202012301455,0,0
202012301450,0,0
202012301445,0,0
202012301440,2,69600
202012301435,0,0
202012301430,0,0
202012301425,0,0
202012301420,0,0
202012301415,0,0
202012301410,1,69200
202012301405,0,0
202012301400,0,0
202012301355,0,0
202012301350,0,0
202012301345,0,0
202012301340,0,0
202012301335,0,0
202012301330,0,0
202012301325,0,0
202012301320,0,0
202012301315,0,0
202012301310,0,0
202012301305,0,0
202012301300,0,0
202012301255,0,0
202012301250,0,0
202012301245,0,0
202012301240,2,69400
202012301235,0,0
202012301230,0,0
202012301225,0,0
202012301220,0,0
202012301215,0,0
202012301210,0,0
202012301205,0,0
202012301200,0,0
202012301155,0,0
202012301150,0,0
202012301145,0,0
202012301140,0,0
202012301135,0,0
202012301130,0,0
202012301125,0,0
202012301120,0,0
202012301115,0,0
202012301110,0,0
202012301105,0,0
202012301100,1,69600
202012301055,0,0
202012301050,0,0
202012301045,0,0
202012301040,0,0
202012301035,0,0
202012301030,0,0
202012301025,0,0
202012301020,0,0
202012301015,0,0
202012301010,0,0
202012301005,2,69600
202012301000,0,0
202012300955,0,0
202012300950,0,0
202012300945,0,0
202012300940,0,0
202012300935,0,0
202012300930,1,69600
202012300925,0,0
202012300920,0,0
202012300915,0,0
202012300910,0,0
202012300905,2,69700
202012291530,0,0
202012291520,0,0
202012291515,0,0
202012291510,0,0
202012291505,0,0
202012291500,0,0
202012291455,0,0
202012291450,0,0
202012291445,0,0
202012291440,0,0
202012291435,0,0
202012291430,1,69500
202012291425,0,0
202012291420,0,0
202012291415,0,0
202012291410,0,0
202012291405,0,0
202012291400,2,70200
202012291355,0,0
202012291350,0,0
202012291345,0,0
202012291340,0,0
202012291335,0,0
202012291330,0,0
202012291325,0,0
202012291320,0,0
202012291315,0,0
202012291310,0,0
202012291305,0,0
202012291300,0,0
202012291255,0,0
202012291250,1,69900
202012291245,0,0
202012291240,0,0
202012291235,0,0
202012291230,2,69800
202012291225,0,0
202012291220,0,0
202012291215,0,0
202012291210,0,0
202012291205,0,0
202012291200,0,0
202012291155,0,0
202012291150,0,0
202012291145,0,0
202012291140,0,0
202012291135,0,0
202012291130,0,0
202012291125,0,0
202012291120,0,0
202012291115,0,0
202012291110,1,69600
202012291105,0,0
202012291100,0,0
202012291055,2,69700
202012291050,1,69700
202012291045,0,0
202012291040,0,0
202012291035,0,0
202012291030,0,0
202012291025,0,0
202012291020,0,0
202012291015,2,69900
202012291010,0,0
202012291005,0,0
202012291000,1,70000
202012290955,0,0
202012290950,0,0
202012290945,2,70000
202012290940,0,0
202012290935,0,0
202012290930,0,0
202012290925,0,0
202012290920,1,69900
202012290915,0,0
202012290910,0,0
202012290905,0,0
202012281530,0,0
202012281520,0,0
202012281515,0,0
202012281510,0,0
202012281505,0,0
202012281500,0,0
202012281455,0,0
202012281450,0,0
202012281445,0,0
202012281440,2,69800
202012281435,0,0
202012281430,0,0
202012281425,0,0
202012281420,0,0
202012281415,0,0
202012281410,1,70900
202012281405,0,0
202012281400,0,0
202012281355,0,0
202012281350,0,0
202012281345,0,0
202012281340,0,0
202012281335,0,0
202012281330,0,0
202012281325,0,0
202012281320,0,0
202012281315,0,0
202012281310,0,0
202012281305,0,0
202012281300,0,0
202012281255,0,0
202012281250,0,0
202012281245,0,0
202012281240,0,0
202012281235,0,0
202012281230,0,0
202012281225,0,0
202012281220,0,0
202012281215,0,0
202012281210,0,0
202012281205,0,0
202012281200,0,0
202012281155,0,0
202012281150,0,0
202012281145,0,0
202012281140,0,0
202012281135,0,0
202012281130,0,0
202012281125,0,0
202012281120,0,0
202012281115,0,0
202012281110,0,0
202012281105,0,0
202012281100,0,0
202012281055,0,0
202012281050,0,0
202012281045,0,0
202012281040,0,0
202012281035,0,0
202012281030,0,0
202012281025,0,0
202012281020,0,0
202012281015,0,0
202012281010,0,0
202012281005,0,0
202012281000,0,0
202012280955,0,0
202012280950,2,71900
202012280945,0,0
202012280940,0,0
202012280935,0,0
202012280930,0,0
202012280925,0,0
202012280920,0,0
202012280915,0,0
202012280910,0,0
202012280905,0,0
202012241530,1,71500
202012241520,0,0
202012241515,0,0
202012241510,0,0
202012241505,0,0
202012241500,0,0
202012241455,0,0
202012241450,2,71400
202012241445,0,0
202012241440,0,0
202012241435,0,0
202012241430,0,0
202012241425,0,0
202012241420,0,0
202012241415,0,0
202012241410,0,0
202012241405,0,0
202012241400,0,0
202012241355,0,0
202012241350,0,0
202012241345,0,0
202012241340,0,0
202012241335,0,0
202012241330,0,0
202012241325,0,0
202012241320,0,0
202012241315,0,0
202012241310,0,0
202012241305,0,0
202012241300,0,0
202012241255,0,0
202012241250,1,72500
202012241245,0,0
202012241240,0,0
202012241235,0,0
202012241230,0,0
202012241225,0,0
202012241220,0,0
202012241215,0,0
202012241210,0,0
202012241205,0,0
202012241200,0,0
202012241155,0,0
202012241150,0,0
202012241145,0,0
202012241140,0,0
202012241135,0,0
202012241130,0,0
202012241125,0,0
202012241120,0,0
202012241115,0,0
202012241110,0,0
202012241105,0,0
202012241100,0,0
202012241055,0,0
202012241050,0,0
202012241045,0,0
202012241040,0,0
202012241035,0,0
202012241030,0,0
202012241025,0,0
202012241020,0,0
202012241015,0,0
202012241010,0,0
202012241005,2,72700
202012241000,0,0
202012240955,0,0
202012240950,0,0
202012240945,0,0
202012240940,0,0
202012240935,0,0
202012240930,0,0
202012240925,0,0
202012240920,0,0
202012240915,0,0
202012240910,0,0
202012240905,0,0
202012231530,0,0
202012231520,0,0
202012231515,0,0
202012231510,0,0
202012231505,0,0
202012231500,0,0
202012231455,0,0
202012231450,0,0
202012231445,0,0
202012231440,0,0
202012231435,0,0
202012231430,1,72900
202012231425,0,0
202012231420,0,0
202012231415,0,0
202012231410,0,0
202012231405,0,0
202012231400,0,0
202012231355,0,0
202012231350,0,0
202012231345,0,0
202012231340,0,0
202012231335,0,0
202012231330,0,0
202012231325,0,0
202012231320,0,0
202012231315,0,0
202012231310,2,72400
202012231305,0,0
202012231300,0,0
202012231255,1,72200
202012231250,0,0
202012231245,0,0
202012231240,2,72200
202012231235,0,0
202012231230,1,72200
202012231225,0,0
202012231220,0,0
202012231215,0,0
202012231210,0,0
202012231205,0,0
202012231200,0,0
202012231155,0,0
202012231150,0,0
202012231145,0,0
202012231140,0,0
202012231135,0,0
202012231130,2,71700
202012231125,0,0
202012231120,0,0
202012231115,0,0
202012231110,0,0
202012231105,0,0
202012231100,0,0
202012231055,0,0
202012231050,0,0
202012231045,0,0
202012231040,0,0
202012231035,0,0
202012231030,0,0
202012231025,0,0
202012231020,0,0
202012231015,0,0
202012231010,1,72300
202012231005,2,72300
202012231000,0,0
202012230955,0,0
202012230950,0,0
202012230945,0,0
202012230940,0,0
202012230935,0,0
202012230930,0,0
202012230925,0,0
202012230920,0,0
202012230915,0,0
202012230910,0,0
202012230905,0,0
202012221530,1,72100
202012221520,0,0
202012221515,0,0
202012221510,0,0
202012221505,0,0
202012221500,0,0
202012221455,0,0
202012221450,0,0
202012221445,0,0
202012221440,0,0
202012221435,0,0
202012221430,0,0
202012221425,0,0
202012221420,0,0
202012221415,0,0
202012221410,0,0
202012221405,0,0
202012221400,0,0
202012221355,0,0
202012221350,0,0
202012221345,0,0
202012221340,0,0
202012221335,0,0
202012221330,0,0
202012221325,2,73000
202012221320,0,0
202012221315,0,0
202012221310,0,0
202012221305,0,0
202012221300,0,0
202012221255,0,0
202012221250,0,0
202012221245,0,0
202012221240,0,0
202012221235,0,0
202012221230,0,0
202012221225,0,0
202012221220,0,0
202012221215,1,73100
202012221210,0,0
202012221205,2,73100
202012221200,0,0
202012221155,0,0
202012221150,0,0
202012221145,0,0
202012221140,0,0
202012221135,0,0
202012221130,0,0
202012221125,0,0
202012221120,0,0
202012221115,0,0
202012221110,0,0
202012221105,0,0
202012221100,0,0
202012221055,0,0
202012221050,0,0
202012221045,0,0
202012221040,0,0
202012221035,0,0
202012221030,0,0
202012221025,0,0
202012221020,1,73000
202012221015,0,0
202012221010,0,0
202012221005,0,0
202012221000,0,0
202012220955,0,0
202012220950,0,0
202012220945,0,0
202012220940,0,0
202012220935,0,0
202012220930,0,0
202012220925,0,0
202012220920,0,0
202012220915,0,0
202012220910,0,0
202012220905,0,0
202012211530,2,73000
202012211520,1,73200
202012211515,0,0
202012211510,0,0
202012211505,0,0
202012211500,2,73300
202012211455,0,0
202012211450,1,73400
202012211445,0,0
202012211440,0,0
202012211435,2,73700
202012211430,0,0
202012211425,0,0
202012211420,0,0
202012211415,0,0
202012211410,0,0
202012211405,0,0
202012211400,0,0
202012211355,0,0
202012211350,0,0
202012211345,0,0
202012211340,0,0
202012211335,0,0
202012211330,0,0
202012211325,0,0
202012211320,0,0
202012211315,0,0
202012211310,0,0
202012211305,0,0
202012211300,0,0
202012211255,0,0
202012211250,0,0
202012211245,0,0
202012211240,0,0
202012211235,0,0
202012211230,0,0
202012211225,0,0
202012211220,0,0
202012211215,0,0
202012211210,0,0
202012211205,0,0
202012211200,0,0
202012211155,0,0
202012211150,0,0
202012211145,0,0
202012211140,0,0
202012211135,0,0
202012211130,0,0
202012211125,0,0
202012211120,0,0
202012211115,0,0
202012211110,0,0
202012211105,0,0
202012211100,0,0
202012211055,0,0
202012211050,0,0
202012211045,0,0
202012211040,0,0
202012211035,1,73500
202012211030,0,0
202012211025,0,0
202012211020,0,0
202012211015,0,0
202012211010,0,0
202012211005,0,0
202012211000,0,0
202012210955,0,0
202012210950,0,0
202012210945,0,0
202012210940,0,0
202012210935,0,0
202012210930,0,0
202012210925,0,0
202012210920,0,0
202012210915,0,0
202012210910,0,0
202012210905,0,0
202012181530,0,0
202012181520,2,73400
202012181515,0,0
202012181510,0,0
202012181505,0,0
202012181500,0,0
202012181455,0,0
202012181450,1,73200
202012181445,0,0
202012181440,0,0
202012181435,0,0
202012181430,0,0
202012181425,0,0
202012181420,0,0
202012181415,0,0
202012181410,0,0
202012181405,0,0
202012181400,0,0
202012181355,0,0
202012181350,0,0
202012181345,0,0
202012181340,0,0
202012181335,0,0
202012181330,0,0
202012181325,2,73500
202012181320,0,0
202012181315,0,0
202012181310,0,0
202012181305,0,0
202012181300,0,0
202012181255,0,0
202012181250,0,0
202012181245,0,0
202012181240,0,0
202012181235,0,0
202012181230,0,0
202012181225,0,0
202012181220,0,0
202012181215,0,0
202012181210,0,0
202012181205,0,0
202012181200,0,0
202012181155,0,0
202012181150,0,0
202012181145,0,0
202012181140,0,0
202012181135,0,0
202012181130,0,0
202012181125,0,0
202012181120,1,73200
202012181115,0,0
202012181110,0,0
202012181105,0,0
202012181100,0,0
202012181055,0,0
202012181050,0,0
202012181045,0,0
202012181040,0,0
202012181035,0,0
202012181030,0,0
202012181025,0,0
202012181020,0,0
202012181015,0,0
202012181010,0,0
202012181005,0,0
202012181000,0,0
202012180955,0,0
202012180950,0,0
202012180945,0,0
202012180940,0,0
202012180935,0,0
202012180930,0,0
202012180925,0,0
202012180920,0,0
202012180915,2,73200
202012180910,0,0
202012180905,1,73400
202012171530,0,0
202012171520,2,73300
202012171515,0,0
202012171510,0,0
202012171505,0,0
202012171500,0,0
202012171455,0,0
202012171450,0,0
202012171445,0,0
202012171440,0,0
202012171435,0,0
202012171430,0,0
202012171425,0,0
202012171420,0,0
202012171415,0,0
202012171410,0,0
202012171405,0,0
202012171400,0,0
202012171355,0,0
202012171350,0,0
202012171345,0,0
202012171340,0,0
202012171335,0,0
202012171330,0,0
202012171325,0,0
202012171320,0,0
202012171315,0,0
202012171310,0,0
202012171305,0,0
202012171300,0,0
202012171255,0,0
202012171250,0,0
202012171245,0,0
202012171240,0,0
202012171235,0,0
202012171230,0,0
202012171225,0,0
202012171220,0,0
202012171215,0,0
202012171210,0,0
202012171205,0,0
202012171200,0,0
202012171155,0,0
202012171150,0,0
202012171145,1,73800
202012171140,0,0
202012171135,0,0
202012171130,0,0
202012171125,0,0
202012171120,0,0
202012171115,0,0
202012171110,0,0
202012171105,0,0
202012171100,0,0
202012171055,0,0
202012171050,0,0
202012171045,0,0
202012171040,0,0
202012171035,0,0
202012171030,0,0
202012171025,0,0
202012171020,0,0
202012171015,0,0
202012171010,0,0
202012171005,0,0
202012171000,0,0
202012170955,0,0
202012170950,0,0
202012170945,0,0
202012170940,0,0
202012170935,0,0
202012170930,0,0
202012170925,0,0
202012170920,0,0
202012170915,0,0
202012170910,0,0
202012170905,0,0
202012161530,0,0
202012161520,0,0
202012161515,0,0
202012161510,2,73900
202012161505,0,0
202012161500,0,0
202012161455,0,0
202012161450,0,0
202012161445,0,0
202012161440,0,0
202012161435,0,0
202012161430,0,0
202012161425,0,0
202012161420,1,73900
202012161415,0,0
202012161410,0,0
202012161405,2,73400
202012161400,0,0
202012161355,0,0
202012161350,0,0
202012161345,0,0
202012161340,0,0
202012161335,0,0
202012161330,0,0
202012161325,0,0
202012161320,1,74000
202012161315,2,74000
202012161310,1,74000
202012161305,2,74000
202012161300,0,0
202012161255,0,0
202012161250,0,0
202012161245,0,0
202012161240,0,0
202012161235,0,0
202012161230,0,0
202012161225,0,0
202012161220,0,0
202012161215,0,0
202012161210,0,0
202012161205,0,0
202012161200,0,0
202012161155,0,0
202012161150,0,0
202012161145,0,0
202012161140,0,0
202012161135,0,0
202012161130,0,0
202012161125,1,73800
202012161120,0,0
202012161115,0,0
202012161110,0,0
202012161105,0,0
202012161100,0,0
202012161055,0,0
202012161050,0,0
202012161045,0,0
202012161040,0,0
202012161035,0,0
202012161030,0,0
202012161025,0,0
202012161020,0,0
202012161015,0,0
202012161010,0,0
202012161005,0,0
202012161000,0,0
202012160955,0,0
202012160950,0,0
202012160945,0,0
202012160940,0,0
202012160935,0,0
202012160930,0,0
202012160925,2,73500
202012160920,0,0
202012160915,0,0
202012160910,0,0
202012160905,0,0
202012151530,0,0
202012151520,0,0
202012151515,0,0
202012151510,0,0
202012151505,0,0
202012151500,0,0
202012151455,0,0
202012151450,0,0
202012151445,0,0
202012151440,0,0
202012151435,0,0
202012151430,0,0
202012151425,0,0
202012151420,0,0
202012151415,0,0
202012151410,1,73900
202012151405,0,0
202012151400,0,0
202012151355,0,0
202012151350,0,0
202012151345,0,0
202012151340,0,0
202012151335,2,73600
202012151330,0,0
202012151325,0,0
202012151320,0,0
202012151315,0,0
202012151310,0,0
202012151305,0,0
202012151300,0,0
202012151255,1,73600
202012151250,0,0
202012151245,0,0
202012151240,0,0
202012151235,0,0
202012151230,0,0
202012151225,0,0
202012151220,0,0
202012151215,0,0
202012151210,0,0
202012151205,0,0
202012151200,0,0
202012151155,0,0
202012151150,0,0
202012151145,0,0
202012151140,0,0
202012151135,0,0
202012151130,0,0
202012151125,0,0
202012151120,0,0
202012151115,0,0
202012151110,0,0
202012151105,0,0
202012151100,0,0
202012151055,0,0
202012151050,0,0
202012151045,2,73600
202012151040,0,0
202012151035,0,0
202012151030,0,0
202012151025,0,0
202012151020,0,0
202012151015,0,0
202012151010,0,0
202012151005,0,0
202012151000,0,0
202012150955,0,0
202012150950,0,0
202012150945,1,73700
202012150940,0,0
202012150935,0,0
202012150930,0,0
202012150925,0,0
202012150920,0,0
202012150915,0,0
202012150910,2,73700
202012150905,0,0
202012141530,1,73900
202012141520,2,73900
202012141515,1,73900
202012141510,0,0
202012141505,2,73800
202012141500,1,73800
202012141455,0,0
202012141450,0,0
202012141445,2,73800
202012141440,0,0
202012141435,0,0
202012141430,0,0
202012141425,1,73600
202012141420,0,0
202012141415,0,0
202012141410,0,0
202012141405,0,0
202012141400,0,0
202012141355,0,0
202012141350,0,0
202012141345,0,0
202012141340,0,0
202012141335,0,0
202012141330,0,0
202012141325,0,0
202012141320,0,0
202012141315,0,0
202012141310,0,0
202012141305,0,0
202012141300,0,0
202012141255,2,73100
202012141250,0,0
202012141245,0,0
202012141240,0,0
202012141235,0,0
202012141230,0,0
202012141225,0,0
202012141220,0,0
202012141215,0,0
202012141210,0,0
202012141205,1,72600
202012141200,0,0
202012141155,0,0
202012141150,0,0
202012141145,0,0
202012141140,0,0
202012141135,0,0
202012141130,0,0
202012141125,0,0
202012141120,0,0
202012141115,0,0
202012141110,0,0
202012141105,0,0
202012141100,0,0
202012141055,0,0
202012141050,0,0
202012141045,0,0
202012141040,0,0
202012141035,0,0
202012141030,0,0
202012141025,2,73000
202012141020,0,0
202012141015,0,0
202012141010,0,0
202012141005,0,0
202012141000,0,0
202012140955,0,0
202012140950,0,0
202012140945,0,0
202012140940,0,0
202012140935,0,0
202012140930,0,0
202012140925,0,0
202012140920,0,0
202012140915,0,0
202012140910,1,73100
202012140905,2,73300
202012111530,0,0
202012111520,0,0
202012111515,0,0
202012111510,0,0
202012111505,0,0
202012111500,0,0
202012111455,0,0
202012111450,0,0
202012111445,0,0
202012111440,0,0
202012111435,0,0
202012111430,0,0
202012111425,0,0
202012111420,0,0
202012111415,0,0
202012111410,0,0
202012111405,1,73200
202012111400,2,73300
202012111355,0,0
202012111350,0,0
202012111345,0,0
202012111340,0,0
202012111335,0,0
202012111330,0,0
202012111325,0,0
202012111320,0,0
202012111315,0,0
202012111310,0,0
202012111305,0,0
202012111300,0,0
202012111255,0,0
202012111250,0,0
202012111245,0,0
202012111240,1,73200
202012111235,2,73100
202012111230,1,73000
202012111225,0,0
202012111220,0,0
202012111215,0,0
202012111210,0,0
202012111205,0,0
202012111200,0,0
202012111155,0,0
202012111150,0,0
202012111145,0,0
202012111140,0,0
202012111135,0,0
202012111130,0,0
202012111125,0,0
202012111120,0,0
202012111115,0,0
202012111110,2,73400
202012111105,0,0
202012111100,0,0
202012111055,0,0
202012111050,0,0
202012111045,0,0
202012111040,1,73300
202012111035,0,0
202012111030,0,0
202012111025,0,0
202012111020,0,0
202012111015,2,73400
202012111010,0,0
202012111005,0,0
202012111000,0,0
202012110955,0,0
202012110950,0,0
202012110945,0,0
202012110940,0,0
202012110935,0,0
202012110930,0,0
202012110925,0,0
202012110920,0,0
202012110915,0,0
202012110910,0,0
202012110905,0,0
202012101530,1,73300
202012101520,0,0
202012101515,0,0
202012101510,0,0
202012101505,0,0
202012101500,0,0
202012101455,0,0
202012101450,0,0
202012101445,0,0
202012101440,0,0
202012101435,0,0
202012101430,0,0
202012101425,0,0
202012101420,0,0
202012101415,0,0
202012101410,0,0
202012101405,0,0
202012101400,0,0
202012101355,2,72300
202012101350,0,0
202012101345,0,0
202012101340,0,0
202012101335,0,0
202012101330,0,0
202012101325,0,0
202012101320,0,0
202012101315,0,0
202012101310,0,0
202012101305,0,0
202012101300,0,0
202012101255,0,0
202012101250,1,72200
202012101245,0,0
202012101240,0,0
202012101235,0,0
202012101230,0,0
202012101225,0,0
202012101220,0,0
202012101215,0,0
202012101210,0,0
202012101205,0,0
202012101200,0,0
202012101155,0,0
202012101150,2,72400
202012101145,0,0
202012101140,0,0
202012101135,0,0
202012101130,0,0
202012101125,0,0
202012101120,0,0
202012101115,0,0
202012101110,0,0
202012101105,0,0
202012101100,0,0
202012101055,0,0
202012101050,0,0
202012101045,0,0
202012101040,0,0
202012101035,0,0
202012101030,0,0
202012101025,0,0
202012101020,0,0
202012101015,1,72500
202012101010,0,0
202012101005,0,0
202012101000,0,0
202012100955,0,0
202012100950,0,0
202012100945,0,0
202012100940,0,0
202012100935,0,0
202012100930,0,0
202012100925,0,0
202012100920,0,0
202012100915,0,0
202012100910,0,0
202012100905,0,0
202012091530,2,72800
202012091520,0,0
202012091515,0,0
202012091510,0,0
202012091505,0,0
202012091500,1,73000
202012091455,0,0
202012091450,0,0
202012091445,0,0
202012091440,0,0
202012091435,0,0
202012091430,0,0
202012091425,0,0
202012091420,0,0
202012091415,0,0
202012091410,2,72500
202012091405,0,0
202012091400,0,0
202012091355,0,0
202012091350,0,0
202012091345,0,0
202012091340,0,0
202012091335,0,0
202012091330,0,0
202012091325,0,0
202012091320,1,72400
202012091315,0,0
202012091310,0,0
202012091305,0,0
202012091300,0,0
202012091255,0,0
202012091250,0,0
202012091245,0,0
202012091240,0,0
202012091235,0,0
202012091230,0,0
202012091225,0,0
202012091220,0,0
202012091215,0,0
202012091210,0,0
202012091205,0,0
202012091200,0,0
202012091155,0,0
202012091150,0,0
202012091145,0,0
202012091140,2,72800
202012091135,0,0
202012091130,0,0
202012091125,0,0
202012091120,0,0
202012091115,1,72600
202012091110,0,0
202012091105,0,0
202012091100,2,72800
202012091055,0,0
202012091050,0,0
202012091045,1,72800
202012091040,0,0
202012091035,0,0
202012091030,0,0
202012091025,0,0
202012091020,2,73000
202012091015,0,0
202012091010,0,0
202012091005,0,0
202012091000,0,0
202012090955,0,0
202012090950,0,0
202012090945,0,0
202012090940,0,0
202012090935,0,0
202012090930,0,0
202012090925,0,0
202012090920,0,0
202012090915,0,0
202012090910,0,0
202012090905,1,72500
202012081530,0,0
202012081520,0,0
202012081515,0,0
202012081510,0,0
202012081505,0,0
202012081500,0,0
202012081455,0,0
202012081450,0,0
202012081445,0,0
202012081440,0,0
202012081435,0,0
202012081430,0,0
202012081425,0,0
202012081420,0,0
202012081415,0,0
202012081410,0,0
202012081405,0,0
202012081400,2,72900
202012081355,0,0
202012081350,0,0
202012081345,0,0
202012081340,0,0
202012081335,0,0
202012081330,0,0
202012081325,0,0
202012081320,0,0
202012081315,0,0
202012081310,0,0
202012081305,0,0
202012081300,0,0
202012081255,0,0
202012081250,0,0
202012081245,0,0
202012081240,0,0
202012081235,0,0
202012081230,0,0
202012081225,0,0
202012081220,0,0
202012081215,0,0
202012081210,0,0
202012081205,1,73100
202012081200,0,0
202012081155,0,0
202012081150,0,0
202012081145,0,0
202012081140,0,0
202012081135,0,0
202012081130,0,0
202012081125,0,0
202012081120,0,0
202012081115,0,0
202012081110,0,0
202012081105,0,0
202012081100,0,0
202012081055,0,0
202012081050,0,0
202012081045,0,0
202012081040,0,0
202012081035,0,0
202012081030,0,0
202012081025,0,0
202012081020,0,0
202012081015,0,0
202012081010,0,0
202012081005,0,0
202012081000,0,0
202012080955,0,0
202012080950,0,0
202012080945,0,0
202012080940,2,73200
202012080935,0,0
202012080930,1,73200
202012080925,0,0
202012080920,0,0
202012080915,0,0
202012080910,0,0
202012080905,0,0
202012071530,2,73200
202012071520,1,73400
202012071515,0,0
202012071510,0,0
202012071505,0,0
202012071500,0,0
202012071455,0,0
202012071450,0,0
202012071445,0,0
202012071440,2,73900
202012071435,0,0
202012071430,0,0
202012071425,0,0
202012071420,0,0
202012071415,1,75800
202012071410,0,0
202012071405,2,75500
202012071400,0,0
202012071355,0,0
202012071350,0,0
202012071345,0,0
202012071340,0,0
202012071335,0,0
202012071330,0,0
202012071325,0,0
202012071320,0,0
202012071315,0,0
202012071310,1,75600
202012071305,0,0
202012071300,0,0
202012071255,0,0
202012071250,0,0
202012071245,2,75700
202012071240,0,0
202012071235,0,0
202012071230,0,0
202012071225,0,0
202012071220,1,75600
202012071215,0,0
202012071210,0,0
202012071205,0,0
202012071200,0,0
202012071155,0,0
202012071150,0,0
202012071145,0,0
202012071140,0,0
202012071135,0,0
202012071130,0,0
202012071125,0,0
202012071120,0,0
202012071115,0,0
202012071110,0,0
202012071105,0,0
202012071100,0,0
202012071055,0,0
202012071050,0,0
202012071045,0,0
202012071040,0,0
202012071035,0,0
202012071030,0,0
202012071025,0,0
202012071020,0,0
202012071015,2,76400
202012071010,0,0
202012071005,0,0
202012071000,0,0
202012070955,0,0
202012070950,0,0
202012070945,0,0
202012070940,0,0
202012070935,0,0
202012070930,0,0
202012070925,0,0
202012070920,0,0
202012070915,0,0
202012070910,0,0
202012070905,0,0
202012041530,1,78100
202012041520,0,0
202012041515,0,0
202012041510,0,0
202012041505,0,0
202012041500,0,0
202012041455,0,0
202012041450,0,0
202012041445,0,0
202012041440,0,0
202012041435,0,0
202012041430,0,0
202012041425,0,0
202012041420,0,0
202012041415,0,0
202012041410,0,0
202012041405,0,0
202012041400,0,0
202012041355,0,0
202012041350,0,0
202012041345,0,0
202012041340,0,0
202012041335,0,0
202012041330,0,0
202012041325,0,0
202012041320,0,0
202012041315,0,0
202012041310,0,0
202012041305,0,0
202012041300,0,0
202012041255,0,0
202012041250,0,0
202012041245,0,0
202012041240,0,0
202012041235,0,0
202012041230,0,0
202012041225,0,0
202012041220,0,0
202012041215,0,0
202012041210,0,0
202012041205,0,0
202012041200,0,0
202012041155,0,0
202012041150,0,0
202012041145,0,0
202012041140,0,0
202012041135,0,0
202012041130,0,0
202012041125,0,0
202012041120,0,0
202012041115,0,0
202012041110,0,0
202012041105,0,0
202012041100,0,0
202012041055,0,0
202012041050,0,0
202012041045,0,0
202012041040,0,0
202012041035,0,0
202012041030,0,0
202012041025,2,79200
202012041020,0,0
202012041015,0,0
202012041010,0,0
202012041005,0,0
202012041000,0,0
202012040955,0,0
202012040950,0,0
202012040945,0,0
202012040940,0,0
202012040935,0,0
202012040930,0,0
202012040925,0,0
202012040920,0,0
202012040915,0,0
202012040910,0,0
202012040905,0,0
202012031630,1,79100
202012031620,0,0
202012031615,0,0
202012031610,0,0
202012031605,0,0
202012031600,0,0
202012031555,0,0
202012031550,0,0
202012031545,0,0
202012031540,0,0
202012031535,0,0
202012031530,0,0
202012031525,0,0
202012031520,0,0
202012031515,0,0
202012031510,0,0
202012031505,0,0
202012031500,2,78700
202012031455,0,0
202012031450,0,0
202012031445,0,0
202012031440,0,0
202012031435,0,0
202012031430,0,0
202012031425,0,0
202012031420,0,0
202012031415,0,0
202012031410,0,0
202012031405,0,0
202012031400,0,0
202012031355,0,0
202012031350,0,0
202012031345,0,0
202012031340,0,0
202012031335,0,0
202012031330,1,77800
202012031325,0,0
202012031320,0,0
202012031315,0,0
202012031310,0,0
202012031305,0,0
202012031300,0,0
202012031255,0,0
202012031250,0,0
202012031245,0,0
202012031240,0,0
202012031235,0,0
202012031230,0,0
202012031225,0,0
202012031220,0,0
202012031215,0,0
202012031210,0,0
202012031205,0,0
202012031200,0,0
202012031155,0,0
202012031150,0,0
202012031145,0,0
202012031140,0,0
202012031135,0,0
202012031130,0,0
202012031125,0,0
202012031120,0,0
202012031115,0,0
202012031110,0,0
202012031105,0,0
202012031100,2,78000
202012031055,0,0
202012031050,0,0
202012031045,0,0
202012031040,0,0
202012031035,0,0
202012031030,0,0
202012031025,0,0
202012031020,0,0
202012031015,0,0
202012031010,0,0
202012031005,0,0
202012021530,1,77800
202012021520,2,78000
202012021515,1,77900
202012021510,2,77900
202012021505,1,77900
202012021500,0,0
202012021455,0,0
202012021450,2,78200
202012021445,0,0
202012021440,0,0
202012021435,0,0
202012021430,0,0
202012021425,0,0
202012021420,1,77900
202012021415,2,78000
202012021410,1,78000
202012021405,2,78000
202012021400,0,0
202012021355,0,0
202012021350,1,78200
202012021345,0,0
202012021340,0,0
202012021335,0,0
202012021330,0,0
202012021325,0,0
202012021320,0,0
202012021315,0,0
202012021310,0,0
202012021305,0,0
202012021300,0,0
202012021255,0,0
202012021250,0,0
202012021245,0,0
202012021240,0,0
202012021235,2,78000
202012021230,0,0
202012021225,0,0
202012021220,0,0
202012021215,0,0
202012021210,0,0
202012021205,0,0
202012021200,0,0
202012021155,0,0
202012021150,0,0
202012021145,0,0
202012021140,0,0
202012021135,0,0
202012021130,0,0
202012021125,0,0
202012021120,0,0
202012021115,0,0
202012021110,0,0
202012021105,0,0
202012021100,0,0
202012021055,0,0
202012021050,0,0
202012021045,1,79800
202012021040,0,0
202012021035,2,79900
202012021030,0,0
202012021025,0,0
202012021020,0,0
202012021015,1,80100
202012021010,0,0
202012021005,0,0
202012021000,2,80100
202012020955,0,0
202012020950,0,0
202012020945,0,0
202012020940,0,0
202012020935,0,0
202012020930,1,80200
202012020925,0,0
202012020920,0,0
202012020915,0,0
202012020910,0,0
202012020905,0,0
202012021530,0,0
202012021520,2,81000
202012021515,1,80800
202012021510,0,0
202012021505,0,0
202012021500,0,0
202012021455,0,0
202012021450,2,81000
202012021445,0,0
202012021440,0,0
202012021435,0,0
202012021430,0,0
202012021425,0,0
202012021420,1,81400
202012021415,0,0
202012021410,0,0
202012021405,0,0
202012021400,0,0
202012021355,0,0
202012021350,0,0
202012021345,0,0
202012021340,0,0
202012021335,0,0
202012021330,0,0
202012021325,0,0
202012021320,0,0
202012021315,0,0
202012021310,0,0
202012021305,0,0
202012021300,0,0
202012021255,0,0
202012021250,0,0
202012021245,0,0
202012021240,0,0
202012021235,0,0
202012021230,0,0
202012021225,0,0
202012021220,2,83300
202012021215,0,0
202012021210,0,0
202012021205,0,0
202012021200,0,0
202012021155,1,83600
202012021150,0,0
202012021145,0,0
202012021140,0,0
202012021135,0,0
202012021130,0,0
202012021125,0,0
202012021120,0,0
202012021115,0,0
202012021110,0,0
202012021105,0,0
202012021100,0,0
202012021055,0,0
202012021050,0,0
202012021045,0,0
202012021040,0,0
202012021035,0,0
202012021030,0,0
202012021025,0,0
202012021020,0,0
202012021015,0,0
202012021010,0,0
202012021005,2,83200
202012021000,0,0
202012020955,0,0
202012020950,0,0
202012020945,0,0
202012020940,0,0
202012020935,0,0
202012020930,0,0
202012020925,0,0
202012020920,0,0
202012020915,0,0
202012020910,0,0
202012020905,0,0
202012011530,1,82100
202012011520,0,0
202012011515,0,0
202012011510,0,0
202012011505,0,0
202012011500,2,82400
202012011455,0,0
202012011450,0,0
202012011445,0,0
202012011440,0,0
202012011435,0,0
202012011430,0,0
202012011425,0,0
202012011420,0,0
202012011415,0,0
202012011410,0,0
202012011405,0,0
202012011400,0,0
202012011355,0,0
202012011350,0,0
202012011345,0,0
202012011340,0,0
202012011335,0,0
202012011330,0,0
202012011325,0,0
202012011320,0,0
202012011315,0,0
202012011310,0,0
202012011305,0,0
202012011300,0,0
202012011255,0,0
202012011250,0,0
202012011245,0,0
202012011240,0,0
202012011235,0,0
202012011230,0,0
202012011225,0,0
202012011220,0,0
202012011215,0,0
202012011210,1,82500
202012011205,0,0
202012011200,0,0
202012011155,0,0
202012011150,0,0
202012011145,0,0
202012011140,0,0
202012011135,0,0
202012011130,0,0
202012011125,0,0
202012011120,0,0
202012011115,0,0
202012011110,0,0
202012011105,0,0
202012011100,0,0
202012011055,0,0
202012011050,0,0
202012011045,0,0
202012011040,0,0
202012011035,0,0
202012011030,0,0
202012011025,0,0
202012011020,0,0
202012011015,2,82500
202012011010,0,0
202012011005,0,0
202012011000,0,0
202012010955,0,0
202012010950,0,0
202012010945,0,0
202012010940,0,0
202012010935,0,0
202012010930,0,0
202012010925,0,0
202012010920,0,0
202012010915,0,0
202012010910,0,0
202012010905,0,0
202011301530,1,84100
202011301520,0,0
202011301515,0,0
202011301510,0,0
202011301505,0,0
202011301500,0,0
202011301455,0,0
202011301450,0,0
202011301445,0,0
202011301440,0,0
202011301435,0,0
202011301430,0,0
202011301425,0,0
202011301420,0,0
202011301415,0,0
202011301410,0,0
202011301405,0,0
202011301400,0,0
202011301355,2,83500
202011301350,0,0
202011301345,0,0
202011301340,0,0
202011301335,0,0
202011301330,0,0
202011301325,0,0
202011301320,0,0
202011301315,0,0
202011301310,0,0
202011301305,0,0
202011301300,0,0
202011301255,0,0
202011301250,1,83700
202011301245,0,0
202011301240,0,0
202011301235,0,0
202011301230,0,0
202011301225,2,83300
202011301220,0,0
202011301215,0,0
202011301210,0,0
202011301205,1,83200
202011301200,0,0
202011301155,0,0
202011301150,0,0
202011301145,0,0
202011301140,0,0
202011301135,0,0
202011301130,0,0
202011301125,0,0
202011301120,2,82900
202011301115,0,0
202011301110,0,0
202011301105,0,0
202011301100,0,0
202011301055,0,0
202011301050,0,0
202011301045,0,0
202011301040,0,0
202011301035,0,0
202011301030,0,0
202011301025,0,0
202011301020,1,83200
202011301015,0,0
202011301010,0,0
202011301005,0,0
202011301000,0,0
202011300955,0,0
202011300950,0,0
202011300945,0,0
202011300940,0,0
202011300935,0,0
202011300930,0,0
202011300925,0,0
202011300920,0,0
202011300915,0,0
202011300910,2,82400
202011300905,0,0
202011271530,0,0
202011271520,0,0
202011271515,0,0
202011271510,1,83800
202011271505,0,0
202011271500,0,0
202011271455,0,0
202011271450,0,0
202011271445,2,83600
202011271440,0,0
202011271435,0,0
202011271430,1,83600
202011271425,0,0
202011271420,0,0
202011271415,0,0
202011271410,0,0
202011271405,0,0
202011271400,0,0
202011271355,0,0
202011271350,2,83500
202011271345,0,0
202011271340,0,0
202011271335,0,0
202011271330,0,0
202011271325,0,0
202011271320,0,0
202011271315,0,0
202011271310,0,0
202011271305,0,0
202011271300,0,0
202011271255,0,0
202011271250,0,0
202011271245,0,0
202011271240,0,0
202011271235,1,83700
202011271230,0,0
202011271225,0,0
202011271220,0,0
202011271215,0,0
202011271210,0,0
202011271205,0,0
202011271200,0,0
202011271155,0,0
202011271150,0,0
202011271145,0,0
202011271140,0,0
202011271135,0,0
202011271130,0,0
202011271125,0,0
202011271120,0,0
202011271115,0,0
202011271110,0,0
202011271105,0,0
202011271100,0,0
202011271055,0,0
202011271050,0,0
202011271045,0,0
202011271040,0,0
202011271035,0,0
202011271030,0,0
202011271025,0,0
202011271020,0,0
202011271015,0,0
202011271010,0,0
202011271005,0,0
202011271000,0,0
202011270955,2,83500
202011270950,0,0
202011270945,0,0
202011270940,0,0
202011270935,0,0
202011270930,0,0
202011270925,0,0
202011270920,0,0
202011270915,0,0
202011270910,0,0
202011270905,0,0
202011261530,0,0
202011261520,0,0
202011261515,0,0
202011261510,0,0
202011261505,1,84700
202011261500,2,84200
202011261455,1,84100
202011261450,2,84000
202011261445,0,0
202011261440,0,0
202011261435,0,0
202011261430,0,0
202011261425,0,0
202011261420,0,0
202011261415,0,0
202011261410,0,0
202011261405,0,0
202011261400,0,0
202011261355,0,0
202011261350,0,0
202011261345,0,0
202011261340,0,0
202011261335,0,0
202011261330,0,0
202011261325,0,0
202011261320,1,84200
202011261315,0,0
202011261310,0,0
202011261305,0,0
202011261300,0,0
202011261255,0,0
202011261250,0,0
202011261245,0,0
202011261240,0,0
202011261235,0,0
202011261230,0,0
202011261225,0,0
202011261220,0,0
202011261215,0,0
202011261210,0,0
202011261205,0,0
202011261200,0,0
202011261155,0,0
202011261150,0,0
202011261145,0,0
202011261140,0,0
202011261135,0,0
202011261130,2,84900
202011261125,0,0
202011261120,0,0
202011261115,0,0
202011261110,0,0
202011261105,0,0
202011261100,0,0
202011261055,0,0
202011261050,0,0
202011261045,0,0
202011261040,0,0
202011261035,0,0
202011261030,0,0
202011261025,0,0
202011261020,0,0
202011261015,0,0
202011261010,0,0
202011261005,0,0
202011261000,0,0
202011260955,0,0
202011260950,0,0
202011260945,0,0
202011260940,0,0
202011260935,0,0
202011260930,0,0
202011260925,0,0
202011260920,0,0
202011260915,1,89100
202011260910,0,0
202011260905,2,88800
202011251530,0,0
202011251520,0,0
202011251515,0,0
202011251510,0,0
202011251505,0,0
202011251500,0,0
202011251455,0,0
202011251450,1,93200
202011251445,0,0
202011251440,0,0
202011251435,0,0
202011251430,0,0
202011251425,0,0
202011251420,0,0
202011251415,0,0
202011251410,0,0
202011251405,0,0
202011251400,0,0
202011251355,0,0
202011251350,0,0
202011251345,0,0
202011251340,0,0
202011251335,0,0
202011251330,0,0
202011251325,0,0
202011251320,0,0
202011251315,0,0
202011251310,0,0
202011251305,0,0
202011251300,0,0
202011251255,0,0
202011251250,0,0
202011251245,0,0
202011251240,0,0
202011251235,0,0
202011251230,0,0
202011251225,0,0
202011251220,0,0
202011251215,2,93000
202011251210,0,0
202011251205,0,0
202011251200,0,0
202011251155,0,0
202011251150,0,0
202011251145,0,0
202011251140,0,0
202011251135,0,0
202011251130,0,0
202011251125,0,0
202011251120,1,91700
202011251115,0,0
202011251110,0,0
202011251105,2,90100
202011251100,0,0
202011251055,0,0
202011251050,0,0
202011251045,0,0
202011251040,0,0
202011251035,0,0
202011251030,0,0
202011251025,0,0
202011251020,0,0
202011251015,1,92400
202011251010,0,0
202011251005,0,0
202011251000,0,0
202011250955,0,0
202011250950,2,91600
202011250945,0,0
202011250940,0,0
202011250935,0,0
202011250930,0,0
202011250925,0,0
202011250920,0,0
202011250915,1,91200
202011250910,2,91600
202011250905,0,0
202011241530,1,89900
202011241520,2,90500
202011241515,0,0
202011241510,0,0
202011241505,1,89300
202011241500,0,0
202011241455,0,0
202011241450,0,0
202011241445,0,0
202011241440,0,0
202011241435,2,91200
202011241430,0,0
202011241425,1,90500
202011241420,0,0
202011241415,0,0
202011241410,0,0
202011241405,0,0
202011241400,0,0
202011241355,0,0
202011241350,0,0
202011241345,0,0
202011241340,0,0
202011241335,0,0
202011241330,0,0
202011241325,0,0
202011241320,0,0
202011241315,0,0
202011241310,0,0
202011241305,0,0
202011241300,0,0
202011241255,0,0
202011241250,0,0
202011241245,0,0
202011241240,0,0
202011241235,0,0
202011241230,0,0
202011241225,0,0
202011241220,0,0
202011241215,0,0
202011241210,0,0
202011241205,0,0
202011241200,0,0
202011241155,0,0
202011241150,0,0
202011241145,0,0
202011241140,0,0
202011241135,0,0
202011241130,0,0
202011241125,0,0
202011241120,0,0
202011241115,0,0
202011241110,0,0
202011241105,0,0
202011241100,0,0
202011241055,0,0
202011241050,0,0
202011241045,0,0
202011241040,2,88300
202011241035,0,0
202011241030,0,0
202011241025,0,0
202011241020,0,0
202011241015,0,0
202011241010,0,0
202011241005,0,0
202011241000,0,0
202011240955,0,0
202011240950,0,0
202011240945,0,0
202011240940,0,0
202011240935,0,0
202011240930,0,0
202011240925,1,90300
202011240920,0,0
202011240915,0,0
202011240910,0,0
202011240905,0,0
202011231530,2,89700
202011231520,0,0
202011231515,0,0
202011231510,0,0
202011231505,0,0
202011231500,1,90300
202011231455,0,0
202011231450,0,0
202011231445,0,0
202011231440,0,0
202011231435,2,89900
202011231430,0,0
202011231425,0,0
202011231420,0,0
202011231415,0,0
202011231410,0,0
202011231405,0,0
202011231400,0,0
202011231355,1,89800
202011231350,0,0
202011231345,0,0
202011231340,0,0
202011231335,0,0
202011231330,0,0
202011231325,0,0
202011231320,0,0
202011231315,0,0
202011231310,0,0
202011231305,0,0
202011231300,0,0
202011231255,0,0
202011231250,0,0
202011231245,0,0
202011231240,0,0
202011231235,0,0
202011231230,0,0
202011231225,0,0
202011231220,0,0
202011231215,0,0
202011231210,0,0
202011231205,0,0
202011231200,0,0
202011231155,0,0
202011231150,0,0
202011231145,0,0
202011231140,0,0
202011231135,0,0
202011231130,0,0
202011231125,0,0
202011231120,0,0
202011231115,0,0
202011231110,0,0
202011231105,0,0
202011231100,0,0
202011231055,0,0
202011231050,0,0
202011231045,0,0
202011231040,0,0
202011231035,0,0
202011231030,2,90300
202011231025,0,0
202011231020,0,0
202011231015,0,0
202011231010,0,0
202011231005,0,0
202011231000,0,0
202011230955,0,0
202011230950,0,0
202011230945,0,0
202011230940,0,0
202011230935,0,0
202011230930,0,0
202011230925,0,0
202011230920,0,0
202011230915,0,0
202011230910,0,0
202011230905,0,0
202011201530,0,0
202011201520,0,0
202011201515,0,0
202011201510,0,0
202011201505,0,0
202011201500,0,0
202011201455,0,0
202011201450,1,89800
202011201445,2,89900
202011201440,0,0
202011201435,0,0
202011201430,1,89500
202011201425,2,89700
202011201420,1,89500
202011201415,2,89200
202011201410,0,0
202011201405,0,0
202011201400,0,0
202011201355,0,0
202011201350,0,0
202011201345,0,0
202011201340,0,0
202011201335,0,0
202011201330,1,89300
202011201325,0,0
202011201320,0,0
202011201315,0,0
202011201310,0,0
202011201305,0,0
202011201300,0,0
202011201255,0,0
202011201250,0,0
202011201245,0,0
202011201240,0,0
202011201235,0,0
202011201230,0,0
202011201225,2,89200
202011201220,0,0
202011201215,0,0
202011201210,1,89400
202011201205,0,0
202011201200,0,0
202011201155,0,0
202011201150,0,0
202011201145,0,0
202011201140,0,0
202011201135,0,0
202011201130,0,0
202011201125,0,0
202011201120,0,0
202011201115,0,0
202011201110,0,0
202011201105,0,0
202011201100,0,0
202011201055,2,89100
202011201050,0,0
202011201045,0,0
202011201040,1,89100
202011201035,0,0
202011201030,0,0
202011201025,0,0
202011201020,0,0
202011201015,0,0
202011201010,0,0
202011201005,0,0
202011201000,0,0
202011200955,0,0
202011200950,2,89000
202011200945,0,0
202011200940,0,0
202011200935,0,0
202011200930,0,0
202011200925,0,0
202011200920,1,89200
202011200915,0,0
202011200910,0,0
202011200905,0,0
202011191530,2,91100
202011191520,0,0
202011191515,0,0
202011191510,0,0
202011191505,0,0
202011191500,0,0
202011191455,0,0
202011191450,0,0
202011191445,0,0
202011191440,0,0
202011191435,0,0
202011191430,0,0
202011191425,0,0
202011191420,0,0
202011191415,1,89100
202011191410,0,0
202011191405,2,89000
202011191400,0,0
202011191355,0,0
202011191350,0,0
202011191345,0,0
202011191340,0,0
202011191335,0,0
202011191330,0,0
202011191325,0,0
202011191320,0,0
202011191315,0,0
202011191310,0,0
202011191305,0,0
202011191300,0,0
202011191255,0,0
202011191250,0,0
202011191245,0,0
202011191240,0,0
202011191235,0,0
202011191230,0,0
202011191225,0,0
202011191220,0,0
202011191215,1,88500
202011191210,0,0
202011191205,2,88700
202011191200,0,0
202011191155,0,0
202011191150,0,0
202011191145,0,0
202011191140,0,0
202011191135,1,88300
202011191130,0,0
202011191125,0,0
202011191120,0,0
202011191115,0,0
202011191110,0,0
202011191105,0,0
202011191100,0,0
202011191055,0,0
202011191050,0,0
202011191045,0,0
202011191040,0,0
202011191035,2,88300
202011191030,0,0
202011191025,0,0
202011191020,0,0
202011191015,0,0
202011191010,0,0
202011191005,0,0
202011191000,0,0
202011190955,0,0
202011190950,0,0
202011190945,0,0
202011190940,1,88300
202011190935,0,0
202011190930,0,0
202011190925,0,0
202011190920,0,0
202011190915,0,0
202011190910,0,0
202011190905,0,0
202011181530,0,0
202011181520,0,0
202011181515,0,0
202011181510,0,0
202011181505,0,0
202011181500,0,0
202011181455,0,0
202011181450,0,0
202011181445,0,0
202011181440,0,0
202011181435,0,0
202011181430,0,0
202011181425,0,0
202011181420,0,0
202011181415,0,0
202011181410,0,0
202011181405,0,0
202011181400,0,0
202011181355,0,0
202011181350,0,0
202011181345,0,0
202011181340,0,0
202011181335,2,86900
202011181330,0,0
202011181325,0,0
202011181320,0,0
202011181315,0,0
202011181310,0,0
202011181305,0,0
202011181300,0,0
202011181255,0,0
202011181250,0,0
202011181245,0,0
202011181240,0,0
202011181235,0,0
202011181230,0,0
202011181225,0,0
202011181220,0,0
202011181215,0,0
202011181210,0,0
202011181205,0,0
202011181200,0,0
202011181155,0,0
202011181150,0,0
202011181145,1,86900
202011181140,2,86800
202011181135,0,0
202011181130,0,0
202011181125,0,0
202011181120,0,0
202011181115,0,0
202011181110,0,0
202011181105,0,0
202011181100,0,0
202011181055,0,0
202011181050,0,0
202011181045,0,0
202011181040,0,0
202011181035,0,0
202011181030,0,0
202011181025,0,0
202011181020,0,0
202011181015,0,0
202011181010,1,86000
202011181005,0,0
202011181000,0,0
202011180955,0,0
202011180950,0,0
202011180945,0,0
202011180940,0,0
202011180935,0,0
202011180930,0,0
202011180925,0,0
202011180920,0,0
202011180915,0,0
202011180910,0,0
202011180905,2,85000
202011171530,1,84900
202011171520,2,84100
202011171515,1,84100
202011171510,0,0
202011171505,0,0
202011171500,0,0
202011171455,0,0
202011171450,0,0
202011171445,0,0
202011171440,0,0
202011171435,0,0
202011171430,0,0
202011171425,0,0
202011171420,2,86400
202011171415,0,0
202011171410,0,0
202011171405,0,0
202011171400,0,0
202011171355,0,0
202011171350,0,0
202011171345,0,0
202011171340,0,0
202011171335,0,0
202011171330,0,0
202011171325,0,0
202011171320,1,86900
202011171315,2,86900
202011171310,0,0
202011171305,0,0
202011171300,0,0
202011171255,0,0
202011171250,0,0
202011171245,0,0
202011171240,0,0
202011171235,0,0
202011171230,0,0
202011171225,0,0
202011171220,1,87200
202011171215,0,0
202011171210,0,0
202011171205,0,0
202011171200,0,0
202011171155,0,0
202011171150,0,0
202011171145,0,0
202011171140,0,0
202011171135,0,0
202011171130,0,0
202011171125,0,0
202011171120,0,0
202011171115,0,0
202011171110,0,0
202011171105,0,0
202011171100,0,0
202011171055,0,0
202011171050,0,0
202011171045,2,87700
202011171040,0,0
202011171035,0,0
202011171030,0,0
202011171025,0,0
202011171020,0,0
202011171015,0,0
202011171010,0,0
202011171005,0,0
202011171000,0,0
202011170955,0,0
202011170950,0,0
202011170945,0,0
202011170940,0,0
202011170935,0,0
202011170930,1,87300
202011170925,0,0
202011170920,0,0
202011170915,0,0
202011170910,2,87100
202011170905,0,0
202011161530,0,0
202011161520,1,88300
202011161515,0,0
202011161510,0,0
202011161505,0,0
202011161500,0,0
202011161455,0,0
202011161450,0,0
202011161445,0,0
202011161440,2,87700
202011161435,1,87700
202011161430,0,0
202011161425,0,0
202011161420,0,0
202011161415,0,0
202011161410,0,0
202011161405,0,0
202011161400,0,0
202011161355,0,0
202011161350,0,0
202011161345,0,0
202011161340,0,0
202011161335,0,0
202011161330,0,0
202011161325,0,0
202011161320,0,0
202011161315,0,0
202011161310,0,0
202011161305,0,0
202011161300,0,0
202011161255,0,0
202011161250,0,0
202011161245,0,0
202011161240,0,0
202011161235,0,0
202011161230,2,87500
202011161225,0,0
202011161220,0,0
202011161215,0,0
202011161210,1,87000
202011161205,0,0
202011161200,0,0
202011161155,0,0
202011161150,0,0
202011161145,0,0
202011161140,0,0
202011161135,0,0
202011161130,0,0
202011161125,0,0
202011161120,0,0
202011161115,0,0
202011161110,0,0
202011161105,0,0
202011161100,0,0
202011161055,0,0
202011161050,0,0
202011161045,0,0
202011161040,0,0
202011161035,0,0
202011161030,0,0
202011161025,0,0
202011161020,0,0
202011161015,0,0
202011161010,0,0
202011161005,0,0
202011161000,2,87200
202011160955,0,0
202011160950,0,0
202011160945,0,0
202011160940,0,0
202011160935,0,0
202011160930,0,0
202011160925,0,0
202011160920,0,0
202011160915,0,0
202011160910,0,0
202011160905,0,0
202011131530,0,0
202011131520,0,0
202011131515,0,0
202011131510,0,0
202011131505,0,0
202011131500,0,0
202011131455,0,0
202011131450,0,0
202011131445,1,86900
202011131440,0,0
202011131435,0,0
202011131430,0,0
202011131425,0,0
202011131420,0,0
202011131415,0,0
202011131410,2,86600
202011131405,0,0
202011131400,0,0
202011131355,0,0
202011131350,0,0
202011131345,0,0
202011131340,0,0
202011131335,0,0
202011131330,0,0
202011131325,0,0
202011131320,0,0
202011131315,0,0
202011131310,0,0
202011131305,0,0
202011131300,0,0
202011131255,0,0
202011131250,0,0
202011131245,0,0
202011131240,0,0
202011131235,0,0
202011131230,1,87000
202011131225,0,0
202011131220,0,0
202011131215,0,0
202011131210,0,0
202011131205,0,0
202011131200,0,0
202011131155,0,0
202011131150,0,0
202011131145,0,0
202011131140,0,0
202011131135,0,0
202011131130,0,0
202011131125,0,0
202011131120,0,0
202011131115,0,0
202011131110,0,0
202011131105,0,0
202011131100,0,0
202011131055,0,0
202011131050,0,0
202011131045,0,0
202011131040,0,0
202011131035,0,0
202011131030,0,0
202011131025,0,0
202011131020,0,0
202011131015,0,0
202011131010,0,0
202011131005,0,0
202011131000,0,0
202011130955,2,86800
202011130950,0,0
202011130945,0,0
202011130940,0,0
202011130935,0,0
202011130930,0,0
202011130925,0,0
202011130920,0,0
202011130915,0,0
202011130910,0,0
202011130905,0,0
202011121530,0,0
202011121520,0,0
202011121515,0,0
202011121510,0,0
202011121505,0,0
202011121500,0,0
202011121455,0,0
202011121450,0,0
202011121445,0,0
202011121440,0,0
202011121435,0,0
202011121430,0,0
202011121425,0,0
202011121420,0,0
202011121415,0,0
202011121410,0,0
202011121405,1,88000
202011121400,0,0
202011121355,0,0
202011121350,0,0
202011121345,0,0
202011121340,0,0
202011121335,0,0
202011121330,0,0
202011121325,0,0
202011121320,0,0
202011121315,0,0
202011121310,2,88300
202011121305,0,0
202011121300,0,0
202011121255,0,0
202011121250,1,88400
202011121245,0,0
202011121240,0,0
202011121235,0,0
202011121230,0,0
202011121225,0,0
202011121220,0,0
202011121215,0,0
202011121210,2,88100
202011121205,0,0
202011121200,0,0
202011121155,0,0
202011121150,0,0
202011121145,1,88100
202011121140,0,0
202011121135,0,0
202011121130,0,0
202011121125,0,0
202011121120,0,0
202011121115,0,0
202011121110,2,87700
202011121105,0,0
202011121100,0,0
202011121055,0,0
202011121050,0,0
202011121045,0,0
202011121040,0,0
202011121035,0,0
202011121030,0,0
202011121025,0,0
202011121020,1,87700
202011121015,0,0
202011121010,0,0
202011121005,0,0
202011121000,0,0
202011120955,0,0
202011120950,0,0
202011120945,0,0
202011120940,0,0
202011120935,0,0
202011120930,0,0
202011120925,0,0
202011120920,0,0
202011120915,0,0
202011120910,0,0
202011120905,0,0
202011111530,0,0
202011111520,0,0
202011111515,0,0
202011111510,0,0
202011111505,0,0
202011111500,0,0
202011111455,0,0
202011111450,0,0
202011111445,0,0
202011111440,2,87700
202011111435,0,0
202011111430,0,0
202011111425,0,0
202011111420,0,0
202011111415,0,0
202011111410,0,0
202011111405,1,87800
202011111400,0,0
202011111355,0,0
202011111350,0,0
202011111345,0,0
202011111340,0,0
202011111335,0,0
202011111330,0,0
202011111325,0,0
202011111320,0,0
202011111315,0,0
202011111310,0,0
202011111305,0,0
202011111300,0,0
202011111255,0,0
202011111250,0,0
202011111245,0,0
202011111240,0,0
202011111235,0,0
202011111230,0,0
202011111225,0,0
202011111220,0,0
202011111215,0,0
202011111210,0,0
202011111205,0,0
202011111200,0,0
202011111155,0,0
202011111150,0,0
202011111145,0,0
202011111140,0,0
202011111135,0,0
202011111130,0,0
202011111125,0,0
202011111120,0,0
202011111115,0,0
202011111110,0,0
202011111105,0,0
202011111100,0,0
202011111055,0,0
202011111050,0,0
202011111045,0,0
202011111040,0,0
202011111035,0,0
202011111030,0,0
202011111025,0,0
202011111020,0,0
202011111015,0,0
202011111010,2,89300
202011111005,0,0
202011111000,0,0
202011110955,0,0
202011110950,0,0
202011110945,0,0
202011110940,0,0
202011110935,0,0
202011110930,0,0
202011110925,0,0
202011110920,0,0
202011110915,0,0
202011110910,0,0
202011110905,0,0
202011101530,0,0
202011101520,0,0
202011101515,0,0
202011101510,0,0
202011101505,0,0
202011101500,0,0
202011101455,0,0
202011101450,0,0
202011101445,0,0
202011101440,0,0
202011101435,0,0
202011101430,0,0
202011101425,0,0
202011101420,0,0
202011101415,0,0
202011101410,0,0
202011101405,0,0
202011101400,0,0
202011101355,0,0
202011101350,0,0
202011101345,0,0
202011101340,0,0
202011101335,0,0
202011101330,0,0
202011101325,0,0
202011101320,0,0
202011101315,0,0
202011101310,0,0
202011101305,1,87200
202011101300,0,0
202011101255,0,0
202011101250,2,87300
202011101245,0,0
202011101240,0,0
202011101235,0,0
202011101230,0,0
202011101225,0,0
202011101220,0,0
202011101215,0,0
202011101210,1,87400
202011101205,2,87300
202011101200,1,87200
202011101155,0,0
202011101150,0,0
202011101145,0,0
202011101140,0,0
202011101135,0,0
202011101130,0,0
202011101125,2,87200
202011101120,0,0
202011101115,0,0
202011101110,0,0
202011101105,0,0
202011101100,0,0
202011101055,0,0
202011101050,0,0
202011101045,0,0
202011101040,0,0
202011101035,0,0
202011101030,0,0
202011101025,0,0
202011101020,0,0
202011101015,0,0
202011101010,0,0
202011101005,0,0
202011101000,0,0
202011100955,1,86700
202011100950,0,0
202011100945,0,0
202011100940,0,0
202011100935,0,0
202011100930,0,0
202011100925,0,0
202011100920,0,0
202011100915,0,0
202011100910,0,0
202011100905,0,0
202011091530,0,0
202011091520,0,0
202011091515,0,0
202011091510,0,0
202011091505,0,0
202011091500,0,0
202011091455,0,0
202011091450,0,0
202011091445,0,0
202011091440,0,0
202011091435,0,0
202011091430,0,0
202011091425,0,0
202011091420,2,87300
202011091415,0,0
202011091410,0,0
202011091405,0,0
202011091400,0,0
202011091355,0,0
202011091350,0,0
202011091345,0,0
202011091340,0,0
202011091335,0,0
202011091330,0,0
202011091325,0,0
202011091320,0,0
202011091315,0,0
202011091310,0,0
202011091305,0,0
202011091300,0,0
202011091255,1,86500
202011091250,0,0
202011091245,0,0
202011091240,0,0
202011091235,0,0
202011091230,0,0
202011091225,0,0
202011091220,0,0
202011091215,0,0
202011091210,0,0
202011091205,0,0
202011091200,0,0
202011091155,0,0
202011091150,0,0
202011091145,0,0
202011091140,0,0
202011091135,0,0
202011091130,0,0
202011091125,0,0
202011091120,0,0
202011091115,0,0
202011091110,0,0
202011091105,0,0
202011091100,0,0
202011091055,0,0
202011091050,0,0
202011091045,0,0
202011091040,0,0
202011091035,0,0
202011091030,0,0
202011091025,2,86200
202011091020,0,0
202011091015,0,0
202011091010,0,0
202011091005,0,0
202011091000,0,0
202011090955,0,0
202011090950,0,0
202011090945,0,0
202011090940,0,0
202011090935,0,0
202011090930,0,0
202011090925,0,0
202011090920,0,0
202011090915,0,0
202011090910,0,0
202011090905,0,0
202011061530,0,0
202011061520,0,0
202011061515,0,0
202011061510,0,0
202011061505,0,0
202011061500,0,0
202011061455,0,0
202011061450,1,84100
202011061445,2,84200
202011061440,0,0
202011061435,0,0
202011061430,1,83900
202011061425,2,84400
202011061420,0,0
202011061415,0,0
202011061410,0,0
202011061405,1,85300
202011061400,0,0
202011061355,0,0
202011061350,0,0
202011061345,2,85200
202011061340,1,85300
202011061335,2,85400
202011061330,0,0
202011061325,0,0
202011061320,0,0
202011061315,0,0
202011061310,0,0
202011061305,0,0
202011061300,0,0
202011061255,0,0
202011061250,0,0
202011061245,0,0
202011061240,0,0
202011061235,0,0
202011061230,0,0
202011061225,0,0
202011061220,0,0
202011061215,0,0
202011061210,0,0
202011061205,0,0
202011061200,1,84000
202011061155,0,0
202011061150,0,0
202011061145,0,0
202011061140,0,0
202011061135,0,0
202011061130,0,0
202011061125,0,0
202011061120,0,0
202011061115,0,0
202011061110,0,0
202011061105,0,0
202011061100,0,0
202011061055,0,0
202011061050,0,0
202011061045,0,0
202011061040,0,0
202011061035,0,0
202011061030,0,0
202011061025,0,0
202011061020,0,0
202011061015,0,0
202011061010,0,0
202011061005,0,0
202011061000,0,0
202011060955,0,0
202011060950,0,0
202011060945,0,0
202011060940,0,0
202011060935,0,0
202011060930,2,83800
202011060925,0,0
202011060920,0,0
202011060915,0,0
202011060910,0,0
202011060905,0,0
202011051530,0,0
202011051520,0,0
202011051515,0,0
202011051510,0,0
202011051505,0,0
202011051500,0,0
202011051455,0,0
202011051450,0,0
202011051445,0,0
202011051440,0,0
202011051435,0,0
202011051430,0,0
202011051425,0,0
202011051420,0,0
202011051415,0,0
202011051410,0,0
202011051405,0,0
202011051400,1,84500
202011051355,0,0
202011051350,0,0
202011051345,0,0
202011051340,0,0
202011051335,0,0
202011051330,0,0
202011051325,0,0
202011051320,0,0
202011051315,0,0
202011051310,0,0
202011051305,0,0
202011051300,2,83800
202011051255,0,0
202011051250,0,0
202011051245,0,0
202011051240,0,0
202011051235,0,0
202011051230,0,0
202011051225,0,0
202011051220,1,83800
202011051215,0,0
202011051210,0,0
202011051205,0,0
202011051200,0,0
202011051155,0,0
202011051150,0,0
202011051145,0,0
202011051140,0,0
202011051135,0,0
202011051130,0,0
202011051125,0,0
202011051120,0,0
202011051115,0,0
202011051110,0,0
202011051105,0,0
202011051100,0,0
202011051055,0,0
202011051050,0,0
202011051045,0,0
202011051040,0,0
202011051035,0,0
202011051030,0,0
202011051025,0,0
202011051020,0,0
202011051015,0,0
202011051010,2,82500
202011051005,0,0
202011051000,0,0
202011050955,0,0
202011050950,0,0
202011050945,0,0
202011050940,0,0
202011050935,0,0
202011050930,0,0
202011050925,0,0
202011050920,0,0
202011050915,0,0
202011050910,0,0
202011050905,0,0
202011041530,1,81600
202011041520,0,0
202011041515,0,0
202011041510,0,0
202011041505,0,0
202011041500,0,0
202011041455,0,0
202011041450,0,0
202011041445,0,0
202011041440,0,0
202011041435,0,0
202011041430,0,0
202011041425,0,0
202011041420,0,0
202011041415,0,0
202011041410,0,0
202011041405,0,0
202011041400,0,0
202011041355,0,0
202011041350,0,0
202011041345,0,0
202011041340,2,83100
202011041335,0,0
202011041330,0,0
202011041325,0,0
202011041320,0,0
202011041315,0,0
202011041310,0,0
202011041305,0,0
202011041300,0,0
202011041255,0,0
202011041250,0,0
202011041245,0,0
202011041240,0,0
202011041235,0,0
202011041230,0,0
202011041225,0,0
202011041220,0,0
202011041215,0,0
202011041210,0,0
202011041205,0,0
202011041200,0,0
202011041155,0,0
202011041150,1,83100
202011041145,0,0
202011041140,0,0
202011041135,2,83100
202011041130,0,0
202011041125,0,0
202011041120,0,0
202011041115,0,0
202011041110,0,0
202011041105,0,0
202011041100,0,0
202011041055,0,0
202011041050,0,0
202011041045,0,0
202011041040,0,0
202011041035,1,82900
202011041030,0,0
202011041025,0,0
202011041020,0,0
202011041015,0,0
202011041010,0,0
202011041005,0,0
202011041000,0,0
202011040955,0,0
202011040950,0,0
202011040945,0,0
202011040940,0,0
202011040935,0,0
202011040930,0,0
202011040925,0,0
202011040920,0,0
202011040915,0,0
202011040910,0,0
202011040905,2,83000
202011031530,0,0
202011031520,0,0
202011031515,0,0
202011031510,0,0
202011031505,0,0
202011031500,0,0
202011031455,0,0
202011031450,0,0
202011031445,0,0
202011031440,0,0
202011031435,0,0
202011031430,0,0
202011031425,1,84800
202011031420,0,0
202011031415,0,0
202011031410,0,0
202011031405,0,0
202011031400,0,0
202011031355,0,0
202011031350,0,0
202011031345,0,0
202011031340,0,0
202011031335,0,0
202011031330,0,0
202011031325,0,0
202011031320,0,0
202011031315,0,0
202011031310,0,0
202011031305,0,0
202011031300,0,0
202011031255,0,0
202011031250,0,0
202011031245,0,0
202011031240,0,0
202011031235,0,0
202011031230,0,0
202011031225,0,0
202011031220,0,0
202011031215,0,0
202011031210,0,0
202011031205,0,0
202011031200,0,0
202011031155,0,0
202011031150,0,0
202011031145,0,0
202011031140,0,0
202011031135,0,0
202011031130,0,0
202011031125,0,0
202011031120,0,0
202011031115,0,0
202011031110,0,0
202011031105,0,0
202011031100,0,0
202011031055,0,0
202011031050,2,84600
202011031045,0,0
202011031040,0,0
202011031035,0,0
202011031030,0,0
202011031025,0,0
202011031020,0,0
202011031015,0,0
202011031010,0,0
202011031005,0,0
202011031000,0,0
202011030955,0,0
202011030950,0,0
202011030945,0,0
202011030940,0,0
202011030935,0,0
202011030930,0,0
202011030925,0,0
202011030920,0,0
202011030915,0,0
202011030910,0,0
202011030905,0,0
202011021530,0,0
202011021520,0,0
202011021515,0,0
202011021510,0,0
202011021505,0,0
202011021500,0,0
202011021455,0,0
202011021450,0,0
202011021445,0,0
202011021440,0,0
202011021435,1,85100
202011021430,0,0
202011021425,2,84800
202011021420,0,0
202011021415,0,0
202011021410,0,0
202011021405,0,0
202011021400,0,0
202011021355,0,0
202011021350,0,0
202011021345,0,0
202011021340,0,0
202011021335,0,0
202011021330,0,0
202011021325,0,0
202011021320,0,0
202011021315,0,0
202011021310,0,0
202011021305,0,0
202011021300,0,0
202011021255,0,0
202011021250,0,0
202011021245,0,0
202011021240,1,84000
202011021235,0,0
202011021230,0,0
202011021225,0,0
202011021220,0,0
202011021215,0,0
202011021210,0,0
202011021205,0,0
202011021200,0,0
202011021155,0,0
202011021150,0,0
202011021145,0,0
202011021140,0,0
202011021135,0,0
202011021130,0,0
202011021125,0,0
202011021120,0,0
202011021115,0,0
202011021110,0,0
202011021105,2,84300
202011021100,0,0
202011021055,0,0
202011021050,0,0
202011021045,0,0
202011021040,0,0
202011021035,0,0
202011021030,0,0
202011021025,0,0
202011021020,0,0
202011021015,0,0
202011021010,0,0
202011021005,0,0
202011021000,0,0
202011020955,0,0
202011020950,0,0
202011020945,0,0
202011020940,1,84200
202011020935,0,0
202011020930,0,0
202011020925,0,0
202011020920,0,0
202011020915,0,0
202011020910,0,0
202011020905,0,0
202011021530,2,83600
202011021520,0,0
202011021515,0,0
202011021510,0,0
202011021505,0,0
202011021500,0,0
202011021455,0,0
202011021450,0,0
202011021445,0,0
202011021440,0,0
202011021435,1,82900
202011021430,0,0
202011021425,2,82900
202011021420,0,0
202011021415,0,0
202011021410,0,0
202011021405,0,0
202011021400,0,0
202011021355,0,0
202011021350,0,0
202011021345,0,0
202011021340,0,0
202011021335,0,0
202011021330,0,0
202011021325,0,0
202011021320,0,0
202011021315,0,0
202011021310,0,0
202011021305,0,0
202011021300,0,0
202011021255,0,0
202011021250,0,0
202011021245,0,0
202011021240,1,82800
202011021235,0,0
202011021230,0,0
202011021225,0,0
202011021220,0,0
202011021215,0,0
202011021210,0,0
202011021205,0,0
202011021200,0,0
202011021155,0,0
202011021150,0,0
202011021145,0,0
202011021140,0,0
202011021135,0,0
202011021130,0,0
202011021125,0,0
202011021120,0,0
202011021115,0,0
202011021110,0,0
202011021105,2,82300
202011021100,0,0
202011021055,0,0
202011021050,0,0
202011021045,0,0
202011021040,0,0
202011021035,0,0
202011021030,0,0
202011021025,0,0
202011021020,0,0
202011021015,0,0
202011021010,0,0
202011021005,0,0
202011021000,0,0
202011020955,0,0
202011020950,0,0
202011020945,0,0
202011020940,0,0
202011020935,0,0
202011020930,1,82700
202011020925,0,0
202011020920,0,0
202011020915,0,0
202011020910,0,0
202011020905,0,0
202010301530,0,0
202010301520,0,0
202010301515,0,0
202010301510,0,0
202010301505,0,0
202010301500,0,0
202010301455,0,0
202010301450,0,0
202010301445,0,0
202010301440,0,0
202010301435,0,0
202010301430,0,0
202010301425,0,0
202010301420,0,0
202010301415,2,82700
202010301410,0,0
202010301405,0,0
202010301400,0,0
202010301355,0,0
202010301350,0,0
202010301345,0,0
202010301340,0,0
202010301335,0,0
202010301330,0,0
202010301325,0,0
202010301320,0,0
202010301315,1,83000
202010301310,0,0
202010301305,0,0
202010301300,0,0
202010301255,0,0
202010301250,0,0
202010301245,0,0
202010301240,0,0
202010301235,2,82700
202010301230,0,0
202010301225,0,0
202010301220,0,0
202010301215,0,0
202010301210,0,0
202010301205,1,82900
202010301200,2,82700
202010301155,0,0
202010301150,0,0
202010301145,1,82600
202010301140,0,0
202010301135,0,0
202010301130,0,0
202010301125,0,0
202010301120,0,0
202010301115,2,82900
202010301110,0,0
202010301105,0,0
202010301100,0,0
202010301055,0,0
202010301050,0,0
202010301045,0,0
202010301040,0,0
202010301035,1,82900
202010301030,0,0
202010301025,0,0
202010301020,0,0
202010301015,0,0
202010301010,0,0
202010301005,0,0
202010301000,0,0
202010300955,0,0
202010300950,0,0
202010300945,0,0
202010300940,0,0
202010300935,0,0
202010300930,0,0
202010300925,0,0
202010300920,0,0
202010300915,0,0
202010300910,0,0
202010300905,0,0
202010291530,2,83300
202010291520,0,0
202010291515,0,0
202010291510,0,0
202010291505,0,0
202010291500,0,0
202010291455,0,0
202010291450,0,0
202010291445,0,0
202010291440,0,0
202010291435,0,0
202010291430,0,0
202010291425,0,0
202010291420,0,0
202010291415,0,0
202010291410,0,0
202010291405,0,0
202010291400,0,0
202010291355,0,0
202010291350,0,0
202010291345,0,0
202010291340,0,0
202010291335,0,0
202010291330,0,0
202010291325,0,0
202010291320,0,0
202010291315,0,0
202010291310,0,0
202010291305,0,0
202010291300,0,0
202010291255,0,0
202010291250,1,83600
202010291245,0,0
202010291240,0,0
202010291235,0,0
202010291230,0,0
202010291225,0,0
202010291220,0,0
202010291215,0,0
202010291210,0,0
202010291205,0,0
202010291200,2,84000
202010291155,0,0
202010291150,0,0
202010291145,0,0
202010291140,0,0
202010291135,0,0
202010291130,0,0
202010291125,0,0
202010291120,0,0
202010291115,0,0
202010291110,0,0
202010291105,0,0
202010291100,0,0
202010291055,0,0
202010291050,0,0
202010291045,0,0
202010291040,0,0
202010291035,0,0
202010291030,1,83400
202010291025,0,0
202010291020,0,0
202010291015,0,0
202010291010,0,0
202010291005,0,0
202010291000,0,0
202010290955,0,0
202010290950,0,0
202010290945,0,0
202010290940,0,0
202010290935,0,0
202010290930,0,0
202010290925,0,0
202010290920,0,0
202010290915,0,0
202010290910,0,0
202010290905,0,0
202010281530,2,84600
202010281520,0,0
202010281515,0,0
202010281510,0,0
202010281505,0,0
202010281500,0,0
202010281455,0,0
202010281450,0,0
202010281445,0,0
202010281440,1,84200
202010281435,2,84600
202010281430,0,0
202010281425,0,0
202010281420,0,0
202010281415,0,0
202010281410,0,0
202010281405,1,84100
202010281400,0,0
202010281355,0,0
202010281350,2,84300
202010281345,0,0
202010281340,0,0
202010281335,0,0
202010281330,0,0
202010281325,0,0
202010281320,0,0
202010281315,0,0
202010281310,1,84000
202010281305,0,0
202010281300,0,0
202010281255,0,0
202010281250,0,0
202010281245,2,83700
202010281240,0,0
202010281235,0,0
202010281230,0,0
202010281225,0,0
202010281220,0,0
202010281215,0,0
202010281210,0,0
202010281205,0,0
202010281200,0,0
202010281155,0,0
202010281150,0,0
202010281145,0,0
202010281140,0,0
202010281135,0,0
202010281130,0,0
202010281125,0,0
202010281120,0,0
202010281115,0,0
202010281110,0,0
202010281105,0,0
202010281100,0,0
202010281055,0,0
202010281050,0,0
202010281045,0,0
202010281040,0,0
202010281035,0,0
202010281030,0,0
202010281025,0,0
202010281020,0,0
202010281015,0,0
202010281010,0,0
202010281005,1,83300
202010281000,0,0
202010280955,0,0
202010280950,0,0
202010280945,0,0
202010280940,0,0
202010280935,0,0
202010280930,0,0
202010280925,0,0
202010280920,0,0
202010280915,0,0
202010280910,0,0
202010280905,0,0
202010271530,2,82500
202010271520,0,0
202010271515,0,0
202010271510,0,0
202010271505,1,82400
202010271500,0,0
202010271455,0,0
202010271450,0,0
202010271445,0,0
202010271440,0,0
202010271435,2,82200
202010271430,0,0
202010271425,0,0
202010271420,0,0
202010271415,0,0
202010271410,0,0
202010271405,0,0
202010271400,1,81800
202010271355,0,0
202010271350,0,0
202010271345,0,0
202010271340,0,0
202010271335,0,0
202010271330,0,0
202010271325,0,0
202010271320,2,82200
202010271315,0,0
202010271310,0,0
202010271305,0,0
202010271300,0,0
202010271255,0,0
202010271250,0,0
202010271245,0,0
202010271240,0,0
202010271235,0,0
202010271230,0,0
202010271225,1,82300
202010271220,0,0
202010271215,0,0
202010271210,0,0
202010271205,2,82100
202010271200,0,0
202010271155,0,0
202010271150,0,0
202010271145,0,0
202010271140,0,0
202010271135,0,0
202010271130,0,0
202010271125,0,0
202010271120,0,0
202010271115,0,0
202010271110,0,0
202010271105,0,0
202010271100,0,0
202010271055,0,0
202010271050,0,0
202010271045,0,0
202010271040,0,0
202010271035,0,0
202010271030,0,0
202010271025,0,0
202010271020,0,0
202010271015,0,0
202010271010,0,0
202010271005,0,0
202010271000,0,0
202010270955,0,0
202010270950,1,82200
202010270945,0,0
202010270940,0,0
202010270935,0,0
202010270930,0,0
202010270925,0,0
202010270920,0,0
202010270915,0,0
202010270910,0,0
202010270905,0,0
202010261530,0,0
202010261520,0,0
202010261515,2,83600
202010261510,0,0
202010261505,0,0
202010261500,0,0
202010261455,1,84100
202010261450,0,0
202010261445,0,0
202010261440,0,0
202010261435,0,0
202010261430,0,0
202010261425,2,84100
202010261420,0,0
202010261415,1,84300
202010261410,0,0
202010261405,0,0
202010261400,0,0
202010261355,0,0
202010261350,2,84100
202010261345,0,0
202010261340,1,84000
202010261335,0,0
202010261330,0,0
202010261325,0,0
202010261320,0,0
202010261315,0,0
202010261310,0,0
202010261305,0,0
202010261300,0,0
202010261255,0,0
202010261250,0,0
202010261245,0,0
202010261240,0,0
202010261235,0,0
202010261230,0,0
202010261225,0,0
202010261220,0,0
202010261215,0,0
202010261210,0,0
202010261205,0,0
202010261200,0,0
202010261155,2,84100
202010261150,0,0
202010261145,0,0
202010261140,0,0
202010261135,0,0
202010261130,0,0
202010261125,0,0
202010261120,0,0
202010261115,1,84300
202010261110,0,0
202010261105,0,0
202010261100,0,0
202010261055,0,0
202010261050,0,0
202010261045,0,0
202010261040,0,0
202010261035,0,0
202010261030,2,84100
202010261025,0,0
202010261020,0,0
202010261015,0,0
202010261010,0,0
202010261005,0,0
202010261000,0,0
202010260955,0,0
202010260950,0,0
202010260945,0,0
202010260940,0,0
202010260935,0,0
202010260930,0,0
202010260925,0,0
202010260920,0,0
202010260915,0,0
202010260910,0,0
202010260905,0,0
202010231530,1,84600
202010231520,0,0
202010231515,0,0
202010231510,0,0
202010231505,0,0
202010231500,0,0
202010231455,0,0
202010231450,0,0
202010231445,0,0
202010231440,0,0
202010231435,0,0
202010231430,0,0
202010231425,0,0
202010231420,0,0
202010231415,0,0
202010231410,0,0
202010231405,0,0
202010231400,0,0
202010231355,0,0
202010231350,0,0
202010231345,0,0
202010231340,0,0
202010231335,0,0
202010231330,0,0
202010231325,0,0
202010231320,0,0
202010231315,0,0
202010231310,0,0
202010231305,0,0
202010231300,0,0
202010231255,0,0
202010231250,0,0
202010231245,0,0
202010231240,2,84700
202010231235,0,0
202010231230,0,0
202010231225,0,0
202010231220,0,0
202010231215,0,0
202010231210,0,0
202010231205,0,0
202010231200,0,0
202010231155,0,0
202010231150,0,0
202010231145,0,0
202010231140,0,0
202010231135,0,0
202010231130,0,0
202010231125,0,0
202010231120,0,0
202010231115,0,0
202010231110,0,0
202010231105,1,84600
202010231100,0,0
202010231055,0,0
202010231050,0,0
202010231045,0,0
202010231040,0,0
202010231035,0,0
202010231030,0,0
202010231025,0,0
202010231020,0,0
202010231015,0,0
202010231010,2,84800
202010231005,0,0
202010231000,0,0
202010230955,0,0
202010230950,0,0
202010230945,0,0
202010230940,0,0
202010230935,1,84600
202010230930,2,84600
202010230925,1,84500
202010230920,0,0
202010230915,2,84800
202010230910,0,0
202010230905,0,0
202010221530,0,0
202010221520,0,0
202010221515,0,0
202010221510,0,0
202010221505,1,83500
202010221500,2,83900
202010221455,0,0
202010221450,0,0
202010221445,0,0
202010221440,0,0
202010221435,0,0
202010221430,0,0
202010221425,0,0
202010221420,0,0
202010221415,0,0
202010221410,0,0
202010221405,0,0
202010221400,0,0
202010221355,1,83300
202010221350,0,0
202010221345,0,0
202010221340,0,0
202010221335,2,83300
202010221330,0,0
202010221325,0,0
202010221320,0,0
202010221315,0,0
202010221310,0,0
202010221305,0,0
202010221300,0,0
202010221255,0,0
202010221250,0,0
202010221245,0,0
202010221240,0,0
202010221235,0,0
202010221230,0,0
202010221225,0,0
202010221220,0,0
202010221215,0,0
202010221210,0,0
202010221205,0,0
202010221200,0,0
202010221155,0,0
202010221150,0,0
202010221145,0,0
202010221140,0,0
202010221135,0,0
202010221130,0,0
202010221125,0,0
202010221120,0,0
202010221115,0,0
202010221110,0,0
202010221105,0,0
202010221100,0,0
202010221055,0,0
202010221050,0,0
202010221045,0,0
202010221040,0,0
202010221035,0,0
202010221030,0,0
202010221025,0,0
202010221020,0,0
202010221015,0,0
202010221010,1,83200
202010221005,0,0
202010221000,0,0
202010220955,0,0
202010220950,0,0
202010220945,0,0
202010220940,0,0
202010220935,0,0
202010220930,0,0
202010220925,0,0
202010220920,0,0
202010220915,0,0
202010220910,0,0
202010220905,0,0
202010211530,2,83400
202010211520,0,0
202010211515,0,0
202010211510,0,0
202010211505,0,0
202010211500,0,0
202010211455,1,83100
202010211450,0,0
202010211445,0,0
202010211440,0,0
202010211435,0,0
202010211430,0,0
202010211425,0,0
202010211420,0,0
202010211415,0,0
202010211410,0,0
202010211405,0,0
202010211400,0,0
202010211355,0,0
202010211350,0,0
202010211345,0,0
202010211340,0,0
202010211335,0,0
202010211330,0,0
202010211325,0,0
202010211320,0,0
202010211315,2,82500
202010211310,1,82600
202010211305,2,82600
202010211300,1,82600
202010211255,2,82700
202010211250,0,0
202010211245,0,0
202010211240,0,0
202010211235,0,0
202010211230,1,82700
202010211225,0,0
202010211220,0,0
202010211215,0,0
202010211210,0,0
202010211205,0,0
202010211200,0,0
202010211155,0,0
202010211150,0,0
202010211145,0,0
202010211140,0,0
202010211135,0,0
202010211130,0,0
202010211125,0,0
202010211120,0,0
202010211115,0,0
202010211110,0,0
202010211105,0,0
202010211100,0,0
202010211055,0,0
202010211050,0,0
202010211045,0,0
202010211040,0,0
202010211035,0,0
202010211030,0,0
202010211025,0,0
202010211020,0,0
202010211015,0,0
202010211010,0,0
202010211005,0,0
202010211000,0,0
202010210955,0,0
202010210950,2,82300
202010210945,0,0
202010210940,0,0
202010210935,0,0
202010210930,0,0
202010210925,0,0
202010210920,0,0
202010210915,0,0
202010210910,0,0
202010210905,0,0
202010201530,0,0
202010201520,0,0
202010201515,0,0
202010201510,0,0
202010201505,1,82400
202010201500,0,0
202010201455,0,0
202010201450,0,0
202010201445,0,0
202010201440,0,0
202010201435,2,82200
202010201430,0,0
202010201425,0,0
202010201420,0,0
202010201415,0,0
202010201410,0,0
202010201405,0,0
202010201400,0,0
202010201355,0,0
202010201350,0,0
202010201345,0,0
202010201340,0,0
202010201335,0,0
202010201330,0,0
202010201325,0,0
202010201320,0,0
202010201315,0,0
202010201310,0,0
202010201305,0,0
202010201300,0,0
202010201255,1,81200
202010201250,0,0
202010201245,2,81000
202010201240,1,81200
202010201235,0,0
202010201230,0,0
202010201225,0,0
202010201220,0,0
202010201215,0,0
202010201210,0,0
202010201205,0,0
202010201200,0,0
202010201155,0,0
202010201150,0,0
202010201145,0,0
202010201140,0,0
202010201135,0,0
202010201130,0,0
202010201125,0,0
202010201120,0,0
202010201115,0,0
202010201110,0,0
202010201105,0,0
202010201100,0,0
202010201055,0,0
202010201050,0,0
202010201045,0,0
202010201040,0,0
202010201035,0,0
202010201030,2,81800
202010201025,0,0
202010201020,0,0
202010201015,0,0
202010201010,0,0
202010201005,0,0
202010201000,0,0
202010200955,0,0
202010200950,0,0
202010200945,0,0
202010200940,0,0
202010200935,0,0
202010200930,0,0
202010200925,0,0
202010200920,0,0
202010200915,0,0
202010200910,0,0
202010200905,0,0
202010191530,0,0
202010191520,0,0
202010191515,0,0
202010191510,0,0
202010191505,1,83500
202010191500,0,0
202010191455,0,0
202010191450,0,0
202010191445,0,0
202010191440,0,0
202010191435,0,0
202010191430,0,0
202010191425,0,0
202010191420,0,0
202010191415,0,0
202010191410,0,0
202010191405,0,0
202010191400,0,0
202010191355,0,0
202010191350,0,0
202010191345,0,0
202010191340,0,0
202010191335,0,0
202010191330,0,0
202010191325,0,0
202010191320,0,0
202010191315,0,0
202010191310,0,0
202010191305,0,0
202010191300,0,0
202010191255,0,0
202010191250,0,0
202010191245,0,0
202010191240,0,0
202010191235,0,0
202010191230,0,0
202010191225,0,0
202010191220,0,0
202010191215,2,83000
202010191210,0,0
202010191205,1,83000
202010191200,0,0
202010191155,0,0
202010191150,0,0
202010191145,0,0
202010191140,0,0
202010191135,0,0
202010191130,0,0
202010191125,0,0
202010191120,0,0
202010191115,0,0
202010191110,0,0
202010191105,0,0
202010191100,0,0
202010191055,0,0
202010191050,0,0
202010191045,0,0
202010191040,0,0
202010191035,0,0
202010191030,0,0
202010191025,0,0
202010191020,0,0
202010191015,0,0
202010191010,0,0
202010191005,0,0
202010191000,0,0
202010190955,2,82400
202010190950,0,0
202010190945,0,0
202010190940,0,0
202010190935,0,0
202010190930,0,0
202010190925,0,0
202010190920,0,0
202010190915,0,0
202010190910,0,0
202010190905,0,0
202010161530,0,0
202010161520,0,0
202010161515,0,0
202010161510,0,0
202010161505,0,0
202010161500,0,0
202010161455,0,0
202010161450,0,0
202010161445,0,0
202010161440,0,0
202010161435,0,0
202010161430,0,0
202010161425,0,0
202010161420,0,0
202010161415,0,0
202010161410,1,81300
202010161405,0,0
202010161400,0,0
202010161355,0,0
202010161350,0,0
202010161345,0,0
202010161340,0,0
202010161335,0,0
202010161330,0,0
202010161325,2,81500
202010161320,1,81500
202010161315,0,0
202010161310,0,0
202010161305,0,0
202010161300,0,0
202010161255,0,0
202010161250,0,0
202010161245,0,0
202010161240,0,0
202010161235,0,0
202010161230,0,0
202010161225,2,81900
202010161220,0,0
202010161215,0,0
202010161210,0,0
202010161205,0,0
202010161200,0,0
202010161155,0,0
202010161150,0,0
202010161145,0,0
202010161140,0,0
202010161135,0,0
202010161130,0,0
202010161125,0,0
202010161120,0,0
202010161115,0,0
202010161110,1,82300
202010161105,0,0
202010161100,0,0
202010161055,0,0
202010161050,0,0
202010161045,0,0
202010161040,0,0
202010161035,0,0
202010161030,0,0
202010161025,0,0
202010161020,0,0
202010161015,0,0
202010161010,0,0
202010161005,0,0
202010161000,0,0
202010160955,0,0
202010160950,0,0
202010160945,0,0
202010160940,0,0
202010160935,0,0
202010160930,0,0
202010160925,2,82200
202010160920,0,0
202010160915,0,0
202010160910,0,0
202010160905,1,82000
202010151530,0,0
202010151520,2,81800
202010151515,0,0
202010151510,0,0
202010151505,0,0
202010151500,0,0
202010151455,0,0
202010151450,0,0
202010151445,0,0
202010151440,0,0
202010151435,0,0
202010151430,0,0
202010151425,0,0
202010151420,0,0
202010151415,1,82400
202010151410,0,0
202010151405,0,0
202010151400,0,0
202010151355,0,0
202010151350,0,0
202010151345,2,83100
202010151340,0,0
202010151335,0,0
202010151330,0,0
202010151325,0,0
202010151320,0,0
202010151315,0,0
202010151310,0,0
202010151305,0,0
202010151300,0,0
202010151255,0,0
202010151250,0,0
202010151245,0,0
202010151240,0,0
202010151235,0,0
202010151230,0,0
202010151225,0,0
202010151220,0,0
202010151215,0,0
202010151210,0,0
202010151205,0,0
202010151200,0,0
202010151155,0,0
202010151150,0,0
202010151145,0,0
202010151140,0,0
202010151135,0,0
202010151130,0,0
202010151125,0,0
202010151120,0,0
202010151115,0,0
202010151110,0,0
202010151105,0,0
202010151100,0,0
202010151055,0,0
202010151050,0,0
202010151045,0,0
202010151040,0,0
202010151035,0,0
202010151030,0,0
202010151025,0,0
202010151020,0,0
202010151015,0,0
202010151010,1,82100
202010151005,0,0
202010151000,0,0
202010150955,0,0
202010150950,0,0
202010150945,0,0
202010150940,0,0
202010150935,0,0
202010150930,0,0
202010150925,0,0
202010150920,0,0
202010150915,0,0
202010150910,0,0
202010150905,0,0
202010141530,2,83200
202010141520,1,83000
202010141515,0,0
202010141510,0,0
202010141505,0,0
202010141500,0,0
202010141455,0,0
202010141450,0,0
202010141445,0,0
202010141440,0,0
202010141435,0,0
202010141430,0,0
202010141425,0,0
202010141420,0,0
202010141415,0,0
202010141410,0,0
202010141405,0,0
202010141400,0,0
202010141355,0,0
202010141350,0,0
202010141345,0,0
202010141340,0,0
202010141335,0,0
202010141330,0,0
202010141325,0,0
202010141320,0,0
202010141315,0,0
202010141310,2,84200
202010141305,0,0
202010141300,0,0
202010141255,0,0
202010141250,0,0
202010141245,0,0
202010141240,0,0
202010141235,0,0
202010141230,0,0
202010141225,0,0
202010141220,0,0
202010141215,0,0
202010141210,0,0
202010141205,0,0
202010141200,0,0
202010141155,0,0
202010141150,0,0
202010141145,0,0
202010141140,0,0
202010141135,0,0
202010141130,0,0
202010141125,0,0
202010141120,1,84700
202010141115,0,0
202010141110,0,0
202010141105,0,0
202010141100,2,84700
202010141055,0,0
202010141050,0,0
202010141045,1,84800
202010141040,0,0
202010141035,0,0
202010141030,0,0
202010141025,0,0
202010141020,0,0
202010141015,0,0
202010141010,0,0
202010141005,0,0
202010141000,0,0
202010140955,0,0
202010140950,0,0
202010140945,0,0
202010140940,0,0
202010140935,2,85000
202010140930,0,0
202010140925,0,0
202010140920,0,0
202010140915,1,85100
202010140910,0,0
202010140905,0,0
202010131530,0,0
202010131520,0,0
202010131515,0,0
202010131510,0,0
202010131505,0,0
202010131500,0,0
202010131455,0,0
202010131450,2,82400
202010131445,1,82300
202010131440,2,82400
202010131435,0,0
202010131430,0,0
202010131425,0,0
202010131420,0,0
202010131415,0,0
202010131410,0,0
202010131405,0,0
202010131400,0,0
202010131355,0,0
202010131350,0,0
202010131345,0,0
202010131340,0,0
202010131335,0,0
202010131330,0,0
202010131325,0,0
202010131320,0,0
202010131315,0,0
202010131310,0,0
202010131305,0,0
202010131300,0,0
202010131255,1,82700
202010131250,2,82600
202010131245,0,0
202010131240,0,0
202010131235,0,0
202010131230,1,82400
202010131225,2,82400
202010131220,0,0
202010131215,1,82500
202010131210,0,0
202010131205,0,0
202010131200,0,0
202010131155,0,0
202010131150,0,0
202010131145,0,0
202010131140,0,0
202010131135,0,0
202010131130,0,0
202010131125,0,0
202010131120,0,0
202010131115,0,0
202010131110,0,0
202010131105,0,0
202010131100,0,0
202010131055,0,0
202010131050,0,0
202010131045,0,0
202010131040,0,0
202010131035,0,0
202010131030,0,0
202010131025,0,0
202010131020,0,0
202010131015,0,0
202010131010,0,0
202010131005,0,0
202010131000,0,0
202010130955,0,0
202010130950,0,0
202010130945,0,0
202010130940,2,82200
202010130935,0,0
202010130930,0,0
202010130925,0,0
202010130920,0,0
202010130915,0,0
202010130910,0,0
202010130905,0,0
202010121530,0,0
202010121520,0,0
202010121515,0,0
202010121510,0,0
202010121505,0,0
202010121500,1,85000
202010121455,2,84800
202010121450,0,0
202010121445,0,0
202010121440,0,0
202010121435,0,0
202010121430,0,0
202010121425,0,0
202010121420,0,0
202010121415,0,0
202010121410,0,0
202010121405,0,0
202010121400,1,84600
202010121355,0,0
202010121350,2,84300
202010121345,0,0
202010121340,1,84300
202010121335,0,0
202010121330,0,0
202010121325,0,0
202010121320,0,0
202010121315,0,0
202010121310,0,0
202010121305,0,0
202010121300,0,0
202010121255,0,0
202010121250,0,0
202010121245,0,0
202010121240,0,0
202010121235,0,0
202010121230,0,0
202010121225,0,0
202010121220,0,0
202010121215,0,0
202010121210,0,0
202010121205,0,0
202010121200,0,0
202010121155,0,0
202010121150,0,0
202010121145,0,0
202010121140,0,0
202010121135,0,0
202010121130,0,0
202010121125,0,0
202010121120,0,0
202010121115,2,83800
202010121110,0,0
202010121105,0,0
202010121100,0,0
202010121055,0,0
202010121050,0,0
202010121045,0,0
202010121040,1,83600
202010121035,0,0
202010121030,0,0
202010121025,0,0
202010121020,0,0
202010121015,0,0
202010121010,0,0
202010121005,0,0
202010121000,0,0
202010120955,0,0
202010120950,2,83200
202010120945,0,0
202010120940,0,0
202010120935,0,0
202010120930,0,0
202010120925,0,0
202010120920,0,0
202010120915,0,0
202010120910,1,83600
202010120905,0,0
202010081530,0,0
202010081520,0,0
202010081515,0,0
202010081510,0,0
202010081505,0,0
202010081500,0,0
202010081455,0,0
202010081450,0,0
202010081445,2,85000
202010081440,0,0
202010081435,0,0
202010081430,0,0
202010081425,0,0
202010081420,0,0
202010081415,0,0
202010081410,0,0
202010081405,0,0
202010081400,0,0
202010081355,0,0
202010081350,1,84300
202010081345,0,0
202010081340,0,0
202010081335,0,0
202010081330,0,0
202010081325,0,0
202010081320,0,0
202010081315,2,84700
202010081310,0,0
202010081305,0,0
202010081300,0,0
202010081255,0,0
202010081250,0,0
202010081245,0,0
202010081240,0,0
202010081235,0,0
202010081230,0,0
202010081225,0,0
202010081220,0,0
202010081215,0,0
202010081210,0,0
202010081205,1,83700
202010081200,2,83800
202010081155,1,83700
202010081150,0,0
202010081145,0,0
202010081140,0,0
202010081135,0,0
202010081130,0,0
202010081125,0,0
202010081120,0,0
202010081115,0,0
202010081110,0,0
202010081105,0,0
202010081100,0,0
202010081055,0,0
202010081050,0,0
202010081045,0,0
202010081040,0,0
202010081035,0,0
202010081030,0,0
202010081025,0,0
202010081020,0,0
202010081015,0,0
202010081010,0,0
202010081005,0,0
202010081000,0,0
202010080955,0,0
202010080950,0,0
202010080945,0,0
202010080940,0,0
202010080935,2,83500
202010080930,1,83400
202010080925,2,83600
202010080920,0,0
202010080915,0,0
202010080910,0,0
202010080905,0,0
202010071530,0,0
202010071520,0,0
202010071515,1,83400
202010071510,2,83300
202010071505,0,0
202010071500,0,0
202010071455,0,0
202010071450,0,0
202010071445,0,0
202010071440,1,83400
202010071435,0,0
202010071430,0,0
202010071425,0,0
202010071420,2,83100
202010071415,0,0
202010071410,1,83100
202010071405,0,0
202010071400,2,82800
202010071355,0,0
202010071350,0,0
202010071345,0,0
202010071340,0,0
202010071335,0,0
202010071330,0,0
202010071325,0,0
202010071320,1,83200
202010071315,2,83300
202010071310,0,0
202010071305,1,83300
202010071300,0,0
202010071255,0,0
202010071250,0,0
202010071245,0,0
202010071240,0,0
202010071235,0,0
202010071230,0,0
202010071225,0,0
202010071220,0,0
202010071215,0,0
202010071210,2,83500
202010071205,0,0
202010071200,0,0
202010071155,0,0
202010071150,0,0
202010071145,0,0
202010071140,0,0
202010071135,0,0
202010071130,0,0
202010071125,0,0
202010071120,0,0
202010071115,0,0
202010071110,0,0
202010071105,0,0
202010071100,0,0
202010071055,0,0
202010071050,0,0
202010071045,0,0
202010071040,0,0
202010071035,0,0
202010071030,0,0
202010071025,0,0
202010071020,0,0
202010071015,0,0
202010071010,0,0
202010071005,0,0
202010071000,0,0
202010070955,0,0
202010070950,0,0
202010070945,1,84000
202010070940,0,0
202010070935,0,0
202010070930,0,0
202010070925,0,0
202010070920,0,0
202010070915,0,0
202010070910,0,0
202010070905,2,84000
202010061530,0,0
202010061520,0,0
202010061515,0,0
202010061510,0,0
202010061505,0,0
202010061500,0,0
202010061455,0,0
202010061450,0,0
202010061445,0,0
202010061440,1,82800
202010061435,0,0
202010061430,0,0
202010061425,0,0
202010061420,0,0
202010061415,0,0
202010061410,0,0
202010061405,0,0
202010061400,0,0
202010061355,0,0
202010061350,0,0
202010061345,0,0
202010061340,0,0
202010061335,0,0
202010061330,0,0
202010061325,0,0
202010061320,0,0
202010061315,2,82600
202010061310,0,0
202010061305,1,82500
202010061300,0,0
202010061255,0,0
202010061250,0,0
202010061245,2,82500
202010061240,0,0
202010061235,0,0
202010061230,0,0
202010061225,0,0
202010061220,0,0
202010061215,1,82500
202010061210,0,0
202010061205,0,0
202010061200,0,0
202010061155,0,0
202010061150,0,0
202010061145,0,0
202010061140,0,0
202010061135,0,0
202010061130,0,0
202010061125,0,0
202010061120,0,0
202010061115,0,0
202010061110,0,0
202010061105,0,0
202010061100,0,0
202010061055,0,0
202010061050,0,0
202010061045,0,0
202010061040,0,0
202010061035,0,0
202010061030,0,0
202010061025,0,0
202010061020,0,0
202010061015,0,0
202010061010,0,0
202010061005,2,82800
202010061000,0,0
202010060955,0,0
202010060950,0,0
202010060945,0,0
202010060940,0,0
202010060935,0,0
202010060930,0,0
202010060925,0,0
202010060920,0,0
202010060915,0,0
202010060910,0,0
202010060905,1,82400
202010051530,0,0
202010051520,0,0
202010051515,0,0
202010051510,0,0
202010051505,0,0
202010051500,2,81500
202010051455,0,0
202010051450,0,0
202010051445,0,0
202010051440,0,0
202010051435,0,0
202010051430,1,81600
202010051425,0,0
202010051420,0,0
202010051415,0,0
202010051410,0,0
202010051405,0,0
202010051400,0,0
202010051355,2,81500
202010051350,0,0
202010051345,0,0
202010051340,0,0
202010051335,0,0
202010051330,1,81700
202010051325,0,0
202010051320,0,0
202010051315,0,0
202010051310,0,0
202010051305,0,0
202010051300,0,0
202010051255,0,0
202010051250,0,0
202010051245,0,0
202010051240,0,0
202010051235,0,0
202010051230,0,0
202010051225,0,0
202010051220,0,0
202010051215,0,0
202010051210,0,0
202010051205,0,0
202010051200,0,0
202010051155,0,0
202010051150,2,82200
202010051145,0,0
202010051140,0,0
202010051135,0,0
202010051130,0,0
202010051125,0,0
202010051120,0,0
202010051115,0,0
202010051110,0,0
202010051105,0,0
202010051100,0,0
202010051055,0,0
202010051050,0,0
202010051045,0,0
202010051040,0,0
202010051035,0,0
202010051030,0,0
202010051025,0,0
202010051020,0,0
202010051015,0,0
202010051010,0,0
202010051005,0,0
202010051000,0,0
202010050955,0,0
202010050950,0,0
202010050945,1,82400
202010050940,0,0
202010050935,0,0
202010050930,0,0
202010050925,0,0
202010050920,0,0
202010050915,0,0
202010050910,0,0
202010050905,0,0
202009291530,2,82500
202009291520,0,0
202009291515,0,0
202009291510,0,0
202009291505,0,0
202009291500,1,82200
202009291455,0,0
202009291450,0,0
202009291445,0,0
202009291440,0,0
202009291435,0,0
202009291430,0,0
202009291425,0,0
202009291420,0,0
202009291415,0,0
202009291410,0,0
202009291405,0,0
202009291400,2,82200
202009291355,0,0
202009291350,0,0
202009291345,0,0
202009291340,0,0
202009291335,0,0
202009291330,0,0
202009291325,0,0
202009291320,0,0
202009291315,0,0
202009291310,0,0
202009291305,0,0
202009291300,0,0
202009291255,0,0
202009291250,0,0
202009291245,1,82000
202009291240,2,82000
202009291235,1,82100
202009291230,0,0
202009291225,0,0
202009291220,0,0
202009291215,0,0
202009291210,0,0
202009291205,2,81900
202009291200,0,0
202009291155,1,81800
202009291150,0,0
202009291145,0,0
202009291140,0,0
202009291135,0,0
202009291130,0,0
202009291125,0,0
202009291120,0,0
202009291115,0,0
202009291110,0,0
202009291105,0,0
202009291100,0,0
202009291055,0,0
202009291050,0,0
202009291045,0,0
202009291040,0,0
202009291035,0,0
202009291030,0,0
202009291025,0,0
202009291020,2,81900
202009291015,0,0
202009291010,0,0
202009291005,0,0
202009291000,0,0
202009290955,0,0
202009290950,0,0
202009290945,0,0
202009290940,0,0
202009290935,0,0
202009290930,0,0
202009290925,0,0
202009290920,0,0
202009290915,1,81800
202009290910,0,0
202009290905,0,0
202009281530,0,0
202009281520,0,0
202009281515,0,0
202009281510,0,0
202009281505,0,0
202009281500,0,0
202009281455,0,0
202009281450,0,0
202009281445,0,0
202009281440,0,0
202009281435,0,0
202009281430,0,0
202009281425,0,0
202009281420,0,0
202009281415,0,0
202009281410,0,0
202009281405,0,0
202009281400,0,0
202009281355,0,0
202009281350,2,80800
202009281345,0,0
202009281340,0,0
202009281335,0,0
202009281330,1,80700
202009281325,0,0
202009281320,0,0
202009281315,0,0
202009281310,0,0
202009281305,0,0
202009281300,0,0
202009281255,0,0
202009281250,0,0
202009281245,0,0
202009281240,2,80800
202009281235,0,0
202009281230,0,0
202009281225,0,0
202009281220,0,0
202009281215,0,0
202009281210,1,81300
202009281205,2,81400
202009281200,0,0
202009281155,0,0
202009281150,0,0
202009281145,0,0
202009281140,0,0
202009281135,0,0
202009281130,0,0
202009281125,0,0
202009281120,0,0
202009281115,0,0
202009281110,0,0
202009281105,0,0
202009281100,0,0
202009281055,0,0
202009281050,0,0
202009281045,0,0
202009281040,0,0
202009281035,0,0
202009281030,0,0
202009281025,1,81500
202009281020,0,0
202009281015,0,0
202009281010,0,0
202009281005,0,0
202009281000,0,0
202009280955,0,0
202009280950,0,0
202009280945,0,0
202009280940,0,0
202009280935,2,81600
202009280930,0,0
202009280925,0,0
202009280920,0,0
202009280915,0,0
202009280910,0,0
202009280905,0,0
202009251530,1,82300
202009251520,2,82200
202009251515,0,0
202009251510,0,0
202009251505,0,0
202009251500,0,0
202009251455,0,0
202009251450,0,0
202009251445,0,0
202009251440,0,0
202009251435,0,0
202009251430,0,0
202009251425,0,0
202009251420,0,0
202009251415,0,0
202009251410,0,0
202009251405,0,0
202009251400,1,81800
202009251355,2,81600
202009251350,0,0
202009251345,1,81500
202009251340,2,81700
202009251335,0,0
202009251330,0,0
202009251325,0,0
202009251320,1,81300
202009251315,0,0
202009251310,0,0
202009251305,0,0
202009251300,0,0
202009251255,0,0
202009251250,0,0
202009251245,0,0
202009251240,0,0
202009251235,0,0
202009251230,0,0
202009251225,0,0
202009251220,2,81600
202009251215,1,81700
202009251210,0,0
202009251205,0,0
202009251200,0,0
202009251155,2,81500
202009251150,0,0
202009251145,0,0
202009251140,1,81300
202009251135,2,81300
202009251130,0,0
202009251125,0,0
202009251120,0,0
202009251115,0,0
202009251110,0,0
202009251105,1,81200
202009251100,0,0
202009251055,0,0
202009251050,0,0
202009251045,2,81300
202009251040,1,81200
202009251035,0,0
202009251030,2,81100
202009251025,1,81000
202009251020,0,0
202009251015,0,0
202009251010,2,80900
202009251005,1,81100
202009251000,0,0
202009250955,2,80900
202009250950,1,81000
202009250945,0,0
202009250940,2,81000
202009250935,0,0
202009250930,0,0
202009250925,0,0
202009250920,0,0
202009250915,0,0
202009250910,1,81000
202009250905,2,80900
202009241530,1,81400
202009241520,0,0
202009241515,2,81700
202009241510,0,0
202009241505,0,0
202009241500,0,0
202009241455,0,0
202009241450,0,0
202009241445,0,0
202009241440,0,0
202009241435,0,0
202009241430,0,0
202009241425,0,0
202009241420,0,0
202009241415,0,0
202009241410,1,81800
202009241405,0,0
202009241400,0,0
202009241355,0,0
202009241350,0,0
202009241345,0,0
202009241340,2,82000
202009241335,0,0
202009241330,0,0
202009241325,0,0
202009241320,0,0
202009241315,0,0
202009241310,0,0
202009241305,0,0
202009241300,0,0
202009241255,0,0
202009241250,0,0
202009241245,0,0
202009241240,0,0
202009241235,0,0
202009241230,0,0
202009241225,0,0
202009241220,0,0
202009241215,0,0
202009241210,1,82300
202009241205,0,0
202009241200,0,0
202009241155,0,0
202009241150,0,0
202009241145,0,0
202009241140,0,0
202009241135,0,0
202009241130,0,0
202009241125,0,0
202009241120,0,0
202009241115,0,0
202009241110,0,0
202009241105,0,0
202009241100,0,0
202009241055,0,0
202009241050,0,0
202009241045,0,0
202009241040,2,82000
202009241035,0,0
202009241030,0,0
202009241025,0,0
202009241020,0,0
202009241015,0,0
202009241010,0,0
202009241005,0,0
202009241000,0,0
202009240955,0,0
202009240950,1,82100
202009240945,0,0
202009240940,0,0
202009240935,0,0
202009240930,0,0
202009240925,0,0
202009240920,0,0
202009240915,0,0
202009240910,0,0
202009240905,0,0
202009231530,2,83300
202009231520,0,0
202009231515,0,0
202009231510,0,0
202009231505,0,0
202009231500,0,0
202009231455,0,0
202009231450,0,0
202009231445,0,0
202009231440,0,0
202009231435,0,0
202009231430,0,0
202009231425,0,0
202009231420,0,0
202009231415,0,0
202009231410,0,0
202009231405,0,0
202009231400,0,0
202009231355,0,0
202009231350,0,0
202009231345,0,0
202009231340,0,0
202009231335,0,0
202009231330,0,0
202009231325,0,0
202009231320,0,0
202009231315,0,0
202009231310,0,0
202009231305,0,0
202009231300,0,0
202009231255,0,0
202009231250,0,0
202009231245,0,0
202009231240,0,0
202009231235,0,0
202009231230,0,0
202009231225,0,0
202009231220,0,0
202009231215,1,82600
202009231210,0,0
202009231205,2,82500
202009231200,0,0
202009231155,0,0
202009231150,0,0
202009231145,1,82700
202009231140,0,0
202009231135,2,82800
202009231130,0,0
202009231125,0,0
202009231120,0,0
202009231115,1,82700
202009231110,0,0
202009231105,2,82600
202009231100,0,0
202009231055,0,0
202009231050,0,0
202009231045,0,0
202009231040,1,82700
202009231035,0,0
202009231030,0,0
202009231025,0,0
202009231020,0,0
202009231015,0,0
202009231010,0,0
202009231005,0,0
202009231000,0,0
202009230955,2,82700
202009230950,0,0
202009230945,0,0
202009230940,0,0
202009230935,0,0
202009230930,0,0
202009230925,0,0
202009230920,0,0
202009230915,0,0
202009230910,0,0
202009230905,0,0
202009221530,0,0
202009221520,0,0
202009221515,0,0
202009221510,0,0
202009221505,0,0
202009221500,1,82500
202009221455,0,0
202009221450,0,0
202009221445,0,0
202009221440,0,0
202009221435,2,82100
202009221430,1,82200
202009221425,0,0
202009221420,2,82200
202009221415,0,0
202009221410,0,0
202009221405,0,0
202009221400,0,0
202009221355,0,0
202009221350,0,0
202009221345,1,82200
202009221340,0,0
202009221335,0,0
202009221330,0,0
202009221325,0,0
202009221320,0,0
202009221315,2,82400
202009221310,0,0
202009221305,0,0
202009221300,0,0
202009221255,0,0
202009221250,0,0
202009221245,0,0
202009221240,0,0
202009221235,0,0
202009221230,0,0
202009221225,0,0
202009221220,0,0
202009221215,1,82200
202009221210,0,0
202009221205,0,0
202009221200,0,0
202009221155,0,0
202009221150,0,0
202009221145,0,0
202009221140,0,0
202009221135,0,0
202009221130,0,0
202009221125,2,82200
202009221120,0,0
202009221115,1,82000
202009221110,2,82100
202009221105,1,82000
202009221100,0,0
202009221055,0,0
202009221050,0,0
202009221045,0,0
202009221040,0,0
202009221035,0,0
202009221030,0,0
202009221025,0,0
202009221020,0,0
202009221015,0,0
202009221010,0,0
202009221005,0,0
202009221000,0,0
202009220955,0,0
202009220950,0,0
202009220945,0,0
202009220940,2,82000
202009220935,0,0
202009220930,0,0
202009220925,0,0
202009220920,0,0
202009220915,0,0
202009220910,0,0
202009220905,1,81800
202009211530,2,82200
202009211520,0,0
202009211515,0,0
202009211510,0,0
202009211505,1,82300
202009211500,0,0
202009211455,0,0
202009211450,0,0
202009211445,0,0
202009211440,0,0
202009211435,0,0
202009211430,0,0
202009211425,0,0
202009211420,0,0
202009211415,0,0
202009211410,0,0
202009211405,0,0
202009211400,2,82400
202009211355,0,0
202009211350,0,0
202009211345,0,0
202009211340,0,0
202009211335,0,0
202009211330,0,0
202009211325,0,0
202009211320,0,0
202009211315,0,0
202009211310,0,0
202009211305,0,0
202009211300,0,0
202009211255,0,0
202009211250,1,82400
202009211245,0,0
202009211240,0,0
202009211235,0,0
202009211230,0,0
202009211225,0,0
202009211220,0,0
202009211215,0,0
202009211210,0,0
202009211205,0,0
202009211200,0,0
202009211155,0,0
202009211150,0,0
202009211145,0,0
202009211140,0,0
202009211135,0,0
202009211130,0,0
202009211125,0,0
202009211120,0,0
202009211115,0,0
202009211110,0,0
202009211105,0,0
202009211100,0,0
202009211055,0,0
202009211050,0,0
202009211045,0,0
202009211040,2,82500
202009211035,0,0
202009211030,0,0
202009211025,0,0
202009211020,0,0
202009211015,0,0
202009211010,0,0
202009211005,0,0
202009211000,0,0
202009210955,0,0
202009210950,0,0
202009210945,0,0
202009210940,0,0
202009210935,0,0
202009210930,0,0
202009210925,0,0
202009210920,0,0
202009210915,0,0
202009210910,1,82900
202009210905,2,82800
202009181530,0,0
202009181520,0,0
202009181515,0,0
202009181510,0,0
202009181505,0,0
202009181500,0,0
202009181455,0,0
202009181450,0,0
202009181445,0,0
202009181440,0,0
202009181435,0,0
202009181430,0,0
202009181425,0,0
202009181420,0,0
202009181415,0,0
202009181410,0,0
202009181405,0,0
202009181400,0,0
202009181355,0,0
202009181350,0,0
202009181345,0,0
202009181340,0,0
202009181335,0,0
202009181330,1,82400
202009181325,0,0
202009181320,0,0
202009181315,0,0
202009181310,0,0
202009181305,0,0
202009181300,0,0
202009181255,0,0
202009181250,0,0
202009181245,0,0
202009181240,0,0
202009181235,0,0
202009181230,0,0
202009181225,2,82200
202009181220,0,0
202009181215,0,0
202009181210,0,0
202009181205,1,82200
202009181200,2,82200
202009181155,0,0
202009181150,0,0
202009181145,0,0
202009181140,0,0
202009181135,0,0
202009181130,0,0
202009181125,0,0
202009181120,0,0
202009181115,0,0
202009181110,0,0
202009181105,0,0
202009181100,0,0
202009181055,0,0
202009181050,0,0
202009181045,1,82200
202009181040,0,0
202009181035,0,0
202009181030,0,0
202009181025,0,0
202009181020,0,0
202009181015,2,82300
202009181010,0,0
202009181005,1,82300
202009181000,0,0
202009180955,0,0
202009180950,0,0
202009180945,0,0
202009180940,0,0
202009180935,0,0
202009180930,0,0
202009180925,0,0
202009180920,2,82500
202009180915,0,0
202009180910,0,0
202009180905,0,0
202009171530,1,82700
202009171520,0,0
202009171515,2,83100
202009171510,0,0
202009171505,0,0
202009171500,0,0
202009171455,0,0
202009171450,0,0
202009171445,0,0
202009171440,0,0
202009171435,0,0
202009171430,0,0
202009171425,1,83200
202009171420,0,0
202009171415,0,0
202009171410,0,0
202009171405,0,0
202009171400,2,83200
202009171355,0,0
202009171350,0,0
202009171345,0,0
202009171340,0,0
202009171335,0,0
202009171330,0,0
202009171325,0,0
202009171320,0,0
202009171315,0,0
202009171310,0,0
202009171305,0,0
202009171300,0,0
202009171255,0,0
202009171250,0,0
202009171245,1,83500
202009171240,0,0
202009171235,0,0
202009171230,0,0
202009171225,0,0
202009171220,0,0
202009171215,0,0
202009171210,0,0
202009171205,0,0
202009171200,0,0
202009171155,0,0
202009171150,2,83300
202009171145,0,0
202009171140,0,0
202009171135,0,0
202009171130,0,0
202009171125,0,0
202009171120,0,0
202009171115,0,0
202009171110,0,0
202009171105,0,0
202009171100,0,0
202009171055,0,0
202009171050,0,0
202009171045,0,0
202009171040,0,0
202009171035,0,0
202009171030,0,0
202009171025,0,0
202009171020,0,0
202009171015,1,82900
202009171010,0,0
202009171005,0,0
202009171000,0,0
202009170955,0,0
202009170950,0,0
202009170945,0,0
202009170940,0,0
202009170935,0,0
202009170930,0,0
202009170925,0,0
202009170920,0,0
202009170915,0,0
202009170910,0,0
202009170905,0,0
202009161530,2,82100
202009161520,0,0
202009161515,0,0
202009161510,0,0
202009161505,1,82200
202009161500,0,0
202009161455,0,0
202009161450,0,0
202009161445,0,0
202009161440,0,0
202009161435,0,0
202009161430,0,0
202009161425,0,0
202009161420,0,0
202009161415,0,0
202009161410,0,0
202009161405,0,0
202009161400,0,0
202009161355,2,81900
202009161350,0,0
202009161345,0,0
202009161340,0,0
202009161335,0,0
202009161330,1,82300
202009161325,0,0
202009161320,0,0
202009161315,0,0
202009161310,0,0
202009161305,0,0
202009161300,0,0
202009161255,0,0
202009161250,0,0
202009161245,0,0
202009161240,0,0
202009161235,0,0
202009161230,0,0
202009161225,0,0
202009161220,0,0
202009161215,0,0
202009161210,0,0
202009161205,0,0
202009161200,0,0
202009161155,0,0
202009161150,2,82000
202009161145,0,0
202009161140,0,0
202009161135,0,0
202009161130,0,0
202009161125,0,0
202009161120,0,0
202009161115,0,0
202009161110,0,0
202009161105,0,0
202009161100,0,0
202009161055,0,0
202009161050,0,0
202009161045,0,0
202009161040,0,0
202009161035,1,82300
202009161030,0,0
202009161025,0,0
202009161020,0,0
202009161015,0,0
202009161010,0,0
202009161005,0,0
202009161000,0,0
202009160955,0,0
202009160950,0,0
202009160945,0,0
202009160940,0,0
202009160935,0,0
202009160930,0,0
202009160925,0,0
202009160920,0,0
202009160915,2,82100
202009160910,0,0
202009160905,0,0
202009151530,0,0
202009151520,0,0
202009151515,0,0
202009151510,0,0
202009151505,0,0
202009151500,0,0
202009151455,0,0
202009151450,0,0
202009151445,1,82000
202009151440,2,81900
202009151435,0,0
202009151430,1,81900
202009151425,0,0
202009151420,0,0
202009151415,0,0
202009151410,0,0
202009151405,0,0
202009151400,0,0
202009151355,0,0
202009151350,0,0
202009151345,0,0
202009151340,0,0
202009151335,0,0
202009151330,2,82100
202009151325,1,82100
202009151320,0,0
202009151315,0,0
202009151310,0,0
202009151305,2,82100
202009151300,0,0
202009151255,0,0
202009151250,0,0
202009151245,0,0
202009151240,0,0
202009151235,1,82000
202009151230,0,0
202009151225,0,0
202009151220,0,0
202009151215,0,0
202009151210,0,0
202009151205,0,0
202009151200,0,0
202009151155,0,0
202009151150,0,0
202009151145,0,0
202009151140,0,0
202009151135,0,0
202009151130,2,82200
202009151125,0,0
202009151120,0,0
202009151115,0,0
202009151110,0,0
202009151105,0,0
202009151100,0,0
202009151055,0,0
202009151050,0,0
202009151045,1,82200
202009151040,0,0
202009151035,0,0
202009151030,0,0
202009151025,0,0
202009151020,0,0
202009151015,0,0
202009151010,0,0
202009151005,0,0
202009151000,0,0
202009150955,2,82100
202009150950,0,0
202009150945,0,0
202009150940,0,0
202009150935,0,0
202009150930,0,0
202009150925,0,0
202009150920,0,0
202009150915,0,0
202009150910,0,0
202009150905,0,0
202009141530,0,0
202009141520,0,0
202009141515,1,82700
202009141510,2,82500
202009141505,0,0
202009141500,0,0
202009141455,1,82400
202009141450,0,0
202009141445,0,0
202009141440,0,0
202009141435,2,82300
202009141430,0,0
202009141425,0,0
202009141420,0,0
202009141415,0,0
202009141410,0,0
202009141405,0,0
202009141400,1,82300
202009141355,0,0
202009141350,0,0
202009141345,0,0
202009141340,0,0
202009141335,0,0
202009141330,0,0
202009141325,0,0
202009141320,0,0
202009141315,0,0
202009141310,0,0
202009141305,0,0
202009141300,0,0
202009141255,0,0
202009141250,0,0
202009141245,0,0
202009141240,0,0
202009141235,0,0
202009141230,0,0
202009141225,0,0
202009141220,0,0
202009141215,0,0
202009141210,0,0
202009141205,0,0
202009141200,0,0
202009141155,0,0
202009141150,0,0
202009141145,0,0
202009141140,0,0
202009141135,0,0
202009141130,0,0
202009141125,0,0
202009141120,0,0
202009141115,0,0
202009141110,0,0
202009141105,0,0
202009141100,0,0
202009141055,0,0
202009141050,0,0
202009141045,0,0
202009141040,0,0
202009141035,0,0
202009141030,0,0
202009141025,0,0
202009141020,0,0
202009141015,0,0
202009141010,0,0
202009141005,0,0
202009141000,2,82000
202009140955,0,0
202009140950,0,0
202009140945,0,0
202009140940,0,0
202009140935,0,0
202009140930,0,0
202009140925,0,0
202009140920,0,0
202009140915,0,0
202009140910,0,0
202009140905,0,0
202009111530,0,0
202009111520,0,0
202009111515,0,0
202009111510,0,0
202009111505,0,0
202009111500,0,0
202009111455,0,0
202009111450,0,0
202009111445,0,0
202009111440,0,0
202009111435,0,0
202009111430,0,0
202009111425,0,0
202009111420,0,0
202009111415,0,0
202009111410,0,0
202009111405,0,0
202009111400,0,0
202009111355,0,0
202009111350,0,0
202009111345,0,0
202009111340,0,0
202009111335,0,0
202009111330,0,0
202009111325,0,0
202009111320,0,0
202009111315,0,0
202009111310,0,0
202009111305,0,0
202009111300,0,0
202009111255,0,0
202009111250,0,0
202009111245,0,0
202009111240,1,81400
202009111235,0,0
202009111230,0,0
202009111225,0,0
202009111220,0,0
202009111215,2,81100
202009111210,1,81100
202009111205,2,81100
202009111200,0,0
202009111155,0,0
202009111150,0,0
202009111145,0,0
202009111140,0,0
202009111135,0,0
202009111130,1,81300
202009111125,0,0
202009111120,0,0
202009111115,0,0
202009111110,0,0
202009111105,0,0
202009111100,0,0
202009111055,0,0
202009111050,0,0
202009111045,0,0
202009111040,0,0
202009111035,0,0
202009111030,0,0
202009111025,2,81200
202009111020,0,0
202009111015,1,81300
202009111010,0,0
202009111005,0,0
202009111000,0,0
202009110955,2,81200
202009110950,0,0
202009110945,0,0
202009110940,0,0
202009110935,1,81100
202009110930,0,0
202009110925,0,0
202009110920,0,0
202009110915,0,0
202009110910,0,0
202009110905,0,0
202009101530,0,0
202009101520,0,0
202009101515,0,0
202009101510,0,0
202009101505,0,0
202009101500,0,0
202009101455,0,0
202009101450,0,0
202009101445,0,0
202009101440,0,0
202009101435,0,0
202009101430,2,81200
202009101425,0,0
202009101420,0,0
202009101415,0,0
202009101410,0,0
202009101405,0,0
202009101400,0,0
202009101355,0,0
202009101350,0,0
202009101345,1,81300
202009101340,0,0
202009101335,0,0
202009101330,0,0
202009101325,0,0
202009101320,0,0
202009101315,0,0
202009101310,0,0
202009101305,0,0
202009101300,0,0
202009101255,0,0
202009101250,0,0
202009101245,0,0
202009101240,0,0
202009101235,0,0
202009101230,0,0
202009101225,0,0
202009101220,0,0
202009101215,0,0
202009101210,2,81700
202009101205,0,0
202009101200,1,81700
202009101155,2,81800
202009101150,0,0
202009101145,0,0
202009101140,1,81500
202009101135,0,0
202009101130,0,0
202009101125,0,0
202009101120,0,0
202009101115,0,0
202009101110,0,0
202009101105,0,0
202009101100,0,0
202009101055,0,0
202009101050,0,0
202009101045,0,0
202009101040,0,0
202009101035,0,0
202009101030,0,0
202009101025,0,0
202009101020,0,0
202009101015,0,0
202009101010,2,81300
202009101005,0,0
202009101000,0,0
202009100955,0,0
202009100950,0,0
202009100945,0,0
202009100940,0,0
202009100935,0,0
202009100930,0,0
202009100925,0,0
202009100920,0,0
202009100915,0,0
202009100910,0,0
202009100905,0,0
202009091530,1,81400
202009091520,0,0
202009091515,0,0
202009091510,0,0
202009091505,0,0
202009091500,0,0
202009091455,0,0
202009091450,0,0
202009091445,0,0
202009091440,0,0
202009091435,0,0
202009091430,0,0
202009091425,0,0
202009091420,2,81100
202009091415,1,81100
202009091410,0,0
202009091405,0,0
202009091400,0,0
202009091355,0,0
202009091350,0,0
202009091345,0,0
202009091340,0,0
202009091335,0,0
202009091330,0,0
202009091325,0,0
202009091320,0,0
202009091315,0,0
202009091310,0,0
202009091305,0,0
202009091300,0,0
202009091255,0,0
202009091250,0,0
202009091245,0,0
202009091240,0,0
202009091235,0,0
202009091230,2,81400
202009091225,0,0
202009091220,0,0
202009091215,0,0
202009091210,0,0
202009091205,1,81500
202009091200,0,0
202009091155,0,0
202009091150,0,0
202009091145,0,0
202009091140,0,0
202009091135,0,0
202009091130,0,0
202009091125,2,81300
202009091120,0,0
202009091115,0,0
202009091110,0,0
202009091105,0,0
202009091100,0,0
202009091055,0,0
202009091050,0,0
202009091045,0,0
202009091040,0,0
202009091035,0,0
202009091030,0,0
202009091025,0,0
202009091020,1,81400
202009091015,0,0
202009091010,0,0
202009091005,0,0
202009091000,0,0
202009090955,0,0
202009090950,0,0
202009090945,0,0
202009090940,0,0
202009090935,0,0
202009090930,0,0
202009090925,0,0
202009090920,0,0
202009090915,0,0
202009090910,0,0
202009090905,2,81500
202009081530,0,0
202009081520,0,0
202009081515,0,0
202009081510,0,0
202009081505,0,0
202009081500,0,0
202009081455,0,0
202009081450,0,0
202009081445,0,0
202009081440,0,0
202009081435,0,0
202009081430,0,0
202009081425,0,0
202009081420,0,0
202009081415,1,81100
202009081410,0,0
202009081405,0,0
202009081400,0,0
202009081355,0,0
202009081350,0,0
202009081345,0,0
202009081340,0,0
202009081335,0,0
202009081330,0,0
202009081325,0,0
202009081320,0,0
202009081315,0,0
202009081310,0,0
202009081305,0,0
202009081300,0,0
202009081255,0,0
202009081250,0,0
202009081245,0,0
202009081240,0,0
202009081235,0,0
202009081230,0,0
202009081225,0,0
202009081220,0,0
202009081215,0,0
202009081210,0,0
202009081205,0,0
202009081200,0,0
202009081155,0,0
202009081150,0,0
202009081145,0,0
202009081140,0,0
202009081135,0,0
202009081130,0,0
202009081125,0,0
202009081120,0,0
202009081115,0,0
202009081110,0,0
202009081105,0,0
202009081100,0,0
202009081055,0,0
202009081050,0,0
202009081045,0,0
202009081040,0,0
202009081035,0,0
202009081030,2,81700
202009081025,0,0
202009081020,0,0
202009081015,0,0
202009081010,0,0
202009081005,0,0
202009081000,0,0
202009080955,0,0
202009080950,0,0
202009080945,0,0
202009080940,0,0
202009080935,0,0
202009080930,0,0
202009080925,0,0
202009080920,0,0
202009080915,0,0
202009080910,0,0
202009080905,0,0
202009071530,0,0
202009071520,0,0
202009071515,0,0
202009071510,0,0
202009071505,0,0
202009071500,0,0
202009071455,1,81800
202009071450,0,0
202009071445,0,0
202009071440,0,0
202009071435,0,0
202009071430,0,0
202009071425,0,0
202009071420,0,0
202009071415,0,0
202009071410,0,0
202009071405,0,0
202009071400,0,0
202009071355,0,0
202009071350,0,0
202009071345,0,0
202009071340,0,0
202009071335,0,0
202009071330,0,0
202009071325,0,0
202009071320,0,0
202009071315,0,0
202009071310,0,0
202009071305,0,0
202009071300,0,0
202009071255,2,82000
202009071250,0,0
202009071245,0,0
202009071240,0,0
202009071235,0,0
202009071230,0,0
202009071225,0,0
202009071220,0,0
202009071215,0,0
202009071210,0,0
202009071205,1,82100
202009071200,0,0
202009071155,0,0
202009071150,0,0
202009071145,0,0
202009071140,0,0
202009071135,0,0
202009071130,0,0
202009071125,0,0
202009071120,0,0
202009071115,0,0
202009071110,0,0
202009071105,0,0
202009071100,0,0
202009071055,0,0
202009071050,0,0
202009071045,0,0
202009071040,0,0
202009071035,0,0
202009071030,0,0
202009071025,0,0
202009071020,2,82200
202009071015,0,0
202009071010,0,0
202009071005,0,0
202009071000,0,0
202009070955,0,0
202009070950,0,0
202009070945,0,0
202009070940,0,0
202009070935,0,0
202009070930,0,0
202009070925,0,0
202009070920,0,0
202009070915,0,0
202009070910,0,0
202009070905,0,0
202009041530,1,82300
202009041520,0,0
202009041515,0,0
202009041510,0,0
202009041505,0,0
202009041500,0,0
202009041455,2,82600
202009041450,0,0
202009041445,0,0
202009041440,0,0
202009041435,0,0
202009041430,0,0
202009041425,0,0
202009041420,0,0
202009041415,0,0
202009041410,0,0
202009041405,0,0
202009041400,0,0
202009041355,0,0
202009041350,0,0
202009041345,0,0
202009041340,0,0
202009041335,0,0
202009041330,0,0
202009041325,0,0
202009041320,0,0
202009041315,0,0
202009041310,0,0
202009041305,0,0
202009041300,0,0
202009041255,0,0
202009041250,0,0
202009041245,0,0
202009041240,0,0
202009041235,0,0
202009041230,0,0
202009041225,1,82000
202009041220,0,0
202009041215,0,0
202009041210,0,0
202009041205,0,0
202009041200,0,0
202009041155,2,82100
202009041150,0,0
202009041145,0,0
202009041140,0,0
202009041135,0,0
202009041130,0,0
202009041125,0,0
202009041120,0,0
202009041115,0,0
202009041110,0,0
202009041105,0,0
202009041100,0,0
202009041055,0,0
202009041050,0,0
202009041045,0,0
202009041040,0,0
202009041035,0,0
202009041030,0,0
202009041025,0,0
202009041020,0,0
202009041015,0,0
202009041010,0,0
202009041005,0,0
202009041000,1,82000
202009040955,0,0
202009040950,0,0
202009040945,0,0
202009040940,0,0
202009040935,0,0
202009040930,0,0
202009040925,0,0
202009040920,0,0
202009040915,0,0
202009040910,0,0
202009040905,0,0
202009031530,2,82400
202009031520,0,0
202009031515,0,0
202009031510,0,0
202009031505,0,0
202009031500,0,0
202009031455,1,82800
202009031450,0,0
202009031445,0,0
202009031440,0,0
202009031435,0,0
202009031430,0,0
202009031425,0,0
202009031420,0,0
202009031415,0,0
202009031410,2,82500
202009031405,0,0
202009031400,0,0
202009031355,0,0
202009031350,0,0
202009031345,1,82300
202009031340,0,0
202009031335,0,0
202009031330,2,82400
202009031325,0,0
202009031320,1,82600
202009031315,0,0
202009031310,0,0
202009031305,2,82400
202009031300,0,0
202009031255,1,82300
202009031250,0,0
202009031245,0,0
202009031240,0,0
202009031235,0,0
202009031230,0,0
202009031225,0,0
202009031220,0,0
202009031215,0,0
202009031210,0,0
202009031205,0,0
202009031200,0,0
202009031155,0,0
202009031150,0,0
202009031145,2,82200
202009031140,0,0
202009031135,0,0
202009031130,0,0
202009031125,0,0
202009031120,0,0
202009031115,0,0
202009031110,0,0
202009031105,0,0
202009031100,0,0
202009031055,0,0
202009031050,0,0
202009031045,0,0
202009031040,1,82500
202009031035,0,0
202009031030,0,0
202009031025,0,0
202009031020,0,0
202009031015,0,0
202009031010,2,82600
202009031005,0,0
202009031000,0,0
202009030955,0,0
202009030950,0,0
202009030945,0,0
202009030940,0,0
202009030935,0,0
202009030930,1,82700
202009030925,0,0
202009030920,0,0
202009030915,0,0
202009030910,0,0
202009030905,0,0
202009031530,2,82400
202009031520,0,0
202009031515,0,0
202009031510,0,0
202009031505,0,0
202009031500,0,0
202009031455,1,82800
202009031450,0,0
202009031445,0,0
202009031440,0,0
202009031435,0,0
202009031430,0,0
202009031425,0,0
202009031420,0,0
202009031415,0,0
202009031410,0,0
202009031405,0,0
202009031400,2,82700
202009031355,1,82600
202009031350,0,0
202009031345,0,0
202009031340,0,0
202009031335,0,0
202009031330,0,0
202009031325,0,0
202009031320,0,0
202009031315,0,0
202009031310,0,0
202009031305,0,0
202009031300,0,0
202009031255,0,0
202009031250,0,0
202009031245,0,0
202009031240,0,0
202009031235,0,0
202009031230,0,0
202009031225,0,0
202009031220,0,0
202009031215,0,0
202009031210,0,0
202009031205,0,0
202009031200,0,0
202009031155,0,0
202009031150,0,0
202009031145,0,0
202009031140,0,0
202009031135,0,0
202009031130,0,0
202009031125,0,0
202009031120,0,0
202009031115,0,0
202009031110,0,0
202009031105,0,0
202009031100,0,0
202009031055,0,0
202009031050,0,0
202009031045,0,0
202009031040,0,0
202009031035,0,0
202009031030,0,0
202009031025,0,0
202009031020,0,0
202009031015,0,0
202009031010,0,0
202009031005,2,82700
202009031000,0,0
202009030955,0,0
202009030950,0,0
202009030945,0,0
202009030940,0,0
202009030935,0,0
202009030930,0,0
202009030925,0,0
202009030920,0,0
202009030915,0,0
202009030910,0,0
202009030905,0,0
202009021530,0,0
202009021520,0,0
202009021515,0,0
202009021510,0,0
202009021505,0,0
202009021500,0,0
202009021455,0,0
202009021450,0,0
202009021445,0,0
202009021440,0,0
202009021435,0,0
202009021430,0,0
202009021425,0,0
202009021420,0,0
202009021415,0,0
202009021410,0,0
202009021405,0,0
202009021400,0,0
202009021355,0,0
202009021350,0,0
202009021345,0,0
202009021340,0,0
202009021335,0,0
202009021330,0,0
202009021325,0,0
202009021320,0,0
202009021315,0,0
202009021310,0,0
202009021305,0,0
202009021300,0,0
202009021255,1,84900
202009021250,0,0
202009021245,0,0
202009021240,0,0
202009021235,0,0
202009021230,2,84800
202009021225,1,84800
202009021220,0,0
202009021215,0,0
202009021210,0,0
202009021205,0,0
202009021200,0,0
202009021155,0,0
202009021150,0,0
202009021145,0,0
202009021140,0,0
202009021135,0,0
202009021130,0,0
202009021125,0,0
202009021120,0,0
202009021115,0,0
202009021110,0,0
202009021105,0,0
202009021100,0,0
202009021055,0,0
202009021050,0,0
202009021045,0,0
202009021040,0,0
202009021035,0,0
202009021030,0,0
202009021025,0,0
202009021020,2,84600
202009021015,0,0
202009021010,0,0
202009021005,0,0
202009021000,0,0
202009020955,0,0
202009020950,0,0
202009020945,0,0
202009020940,0,0
202009020935,0,0
202009020930,0,0
202009020925,0,0
202009020920,0,0
202009020915,0,0
202009020910,0,0
202009020905,0,0
202009011530,1,85300
202009011520,0,0
202009011515,0,0
202009011510,0,0
202009011505,0,0
202009011500,2,85100
202009011455,0,0
202009011450,0,0
202009011445,0,0
202009011440,0,0
202009011435,0,0
202009011430,0,0
202009011425,0,0
202009011420,0,0
202009011415,0,0
202009011410,1,85000
202009011405,0,0
202009011400,0,0
202009011355,0,0
202009011350,0,0
202009011345,0,0
202009011340,0,0
202009011335,0,0
202009011330,0,0
202009011325,2,85200
202009011320,1,85100
202009011315,0,0
202009011310,2,85000
202009011305,0,0
202009011300,0,0
202009011255,1,85000
202009011250,0,0
202009011245,0,0
202009011240,2,85000
202009011235,0,0
202009011230,0,0
202009011225,0,0
202009011220,1,84900
202009011215,0,0
202009011210,0,0
202009011205,2,84900
202009011200,0,0
202009011155,1,85000
202009011150,0,0
202009011145,0,0
202009011140,0,0
202009011135,0,0
202009011130,2,85100
202009011125,0,0
202009011120,0,0
202009011115,0,0
202009011110,0,0
202009011105,1,85100
202009011100,0,0
202009011055,0,0
202009011050,0,0
202009011045,0,0
202009011040,0,0
202009011035,0,0
202009011030,0,0
202009011025,0,0
202009011020,0,0
202009011015,2,85300
202009011010,0,0
202009011005,0,0
202009011000,0,0
202009010955,0,0
202009010950,0,0
202009010945,0,0
202009010940,0,0
202009010935,0,0
202009010930,0,0
202009010925,0,0
202009010920,0,0
202009010915,0,0
202009010910,0,0
202009010905,1,85400
202008311530,0,0
202008311520,2,85900
202008311515,0,0
202008311510,0,0
202008311505,0,0
202008311500,0,0
202008311455,0,0
202008311450,0,0
202008311445,0,0
202008311440,1,86100
202008311435,0,0
202008311430,0,0
202008311425,0,0
202008311420,0,0
202008311415,0,0
202008311410,0,0
202008311405,0,0
202008311400,0,0
202008311355,0,0
202008311350,2,85600
202008311345,0,0
202008311340,0,0
202008311335,0,0
202008311330,0,0
202008311325,0,0
202008311320,0,0
202008311315,0,0
202008311310,0,0
202008311305,0,0
202008311300,0,0
202008311255,1,85300
202008311250,0,0
202008311245,0,0
202008311240,0,0
202008311235,0,0
202008311230,0,0
202008311225,0,0
202008311220,2,85600
202008311215,0,0
202008311210,0,0
202008311205,0,0
202008311200,0,0
202008311155,0,0
202008311150,0,0
202008311145,0,0
202008311140,0,0
202008311135,0,0
202008311130,0,0
202008311125,0,0
202008311120,0,0
202008311115,0,0
202008311110,1,85600
202008311105,0,0
202008311100,0,0
202008311055,0,0
202008311050,0,0
202008311045,0,0
202008311040,0,0
202008311035,0,0
202008311030,0,0
202008311025,0,0
202008311020,0,0
202008311015,0,0
202008311010,0,0
202008311005,0,0
202008311000,0,0
202008310955,0,0
202008310950,0,0
202008310945,2,85900
202008310940,0,0
202008310935,1,85900
202008310930,2,85900
202008310925,0,0
202008310920,0,0
202008310915,0,0
202008310910,0,0
202008310905,0,0
202008281530,1,85900
202008281520,0,0
202008281515,0,0
202008281510,0,0
202008281505,0,0
202008281500,0,0
202008281455,0,0
202008281450,0,0
202008281445,0,0
202008281440,0,0
202008281435,0,0
202008281430,0,0
202008281425,0,0
202008281420,0,0
202008281415,0,0
202008281410,0,0
202008281405,0,0
202008281400,0,0
202008281355,0,0
202008281350,0,0
202008281345,0,0
202008281340,0,0
202008281335,0,0
202008281330,0,0
202008281325,0,0
202008281320,0,0
202008281315,0,0
202008281310,0,0
202008281305,0,0
202008281300,0,0
202008281255,0,0
202008281250,0,0
202008281245,0,0
202008281240,2,85600
202008281235,0,0
202008281230,0,0
202008281225,0,0
202008281220,0,0
202008281215,0,0
202008281210,0,0
202008281205,0,0
202008281200,1,85700
202008281155,0,0
202008281150,0,0
202008281145,0,0
202008281140,0,0
202008281135,0,0
202008281130,2,85700
202008281125,0,0
202008281120,0,0
202008281115,0,0
202008281110,0,0
202008281105,0,0
202008281100,0,0
202008281055,0,0
202008281050,1,85600
202008281045,0,0
202008281040,0,0
202008281035,0,0
202008281030,0,0
202008281025,0,0
202008281020,0,0
202008281015,2,85600
202008281010,0,0
202008281005,1,85500
202008281000,0,0
202008280955,0,0
202008280950,0,0
202008280945,0,0
202008280940,0,0
202008280935,2,85500
202008280930,0,0
202008280925,0,0
202008280920,0,0
202008280915,0,0
202008280910,0,0
202008280905,1,85600
202008271530,0,0
202008271520,0,0
202008271515,0,0
202008271510,2,84600
202008271505,0,0
202008271500,0,0
202008271455,0,0
202008271450,0,0
202008271445,0,0
202008271440,1,84900
202008271435,2,84900
202008271430,0,0
202008271425,0,0
202008271420,1,84900
202008271415,2,84800
202008271410,1,84900
202008271405,2,84800
202008271400,0,0
202008271355,1,84900
202008271350,0,0
202008271345,0,0
202008271340,0,0
202008271335,0,0
202008271330,0,0
202008271325,0,0
202008271320,2,84700
202008271315,0,0
202008271310,0,0
202008271305,0,0
202008271300,0,0
202008271255,0,0
202008271250,0,0
202008271245,0,0
202008271240,0,0
202008271235,0,0
202008271230,0,0
202008271225,0,0
202008271220,0,0
202008271215,0,0
202008271210,0,0
202008271205,0,0
202008271200,0,0
202008271155,0,0
202008271150,0,0
202008271145,0,0
202008271140,0,0
202008271135,0,0
202008271130,0,0
202008271125,0,0
202008271120,1,84500
202008271115,0,0
202008271110,0,0
202008271105,0,0
202008271100,0,0
202008271055,0,0
202008271050,0,0
202008271045,0,0
202008271040,0,0
202008271035,0,0
202008271030,2,84200
202008271025,0,0
202008271020,1,84300
202008271015,2,84300
202008271010,0,0
202008271005,0,0
202008271000,1,84400
202008270955,0,0
202008270950,0,0
202008270945,0,0
202008270940,0,0
202008270935,0,0
202008270930,0,0
202008270925,0,0
202008270920,0,0
202008270915,0,0
202008270910,0,0
202008270905,0,0
202008261530,0,0
202008261520,0,0
202008261515,0,0
202008261510,0,0
202008261505,0,0
202008261500,0,0
202008261455,0,0
202008261450,0,0
202008261445,0,0
202008261440,0,0
202008261435,2,84100
202008261430,0,0
202008261425,0,0
202008261420,0,0
202008261415,0,0
202008261410,0,0
202008261405,0,0
202008261400,0,0
202008261355,0,0
202008261350,0,0
202008261345,0,0
202008261340,0,0
202008261335,0,0
202008261330,0,0
202008261325,0,0
202008261320,0,0
202008261315,0,0
202008261310,0,0
202008261305,0,0
202008261300,0,0
202008261255,0,0
202008261250,0,0
202008261245,0,0
202008261240,0,0
202008261235,0,0
202008261230,0,0
202008261225,0,0
202008261220,0,0
202008261215,0,0
202008261210,0,0
202008261205,0,0
202008261200,0,0
202008261155,0,0
202008261150,0,0
202008261145,0,0
202008261140,0,0
202008261135,0,0
202008261130,0,0
202008261125,0,0
202008261120,0,0
202008261115,0,0
202008261110,0,0
202008261105,0,0
202008261100,0,0
202008261055,0,0
202008261050,0,0
202008261045,0,0
202008261040,0,0
202008261035,0,0
202008261030,1,83800
202008261025,0,0
202008261020,0,0
202008261015,0,0
202008261010,0,0
202008261005,0,0
202008261000,0,0
202008260955,0,0
202008260950,0,0
202008260945,0,0
202008260940,0,0
202008260935,0,0
202008260930,0,0
202008260925,0,0
202008260920,0,0
202008260915,0,0
202008260910,0,0
202008260905,0,0
202008251530,2,83700
202008251520,0,0
202008251515,0,0
202008251510,0,0
202008251505,1,83500
202008251500,0,0
202008251455,0,0
202008251450,2,83800
202008251445,1,83900
202008251440,0,0
202008251435,0,0
202008251430,0,0
202008251425,0,0
202008251420,0,0
202008251415,0,0
202008251410,0,0
202008251405,0,0
202008251400,0,0
202008251355,0,0
202008251350,0,0
202008251345,0,0
202008251340,0,0
202008251335,0,0
202008251330,0,0
202008251325,0,0
202008251320,0,0
202008251315,0,0
202008251310,0,0
202008251305,0,0
202008251300,0,0
202008251255,0,0
202008251250,0,0
202008251245,0,0
202008251240,0,0
202008251235,0,0
202008251230,0,0
202008251225,0,0
202008251220,0,0
202008251215,0,0
202008251210,2,83200
202008251205,0,0
202008251200,0,0
202008251155,0,0
202008251150,0,0
202008251145,0,0
202008251140,0,0
202008251135,0,0
202008251130,0,0
202008251125,0,0
202008251120,0,0
202008251115,0,0
202008251110,0,0
202008251105,0,0
202008251100,0,0
202008251055,1,83400
202008251050,0,0
202008251045,0,0
202008251040,0,0
202008251035,0,0
202008251030,0,0
202008251025,0,0
202008251020,0,0
202008251015,0,0
202008251010,0,0
202008251005,2,83300
202008251000,0,0
202008250955,0,0
202008250950,0,0
202008250945,0,0
202008250940,0,0
202008250935,0,0
202008250930,0,0
202008250925,0,0
202008250920,0,0
202008250915,0,0
202008250910,0,0
202008250905,0,0
202008241530,0,0
202008241520,0,0
202008241515,0,0
202008241510,0,0
202008241505,0,0
202008241500,1,83500
202008241455,0,0
202008241450,0,0
202008241445,0,0
202008241440,0,0
202008241435,0,0
202008241430,0,0
202008241425,0,0
202008241420,0,0
202008241415,0,0
202008241410,0,0
202008241405,0,0
202008241400,0,0
202008241355,0,0
202008241350,0,0
202008241345,0,0
202008241340,0,0
202008241335,0,0
202008241330,0,0
202008241325,0,0
202008241320,0,0
202008241315,0,0
202008241310,0,0
202008241305,0,0
202008241300,0,0
202008241255,2,84400
202008241250,0,0
202008241245,0,0
202008241240,0,0
202008241235,0,0
202008241230,0,0
202008241225,0,0
202008241220,0,0
202008241215,1,84400
202008241210,0,0
202008241205,0,0
202008241200,0,0
202008241155,0,0
202008241150,0,0
202008241145,2,84300
202008241140,0,0
202008241135,0,0
202008241130,0,0
202008241125,0,0
202008241120,0,0
202008241115,0,0
202008241110,1,84100
202008241105,2,84100
202008241100,0,0
202008241055,0,0
202008241050,0,0
202008241045,0,0
202008241040,0,0
202008241035,0,0
202008241030,0,0
202008241025,0,0
202008241020,0,0
202008241015,0,0
202008241010,0,0
202008241005,0,0
202008241000,0,0
202008240955,0,0
202008240950,0,0
202008240945,0,0
202008240940,0,0
202008240935,0,0
202008240930,0,0
202008240925,1,83900
202008240920,0,0
202008240915,0,0
202008240910,0,0
202008240905,0,0
202008211530,0,0
202008211520,0,0
202008211515,0,0
202008211510,0,0
202008211505,0,0
202008211500,0,0
202008211455,0,0
202008211450,0,0
202008211445,0,0
202008211440,0,0
202008211435,0,0
202008211430,0,0
202008211425,0,0
202008211420,0,0
202008211415,0,0
202008211410,0,0
202008211405,0,0
202008211400,0,0
202008211355,0,0
202008211350,0,0
202008211345,2,83600
202008211340,0,0
202008211335,0,0
202008211330,0,0
202008211325,0,0
202008211320,0,0
202008211315,0,0
202008211310,0,0
202008211305,0,0
202008211300,0,0
202008211255,0,0
202008211250,0,0
202008211245,0,0
202008211240,0,0
202008211235,0,0
202008211230,0,0
202008211225,0,0
202008211220,0,0
202008211215,0,0
202008211210,0,0
202008211205,0,0
202008211200,0,0
202008211155,0,0
202008211150,0,0
202008211145,0,0
202008211140,0,0
202008211135,0,0
202008211130,1,83600
202008211125,0,0
202008211120,0,0
202008211115,0,0
202008211110,0,0
202008211105,0,0
202008211100,0,0
202008211055,0,0
202008211050,0,0
202008211045,0,0
202008211040,0,0
202008211035,0,0
202008211030,0,0
202008211025,2,84000
202008211020,0,0
202008211015,0,0
202008211010,0,0
202008211005,0,0
202008211000,0,0
202008210955,0,0
202008210950,0,0
202008210945,0,0
202008210940,0,0
202008210935,0,0
202008210930,0,0
202008210925,0,0
202008210920,0,0
202008210915,0,0
202008210910,0,0
202008210905,0,0
202008201530,1,83600
202008201520,0,0
202008201515,0,0
202008201510,0,0
202008201505,0,0
202008201500,0,0
202008201455,0,0
202008201450,0,0
202008201445,0,0
202008201440,0,0
202008201435,2,84200
202008201430,0,0
202008201425,0,0
202008201420,0,0
202008201415,0,0
202008201410,0,0
202008201405,0,0
202008201400,0,0
202008201355,0,0
202008201350,0,0
202008201345,0,0
202008201340,0,0
202008201335,0,0
202008201330,0,0
202008201325,0,0
202008201320,0,0
202008201315,0,0
202008201310,0,0
202008201305,0,0
202008201300,0,0
202008201255,0,0
202008201250,0,0
202008201245,0,0
202008201240,0,0
202008201235,0,0
202008201230,0,0
202008201225,0,0
202008201220,0,0
202008201215,0,0
202008201210,0,0
202008201205,0,0
202008201200,0,0
202008201155,0,0
202008201150,1,83700
202008201145,0,0
202008201140,0,0
202008201135,2,84000
202008201130,0,0
202008201125,0,0
202008201120,0,0
202008201115,0,0
202008201110,0,0
202008201105,0,0
202008201100,0,0
202008201055,0,0
202008201050,0,0
202008201045,0,0
202008201040,0,0
202008201035,1,83900
202008201030,0,0
202008201025,0,0
202008201020,0,0
202008201015,0,0
202008201010,0,0
202008201005,0,0
202008201000,0,0
202008200955,0,0
202008200950,0,0
202008200945,0,0
202008200940,0,0
202008200935,0,0
202008200930,0,0
202008200925,0,0
202008200920,0,0
202008200915,0,0
202008200910,0,0
202008200905,0,0
202008191530,0,0
202008191520,2,84300
202008191515,0,0
202008191510,1,84300
202008191505,0,0
202008191500,0,0
202008191455,2,84200
202008191450,0,0
202008191445,0,0
202008191440,0,0
202008191435,0,0
202008191430,0,0
202008191425,0,0
202008191420,0,0
202008191415,0,0
202008191410,1,83900
202008191405,0,0
202008191400,0,0
202008191355,0,0
202008191350,0,0
202008191345,0,0
202008191340,0,0
202008191335,0,0
202008191330,0,0
202008191325,0,0
202008191320,0,0
202008191315,0,0
202008191310,0,0
202008191305,0,0
202008191300,0,0
202008191255,0,0
202008191250,0,0
202008191245,2,83700
202008191240,0,0
202008191235,0,0
202008191230,0,0
202008191225,0,0
202008191220,0,0
202008191215,0,0
202008191210,0,0
202008191205,0,0
202008191200,0,0
202008191155,0,0
202008191150,0,0
202008191145,0,0
202008191140,0,0
202008191135,0,0
202008191130,0,0
202008191125,1,83600
202008191120,0,0
202008191115,0,0
202008191110,0,0
202008191105,0,0
202008191100,0,0
202008191055,0,0
202008191050,0,0
202008191045,0,0
202008191040,0,0
202008191035,0,0
202008191030,0,0
202008191025,2,83900
202008191020,0,0
202008191015,0,0
202008191010,0,0
202008191005,0,0
202008191000,0,0
202008190955,0,0
202008190950,0,0
202008190945,0,0
202008190940,0,0
202008190935,0,0
202008190930,0,0
202008190925,0,0
202008190920,0,0
202008190915,0,0
202008190910,0,0
202008190905,0,0
202008181530,1,83600
202008181520,0,0
202008181515,0,0
202008181510,0,0
202008181505,0,0
202008181500,0,0
202008181455,0,0
202008181450,0,0
202008181445,0,0
202008181440,0,0
202008181435,0,0
202008181430,0,0
202008181425,0,0
202008181420,0,0
202008181415,0,0
202008181410,0,0
202008181405,0,0
202008181400,0,0
202008181355,0,0
202008181350,0,0
202008181345,0,0
202008181340,0,0
202008181335,0,0
202008181330,2,83700
202008181325,0,0
202008181320,0,0
202008181315,0,0
202008181310,0,0
202008181305,0,0
202008181300,0,0
202008181255,0,0
202008181250,0,0
202008181245,0,0
202008181240,0,0
202008181235,0,0
202008181230,0,0
202008181225,1,83500
202008181220,0,0
202008181215,0,0
202008181210,0,0
202008181205,0,0
202008181200,0,0
202008181155,0,0
202008181150,0,0
202008181145,0,0
202008181140,0,0
202008181135,0,0
202008181130,0,0
202008181125,0,0
202008181120,0,0
202008181115,0,0
202008181110,0,0
202008181105,0,0
202008181100,0,0
202008181055,0,0
202008181050,0,0
202008181045,0,0
202008181040,0,0
202008181035,0,0
202008181030,0,0
202008181025,0,0
202008181020,0,0
202008181015,0,0
202008181010,0,0
202008181005,2,83300
202008181000,0,0
202008180955,0,0
202008180950,0,0
202008180945,0,0
202008180940,0,0
202008180935,0,0
202008180930,0,0
202008180925,0,0
202008180920,0,0
202008180915,0,0
202008180910,0,0
202008180905,0,0
202008141530,0,0
202008141520,0,0
202008141515,1,83400
202008141510,2,83400
202008141505,1,83200
202008141500,2,83200
202008141455,1,83300
202008141450,0,0
202008141445,2,83400
202008141440,0,0
202008141435,0,0
202008141430,0,0
202008141425,0,0
202008141420,0,0
202008141415,0,0
202008141410,0,0
202008141405,0,0
202008141400,0,0
202008141355,0,0
202008141350,0,0
202008141345,0,0
202008141340,0,0
202008141335,0,0
202008141330,0,0
202008141325,0,0
202008141320,0,0
202008141315,0,0
202008141310,1,83600
202008141305,0,0
202008141300,0,0
202008141255,0,0
202008141250,0,0
202008141245,0,0
202008141240,0,0
202008141235,0,0
202008141230,0,0
202008141225,0,0
202008141220,0,0
202008141215,0,0
202008141210,0,0
202008141205,2,83800
202008141200,0,0
202008141155,0,0
202008141150,0,0
202008141145,0,0
202008141140,0,0
202008141135,0,0
202008141130,0,0
202008141125,0,0
202008141120,0,0
202008141115,0,0
202008141110,0,0
202008141105,0,0
202008141100,0,0
202008141055,0,0
202008141050,0,0
202008141045,0,0
202008141040,0,0
202008141035,0,0
202008141030,0,0
202008141025,1,83600
202008141020,0,0
202008141015,2,83600
202008141010,1,83600
202008141005,0,0
202008141000,2,83600
202008140955,1,83600
202008140950,0,0
202008140945,0,0
202008140940,0,0
202008140935,0,0
202008140930,0,0
202008140925,0,0
202008140920,0,0
202008140915,0,0
202008140910,0,0
202008140905,0,0
202008131530,0,0
202008131520,0,0
202008131515,0,0
202008131510,0,0
202008131505,0,0
202008131500,0,0
202008131455,0,0
202008131450,2,83200
202008131445,0,0
202008131440,0,0
202008131435,1,83000
202008131430,2,83000
202008131425,0,0
202008131420,1,82900
202008131415,0,0
202008131410,0,0
202008131405,0,0
202008131400,0,0
202008131355,0,0
202008131350,0,0
202008131345,0,0
202008131340,0,0
202008131335,0,0
202008131330,0,0
202008131325,0,0
202008131320,0,0
202008131315,0,0
202008131310,0,0
202008131305,0,0
202008131300,0,0
202008131255,0,0
202008131250,0,0
202008131245,0,0
202008131240,0,0
202008131235,0,0
202008131230,0,0
202008131225,0,0
202008131220,0,0
202008131215,0,0
202008131210,0,0
202008131205,0,0
202008131200,0,0
202008131155,0,0
202008131150,0,0
202008131145,0,0
202008131140,0,0
202008131135,0,0
202008131130,0,0
202008131125,0,0
202008131120,0,0
202008131115,0,0
202008131110,0,0
202008131105,0,0
202008131100,0,0
202008131055,0,0
202008131050,0,0
202008131045,0,0
202008131040,0,0
202008131035,0,0
202008131030,0,0
202008131025,0,0
202008131020,0,0
202008131015,0,0
202008131010,0,0
202008131005,0,0
202008131000,0,0
202008130955,0,0
202008130950,2,82800
202008130945,0,0
202008130940,0,0
202008130935,0,0
202008130930,0,0
202008130925,0,0
202008130920,0,0
202008130915,0,0
202008130910,0,0
202008130905,0,0
202008121530,0,0
202008121520,0,0
202008121515,0,0
202008121510,0,0
202008121505,0,0
202008121500,0,0
202008121455,0,0
202008121450,0,0
202008121445,0,0
202008121440,0,0
202008121435,0,0
202008121430,0,0
202008121425,1,82900
202008121420,0,0
202008121415,0,0
202008121410,0,0
202008121405,0,0
202008121400,0,0
202008121355,0,0
202008121350,0,0
202008121345,0,0
202008121340,0,0
202008121335,0,0
202008121330,2,82600
202008121325,0,0
202008121320,0,0
202008121315,0,0
202008121310,1,82600
202008121305,0,0
202008121300,0,0
202008121255,0,0
202008121250,0,0
202008121245,0,0
202008121240,0,0
202008121235,0,0
202008121230,0,0
202008121225,0,0
202008121220,0,0
202008121215,0,0
202008121210,0,0
202008121205,2,82600
202008121200,0,0
202008121155,0,0
202008121150,0,0
202008121145,0,0
202008121140,0,0
202008121135,0,0
202008121130,0,0
202008121125,0,0
202008121120,0,0
202008121115,0,0
202008121110,0,0
202008121105,0,0
202008121100,0,0
202008121055,0,0
202008121050,0,0
202008121045,0,0
202008121040,0,0
202008121035,0,0
202008121030,0,0
202008121025,0,0
202008121020,0,0
202008121015,0,0
202008121010,0,0
202008121005,1,82500
202008121000,0,0
202008120955,0,0
202008120950,0,0
202008120945,0,0
202008120940,0,0
202008120935,0,0
202008120930,0,0
202008120925,0,0
202008120920,0,0
202008120915,0,0
202008120910,0,0
202008120905,0,0
202008111530,0,0
202008111520,2,82000
202008111515,1,81800
202008111510,0,0
202008111505,0,0
202008111500,0,0
202008111455,0,0
202008111450,0,0
202008111445,0,0
202008111440,0,0
202008111435,0,0
202008111430,0,0
202008111425,0,0
202008111420,0,0
202008111415,0,0
202008111410,0,0
202008111405,0,0
202008111400,0,0
202008111355,0,0
202008111350,0,0
202008111345,0,0
202008111340,0,0
202008111335,0,0
202008111330,0,0
202008111325,0,0
202008111320,0,0
202008111315,0,0
202008111310,0,0
202008111305,0,0
202008111300,0,0
202008111255,0,0
202008111250,0,0
202008111245,0,0
202008111240,0,0
202008111235,0,0
202008111230,0,0
202008111225,0,0
202008111220,0,0
202008111215,0,0
202008111210,0,0
202008111205,0,0
202008111200,0,0
202008111155,0,0
202008111150,0,0
202008111145,0,0
202008111140,0,0
202008111135,2,82000
202008111130,0,0
202008111125,0,0
202008111120,0,0
202008111115,0,0
202008111110,0,0
202008111105,0,0
202008111100,0,0
202008111055,0,0
202008111050,0,0
202008111045,0,0
202008111040,0,0
202008111035,0,0
202008111030,0,0
202008111025,0,0
202008111020,0,0
202008111015,0,0
202008111010,1,82700
202008111005,2,82700
202008111000,0,0
202008110955,0,0
202008110950,0,0
202008110945,0,0
202008110940,0,0
202008110935,0,0
202008110930,0,0
202008110925,0,0
202008110920,0,0
202008110915,0,0
202008110910,0,0
202008110905,0,0
202008101530,1,82900
202008101520,0,0
202008101515,0,0
202008101510,0,0
202008101505,0,0
202008101500,0,0
202008101455,0,0
202008101450,0,0
202008101445,0,0
202008101440,0,0
202008101435,0,0
202008101430,0,0
202008101425,0,0
202008101420,0,0
202008101415,0,0
202008101410,0,0
202008101405,0,0
202008101400,0,0
202008101355,0,0
202008101350,2,83000
202008101345,0,0
202008101340,0,0
202008101335,0,0
202008101330,0,0
202008101325,0,0
202008101320,0,0
202008101315,0,0
202008101310,0,0
202008101305,1,83100
202008101300,2,83000
202008101255,0,0
202008101250,0,0
202008101245,0,0
202008101240,0,0
202008101235,0,0
202008101230,0,0
202008101225,0,0
202008101220,0,0
202008101215,0,0
202008101210,0,0
202008101205,0,0
202008101200,0,0
202008101155,0,0
202008101150,0,0
202008101145,0,0
202008101140,1,83000
202008101135,0,0
202008101130,0,0
202008101125,0,0
202008101120,0,0
202008101115,0,0
202008101110,0,0
202008101105,0,0
202008101100,0,0
202008101055,0,0
202008101050,0,0
202008101045,0,0
202008101040,0,0
202008101035,0,0
202008101030,0,0
202008101025,0,0
202008101020,0,0
202008101015,0,0
202008101010,0,0
202008101005,0,0
202008101000,0,0
202008100955,0,0
202008100950,2,83200
202008100945,0,0
202008100940,0,0
202008100935,0,0
202008100930,0,0
202008100925,0,0
202008100920,0,0
202008100915,0,0
202008100910,0,0
202008100905,0,0
202008071530,0,0
202008071520,0,0
202008071515,0,0
202008071510,0,0
202008071505,0,0
202008071500,0,0
202008071455,0,0
202008071450,0,0
202008071445,0,0
202008071440,0,0
202008071435,0,0
202008071430,0,0
202008071425,0,0
202008071420,0,0
202008071415,0,0
202008071410,0,0
202008071405,0,0
202008071400,0,0
202008071355,0,0
202008071350,0,0
202008071345,0,0
202008071340,0,0
202008071335,0,0
202008071330,0,0
202008071325,0,0
202008071320,0,0
202008071315,0,0
202008071310,0,0
202008071305,0,0
202008071300,0,0
202008071255,1,82700
202008071250,0,0
202008071245,0,0
202008071240,0,0
202008071235,0,0
202008071230,0,0
202008071225,0,0
202008071220,0,0
202008071215,0,0
202008071210,0,0
202008071205,0,0
202008071200,0,0
202008071155,0,0
202008071150,0,0
202008071145,0,0
202008071140,0,0
202008071135,0,0
202008071130,0,0
202008071125,0,0
202008071120,2,82600
202008071115,0,0
202008071110,0,0
202008071105,0,0
202008071100,0,0
202008071055,1,82700
202008071050,0,0
202008071045,0,0
202008071040,0,0
202008071035,0,0
202008071030,0,0
202008071025,0,0
202008071020,0,0
202008071015,0,0
202008071010,0,0
202008071005,0,0
202008071000,0,0
202008070955,0,0
202008070950,0,0
202008070945,0,0
202008070940,2,83100
202008070935,0,0
202008070930,0,0
202008070925,0,0
202008070920,0,0
202008070915,0,0
202008070910,0,0
202008070905,0,0
202008061530,0,0
202008061520,1,82800
202008061515,0,0
202008061510,0,0
202008061505,0,0
202008061500,0,0
202008061455,0,0
202008061450,0,0
202008061445,0,0
202008061440,0,0
202008061435,0,0
202008061430,0,0
202008061425,2,82300
202008061420,0,0
202008061415,0,0
202008061410,0,0
202008061405,0,0
202008061400,0,0
202008061355,0,0
202008061350,0,0
202008061345,0,0
202008061340,0,0
202008061335,0,0
202008061330,1,82300
202008061325,2,82300
202008061320,1,82200
202008061315,2,82200
202008061310,0,0
202008061305,0,0
202008061300,0,0
202008061255,0,0
202008061250,0,0
202008061245,0,0
202008061240,0,0
202008061235,0,0
202008061230,0,0
202008061225,0,0
202008061220,1,82200
202008061215,0,0
202008061210,0,0
202008061205,0,0
202008061200,0,0
202008061155,0,0
202008061150,0,0
202008061145,0,0
202008061140,0,0
202008061135,0,0
202008061130,0,0
202008061125,0,0
202008061120,0,0
202008061115,0,0
202008061110,0,0
202008061105,0,0
202008061100,0,0
202008061055,0,0
202008061050,0,0
202008061045,0,0
202008061040,0,0
202008061035,0,0
202008061030,0,0
202008061025,0,0
202008061020,2,82300
202008061015,0,0
202008061010,0,0
202008061005,0,0
202008061000,0,0
202008060955,0,0
202008060950,0,0
202008060945,0,0
202008060940,0,0
202008060935,0,0
202008060930,0,0
202008060925,0,0
202008060920,0,0
202008060915,0,0
202008060910,0,0
202008060905,0,0
202008051530,0,0
202008051520,0,0
202008051515,0,0
202008051510,0,0
202008051505,0,0
202008051500,1,81700
202008051455,0,0
202008051450,0,0
202008051445,0,0
202008051440,0,0
202008051435,0,0
202008051430,0,0
202008051425,0,0
202008051420,0,0
202008051415,0,0
202008051410,0,0
202008051405,0,0
202008051400,0,0
202008051355,0,0
202008051350,0,0
202008051345,0,0
202008051340,0,0
202008051335,0,0
202008051330,2,82200
202008051325,0,0
202008051320,0,0
202008051315,0,0
202008051310,0,0
202008051305,0,0
202008051300,0,0
202008051255,0,0
202008051250,1,82200
202008051245,2,82300
202008051240,0,0
202008051235,0,0
202008051230,0,0
202008051225,0,0
202008051220,0,0
202008051215,0,0
202008051210,0,0
202008051205,0,0
202008051200,0,0
202008051155,0,0
202008051150,0,0
202008051145,0,0
202008051140,0,0
202008051135,0,0
202008051130,0,0
202008051125,0,0
202008051120,0,0
202008051115,1,82000
202008051110,0,0
202008051105,0,0
202008051100,0,0
202008051055,0,0
202008051050,0,0
202008051045,0,0
202008051040,0,0
202008051035,0,0
202008051030,0,0
202008051025,0,0
202008051020,0,0
202008051015,0,0
202008051010,0,0
202008051005,0,0
202008051000,0,0
202008050955,0,0
202008050950,0,0
202008050945,0,0
202008050940,0,0
202008050935,0,0
202008050930,0,0
202008050925,0,0
202008050920,2,81700
202008050915,1,81700
202008050910,2,81700
202008050905,0,0
202008041530,0,0
202008041520,0,0
202008041515,0,0
202008041510,0,0
202008041505,0,0
202008041500,0,0
202008041455,0,0
202008041450,0,0
202008041445,0,0
202008041440,0,0
202008041435,0,0
202008041430,0,0
202008041425,1,81800
202008041420,0,0
202008041415,0,0
202008041410,0,0
202008041405,2,81700
202008041400,0,0
202008041355,0,0
202008041350,0,0
202008041345,0,0
202008041340,0,0
202008041335,0,0
202008041330,0,0
202008041325,0,0
202008041320,0,0
202008041315,0,0
202008041310,0,0
202008041305,0,0
202008041300,0,0
202008041255,1,81700
202008041250,0,0
202008041245,0,0
202008041240,0,0
202008041235,0,0
202008041230,0,0
202008041225,0,0
202008041220,0,0
202008041215,0,0
202008041210,0,0
202008041205,0,0
202008041200,0,0
202008041155,0,0
202008041150,0,0
202008041145,2,81700
202008041140,0,0
202008041135,0,0
202008041130,0,0
202008041125,0,0
202008041120,0,0
202008041115,0,0
202008041110,0,0
202008041105,0,0
202008041100,0,0
202008041055,0,0
202008041050,0,0
202008041045,0,0
202008041040,0,0
202008041035,0,0
202008041030,0,0
202008041025,0,0
202008041020,0,0
202008041015,0,0
202008041010,0,0
202008041005,0,0
202008041000,0,0
202008040955,0,0
202008040950,0,0
202008040945,0,0
202008040940,0,0
202008040935,0,0
202008040930,0,0
202008040925,0,0
202008040920,0,0
202008040915,0,0
202008040910,0,0
202008040905,0,0
