,회사명,날짜,언론사,기사제목,링크,본문
0,삼성전자, 2017-08-2323:02,국민일보 ,이해진 네이버 창업자 11만주 블록딜 성공,https://finance.naver.com/news/news_read.nhn?article_id=0001020178&office_id=005&mode=search&query=삼성전자&page=1,"['       이해진 네이버 창업자 11만주 블록딜 성공      기사입력2017-08-23 23:02기사원문좋아요훈훈해요좋아요 평가하기공감좋아요0훈훈해요0슬퍼요0화나요0후속기사 원해요0댓글 이해진 네이버 창업자가 보유주식 블록딜(시간 외 매매)에 성공하면서 네이버 주가는 0.78% 올랐다. 시장에서는 이번 매각을 ‘총수 없는 대기업 지정’을 향한 의지로 해석한다. 네이버는 23일 유가증권시장에서 77만3000원으로 장을 마쳤다. 네이버는 이 창업자가 전날 장 마감 후에 주당 74만3990원에 11만주를 처분했다고 공시했다. 그는 지난 21일 블록딜을 시도했다가 실패했다. 금융투자업계는 다음 달 공정거래위원회의 ‘공시대상 기업집단’ 선정을 앞두고 지분을 축소했다고 본다. 공시대상 기업집단으로 지정되면 해당기업 총수는 법적 책임, 사익 편취 금지 등 여러 부담을 짊어져야 한다. 한 증권사 연구원은 이번 거래가 주가에 미칠 영향에 대해 “통상 블록딜은 단기적으로 주가에 부정적”이라면서도 “‘총수 없는 대기업으로 선정해 달라’는 의도가 명백해 보인다는 점에서 이번 매각은 회사에 긍정적이라 주가 영향은 크지 않을 것”이라고 내다봤다. 이날 코스피지수는 1.07포인트 오른 2366.40에 마감했다. 국제 통화정책에서 큰 행사인 미국 연방준비제도(Fed)의 ‘잭슨홀 미팅’을 앞두고 관망세가 짙어지면서 상승폭은 크지 않았다. 개인이 778억원, 외국인은 1057억원 사들였다. 반면 기관은 1982억원을 순매도했다. 외국인은 전기·전자업종(업종 전체 0.9% 상승)에서만 1011억원을 순매수했다. 시장 전문가들은 미국 뉴욕증시의 상승 마감과 삼성전자의 갤럭시 노트8 공개 등이 투자심리를 자극했다고 봤다. 삼성전자는 1.02% 오른 237만4000원에 거래를 마쳤다. 코스닥지수는 0.09% 내린 643.71로 마감했다.안규영 기자 kyu@kmib.co.kr[국민일보 홈페이지] [페이스북][취재대행소 왱!(클릭)]GoodNews paper ⓒ 국민일보(www.kmib.co.kr), 무단전재 및 재배포금지국민일보 관련뉴스해당 언론사에서 선정하며 언론사 페이지(아웃링크)로 이동해 볼 수 있습니다.태풍 \'하토\'에 휩쓸려 날아간 행인들… 오늘 홍콩 상황 (영상)\'머슬마니아\' 출신 레이양, 가을 맞이 \'수영복 셀카\' 공개걸그룹의 슈퍼카… 효민 \'에보라 400\', 수지 \'포르쉐 911\'120㎏ 체중 논란 머라이어 캐리… \'포토샵\'한 최근 몸매\'미수다\' 에바 근황…""생활비 100만원, 경제적으로 어렵다""좋아요0훈훈해요0슬퍼요0화나요0후속기사 원해요0기사제공 :']"
1,삼성전자, 2017-08-2321:02,세계일보 ,LG ‘V30’ 구글 어시스턴트 한국어 버전 첫 탑재,https://finance.naver.com/news/news_read.nhn?article_id=0003203127&office_id=022&mode=search&query=삼성전자&page=1,"['       LG ‘V30’ 구글 어시스턴트 한국어 버전 첫 탑재      기사입력2017-08-23 21:02기사원문좋아요훈훈해요좋아요 평가하기공감좋아요0훈훈해요0슬퍼요0화나요0후속기사 원해요0댓글목소리 만으로 음악 재생·인터넷 검색/삼성 ‘빅스비’·애플 ‘시리’와 AI비서 경쟁LG전자의 하반기 전략 스마트폰 V30에 구글의 인공지능(AI) 비서 ‘구글 어시스턴트’ 한국어 버전이 처음으로 탑재된다. LG전자의 주력 제품에 AI 비서가 적용되면서 삼성전자의 ‘빅스비’, 애플의 ‘시리’ 등과 함께 스마트폰 AI 비서 경쟁도 달아오를 전망이다.23일 전자업계(IT)에 따르면 LG전자와 구글은 오는 31일 독일 베를린에서 열리는 국제가전전시회(IFA) V30 공개행사에서 구글 어시스턴트 한국어 버전을 공개할 방침이다. 구글 어시스턴트는 구글이 선보인 음성인식 AI 비서다. 지난해 10월 출시된 구글 픽셀폰에 처음으로 영어버전이 적용된 바 있다. 이후 구글은 LG전자의 G6에 구글 어시스턴트 영어버전을 지원했다. 구글 어시스턴트가 외부에 탑재된 것은 G6가 처음이다. 앞서 구글은 미국 샌프란시스코에서 열린 구글 연례 개발자 회의에서 ‘구글 어시스턴트에 한국어와 일본어, 독일어, 프랑스어 등을 지원할 계획’이라고 밝힌 바 있다. V30에 구글 어시스턴트가 적용되면 스마트폰 화면이 꺼진 상태에서 손을 쓰지 않고 사용자의 목소리만으로 음악을 재생하거나 인터넷을 검색하는 등 다양한 명령을 내릴 수 있게 된다.정필재 기자 rush@segye.comⓒ 세상을 보는 눈, 글로벌 미디어 세계일보세계일보 관련뉴스해당 언론사에서 선정하며 언론사 페이지(아웃링크)로 이동해 볼 수 있습니다.장모 고깃집서 매주 공짜 회식…무개념사위 논란손 vs 중요부위, 어디가 더 더러울까?""여친 안 생겨요? OO 그만 드세요!""1살 아들 품에 안고 숨진 임신부 ""당신 사랑한 걸 잊지 마""""카페컵에 아이가 소변을…"" \'맘충\' 논란좋아요0훈훈해요0슬퍼요0화나요0후속기사 원해요0기사제공 :']"
2,삼성전자, 2017-08-2320:30,경향신문 ,IT 서비스·불꽃 축제·썰매…기업들도 지원 ‘봇물’,https://finance.naver.com/news/news_read.nhn?article_id=0002812842&office_id=032&mode=search&query=삼성전자&page=1,"['       IT 서비스·불꽃 축제·썰매…기업들도 지원 ‘봇물’      기사입력2017-08-23 20:30기사원문좋아요훈훈해요좋아요 평가하기공감좋아요0훈훈해요0슬퍼요0화나요0후속기사 원해요0댓글ㆍ통번역 ‘파파고’ 제공·공식 인증 기념상품 판매처 운영도KT가 최근 개최한 도심 속 봅슬레이 체험 행사에서 한 참가자가 가상현실 5G 봅슬레이를 체험하고 있다. KT 제공평창 동계올림픽 개최가 반 년 앞으로 바싹 다가오면서 기업들도 한국에서 열리는 첫 번째 동계올림픽의 성공적인 개최를 위해 투자와 지원을 아까지 않고 있다. 동계올림픽 종목 국가대표팀에 대한 후원을 비롯해 성공적인 올림픽 개최를 위한 후원금 모금은 물론 정보기술(IT) 기기·네트워크 서비스와 관광객 유치 홍보, 통역, 개막쇼, 패럴림픽(장애인올림픽) 지원 등 다양한 분야에서 기업 특성을 활용한 지원 활동을 펼치고 있다.■ 삼성삼성전자는 국제올림픽위원회(IOC)를 후원하는 국내 유일 ‘올림픽 파트너’(TOP·The Olympic Partner) 기업이다. 삼성전자 이건희 회장은 IOC 위원으로 2010년 2월 밴쿠버 동계올림픽을 시작으로 2011년 남아공 더반 IOC 총회까지 1년 반 동안 11차례 걸쳐 170일 동안 출장을 가 IOC 위원 110명 전원에게 평창 지지를 호소해 2018년 평창올림픽 유치에 기여하기도 했다. 삼성전자는 2018년 평창 동계올림픽의 성화봉송 주자를 모집하며 올림픽 마케팅을 지원하고 있다. 평창 동계올림픽에서는 스마트폰뿐만 아니라 태블릿, 노트북, 데스크톱 PC, 프린터 등의 제품까지 포함해 후원한다. ■ LGLG전자는 프리미엄 무선 청소기 ‘코드제로 A9’으로 아이스하키 국가대표팀을 응원한다. 9월10일까지 공식 페이스북(www.facebook.com/theLGstory)에서 아이스하키 국가대표팀 응원 이벤트를 진행한다. 대표팀에 전하는 응원 메시지 10개 가운데 1개를 선택한 후 댓글을 남기면 추첨을 통해 ‘코드제로 A9’ 등을 경품으로 증정한다. LG전자는 최근 대표팀 선수 전원에게 ‘코드제로 A9’을 전달했다. ■ SKSK그룹은 2018 평창 동계올림픽과 패럴림픽을 운영하는 데 필요한 정유와 현금을 지원한다. 평창 동계올림픽 최상위(티어 1) 후원사로 분류된 SK는 대회 공식 파트너 명칭 사용, 대회 마스코트 및 심벌 등을 활용한 마케팅, 평창 동계올림픽 현장 내 홍보관 운영 등 다양한 마케팅 활동을 할 수 있다. SK는 2014년부터 스피드스케이팅 국가대표팀을 후원하고 있다. ■ 롯데롯데백화점이 서울 잠실점에 설치한 평창 동계올림픽 팝업스토어 모습. 롯데는 가을부터 매장을 본격적으로 늘려 1000여개를 운영한다. 롯데백화점 제공롯데그룹은 유통업의 특성을 살려 백화점, 면세점, 대형마트 등 기존 영업장 및 경기장 인근 슈퍼스토어, 공항 및 주요 철도역사에서 올림픽 공식 인증 기념상품 판매처를 운영한다. 롯데백화점은 9월 이후 ‘2018 평창동계올림픽 공식 스토어’ 매장을 본격적으로 늘려 공항과 역사, 마트, 편의점 등에서 총 1000여개 매장을 운영한다. 신동빈 회장은 지난해 6월 멕시코 칸쿤에서 열린 제50차 국제스키연맹(FIS) 총회에서 집행위원으로 선출됐다. ■ 한화한화그룹은 D-500, D-365, D-100, 평창 동계올림픽 및 패럴림픽 개·폐막식 등에서 불꽃 축제를 선보이며 성화봉 8000여개를 제공하는 등 총 250억원가량을 후원한다. 지난달 22일 강원 춘천 근화동 레고랜드 진입 교량 인근에서 올림픽 성공 개최를 다짐하는 ‘2018 평창 동계올림픽 G-200 불꽃축제’를 후원했다. 한화가 지원하는 성화봉 8000여개는 올림픽 개최지인 평창의 해발 700m 고도를 상징하기 위해 700㎜ 길이로 제작됐다. ■ KTKT는 2018 평창 동계올림픽의 최초의 후원 계약자이자 공식 통신파트너이다. KT는 평창 동계올림픽의 주요 69개 행사장에 4G(LTE), 3G를 포함해 대회통신망, 방송중계망, 5G 시범서비스, 와이파이(WIFI), 광케이블, 인터넷 전화, 전용회선 등 모든 통신인프라를 구축·제공한다. KT는 광케이블 등 기본 인프라와 핵심 네트워크 장비 구축을 오는 10월까지 마무리하고 12월에는 엑세스 장비를 포함한 모든 통신 인프라를 완성하겠다고 밝혔다. ■ 포스코포스코가 최근 자체 개발한 신소재로 만든 썰매를 장애인아이스하키 국가대표 선수단에 기부하며 기념 촬영을 하고 있다. 포스코 제공포스코는 2018 평창 동계올림픽 철강부문 공식 파트너이다. 지난 5일 장애인아이스하키 국가대표 선수단 기량 향상을 위해 썰매 제조업체 매시브블레이드와 공동으로 포스코가 개발한 신소재인 고망간 방진강, 고강도 마그네슘 합금, 스테인리스강 등을 적용해 최초의 한국형 썰매를 개발해 기부했다. 기존 수입 제품보다 34% 가벼우면서 충격 흡수력도 뛰어나다. 2015년 12월에는 탄소배출권 2만5968t을 평창 동계올림픽대회 및 장애인동계올림픽대회 조직위원회에 기부했다. ■ 네이버네이버는 네이버 스포츠 채널과 인공지능 통번역 서비스인 ‘파파고’, 외국인을 위한 사전과 스마트보드 등으로 평창 동계올림픽을 찾은 내·외국인들에게 도움을 줄 계획이다. 네이버는 “평창 동계올림픽 공식 후원사는 아니지만 올림픽을 계기로 한국을 방문하는 외국인들이 활용할 수 있는 유용한 서비스들을 준비하고 있다”며 “올림픽 관련 콘텐츠와 기능을 향후 더 확대하겠다”고 말했다. ■ P&G한국피앤지는 지난 18일 스켈레톤 국가대표 윤성빈 선수와 함께하는 ‘일일 스켈레톤 체험 클래스’를 진행하는 등 다양한 행사와 이벤트를 통해 동계올림픽을 지원하고 있다. 한국피앤지는 비자카드와 함께 전국 115개 롯데마트에서 내년 2월까지 특별 행사를 진행 중이다. 롯데마트에서 피앤지 제품을 구매하고 비자카드로 결제하는 고객에게는 5%를 추가 할인해준다.▶ [경향비즈 바로가기], 경향비즈 SNS [페이스북]  ▶ [인기 무료만화 보기][©경향신문(www.khan.co.kr), 무단전재 및 재배포 금지]경향신문 관련뉴스해당 언론사에서 선정하며 언론사 페이지(아웃링크)로 이동해 볼 수 있습니다.박근혜 지지자들, 보안관찰 규탄 시민에 ""전라도 XX들아""이승환, MB 풍자곡 \'돈의 신\' MBC ""방송 불가"" KBS ""통과"" 왜?문성현 노사정위원장 ""임금격차 해소 초점, 민주노총도 함께""[팩트체크]김진표 ""종교인 과세, 준비 시행"" 주장 속 꼼수 3가지""탑이 대마초 권유"" 한서희의 폭로…탑에게 또다른 치명타 안기나좋아요0훈훈해요0슬퍼요0화나요0후속기사 원해요0기사제공 :']"
3,삼성전자, 2017-08-2320:25,이데일리 ,이데일리 `내일의 경제일정`-삼성 갤럭시노트8 공개,https://finance.naver.com/news/news_read.nhn?article_id=0003905133&office_id=018&mode=search&query=삼성전자&page=1,"['       이데일리 `내일의 경제일정`-삼성 갤럭시노트8 공개      기사입력2017-08-23 20:25기사원문좋아요훈훈해요좋아요 평가하기공감좋아요0훈훈해요0슬퍼요0화나요0후속기사 원해요0댓글 [이데일리 신정은 기자] 삼성전자(005930)는 내일(24일) 0시 미국 뉴욕 파크 애비뉴 아모리에서 갤럭시노트8을 공개한다. 갤럭시노트8은 삼성 스마트폰 최초로 듀얼 카메라를 장착했을 것으로 기대되고 있다. 삼성이 ‘엣지’ 디스플레이로 선도해 온 ‘베젤리스(앞면 테두리를 최소화한)’ 디자인이 갤럭시노트8에서 어느 정도로 구현될 지도 관심사다.한중 정상은 한중수교 25주년을 맞아 이날 축하 메시지를 교환할 예정이다. 중국 베이징과 서울에서는 수교 25주년 기념 리셉션이 열린다. 우리 정부는 강경화 외교부 장관을 대신해 임성남 외교부 1차관이 주한 중국대사관 주최 리셉션에 참석할 예정이다.◇경제·금융10:00 경제관계장관회의(서울청사) 15:00 기획재정부 예산안 브리핑(세종청사) 한국은행 2017년 8월 소비자동향조사(CSI)◇산업·증권00:00 삼성 갤럭시 노트8 공개(미국 뉴욕 애비뉴 아모리)10:00 현대차 채용박람회(현대 모터스튜디오 고양)11:00 캐딜락 하우스서울 전시장 공개(강남 인터와이어드 스튜디오)19:00 스타트업 프레스데이(스페이스) ◇정치·사회한중 수교 25주년 기념 리셉션(서울·베이징)08:30 국정현안점검조정회의(서울청사) 09:00 공정위원회 정무위원회 전체회의( 국회)14:00 일자리 정부 100일 성과와 향후 과제 세미나(중소기업중앙회)17:00 한중일환경장관회의(라마다플라자)18:00 파나마기국 100주년 기념행사신정은 (hao1221@edaily.co.kr)▶심쿵유발 스타 화보 [핫포토]▶[페이스북] 보러가기~♥ | [카카오톡] 플친 맺기~♥＜ⓒ종합 경제정보 미디어 이데일리 - 무단전재 & 재배포 금지＞이데일리 관련뉴스해당 언론사에서 선정하며 언론사 페이지(아웃링크)로 이동해 볼 수 있습니다.""또 08이야? 께름칙해라""..불신에 안전홍보도 가격인하도 안 통했다北김정은, 美공격시 부인 리설주 등 3명과 中으로 탈출..딸은 제외한명숙 \'억울한 옥살이\' 논란에 대법관은 돌아이?..고성 오간 법사위현대차 ""미국시장 겨냥 픽업트럭 출시""세끼 다먹으며 살 뺀다…요요걱정 없는 \'종이컵 다이어트\' 화제좋아요0훈훈해요0슬퍼요0화나요0후속기사 원해요0기사제공 :']"
4,삼성전자, 2017-08-2320:17,디지털타임스 ,"WD, 도시바 인수 유력… 비상등 켜진 한미일연합",https://finance.naver.com/news/news_read.nhn?article_id=0002418619&office_id=029&mode=search&query=삼성전자&page=1,"['       WD, 도시바 인수 유력… 비상등 켜진 한미일연합      기사입력2017-08-23 20:17기사원문좋아요훈훈해요좋아요 평가하기공감좋아요0훈훈해요0슬퍼요0화나요0후속기사 원해요0댓글WD, 인수가 19조6700억 제시메모리반도체 사업 실사 돌입내주 최종 계약 목표로 협상중SK ""과정 복잡… 아직은 유리""[디지털타임스 박슬기 기자] 미국 웨스턴디지털(WD)이 일본 도시바의 메모리반도체 인수 업체로 유력하게 부상하면서 SK하이닉스가 들어간 한미일 연합 컨소시엄의 인수에 비상등이 켜졌다.23일 니혼게이자이신문을 비롯한 외신에 따르면 미국 웨스턴디지털은 도시바의 메모리반도체 사업에 대한 실사에 들어가 내주 안으로 최종 계약을 목표로 도시바와 협상하고 있다.웨스턴디지털은 일본의 민관 펀드인 산업혁신기구(INCJ), 미국 투자펀드 콜버그크래비스로버츠(KKR), 일본정책투자은행 등과 연합해 1조9000억엔(약 19조6700억원)의 인수가를 도시바 측에 제시한 것으로 전해졌다.산업혁신기구가 기존에 함께 인수 컨소시엄을 구성한 베인캐피털·SK하이닉스 대신 KKR, 웨스턴디지털과 손을 잡았다는 관측이다.도시바는 지난 6월 한미일 연합 컨소시엄을 우선협상대상자로 선정했다. 하지만 우선협상대상자의 법적 효력은 없고, 중간에 얼마든지 다른 인수 희망자와 협상할 수 있다는 조건을 달았다. 이에 따라 웨스턴디지털이 이번 인수전에서 앞선 우선협상대상자 컨소시엄의 발목을 잡으면서 도시바 반도체 사업 인수의 주도권을 잡는 것 아니냐는 관측이 나온다.웨스턴디지털도 앞서 우선협상대상자 컨소시엄처럼 초기엔 의결권이 없는 전환사채 등의 형태로 수천억 엔의 자금을 댄 후 각국 독점방지법 심사를 통과한 후 20% 미만의 의결권 주식을 취득하는 방식으로 인수 제안을 한 것으로 전해졌다.웨스턴디지털과 도시바는 이번 매각 관련 세부사항을 합의하면 스티브 밀리건 웨스턴디지털 최고경영자(CEO)가 이달 말 일본으로 건너가 최종 인수계약에 서명한 뒤 그동안 도시바를 상대로 제기한 소송을 취하할 것으로 보인다.웨스턴디지털이 도시바 메모리 사업을 인수하면 세계 낸드플래시 메모리 시장에서 약 35% 점유율(올 2분기 기준)로 삼성전자(35.6 %)를 직접 위협하게 된다.웨스턴디지털의 갑작스러운 도시바 인수협상에 대해 SK 측은 ""이미 인수 컨소시엄을 구성한 일 산업혁신기구가 쉽게 기존 컨소시엄을 버리고 웨스턴 측과 함께 할 것이라고 보지 않는다""며 ""매각 협상은 세부사항이 매우 복잡해 그렇게 빨리 타결될 것이라고 보지 않고, 여전히 우리에게 유리한 구도로 보고 있다""고 말했다.박슬기기자 seul@ 디지털타임스 홈페이지 바로가기/SNS 바로가기확바뀐 디지털타임스 연예·스포츠 섹션 바로가기박슬기디지털타임스 관련뉴스해당 언론사에서 선정하며 언론사 페이지(아웃링크)로 이동해 볼 수 있습니다.갤노트8 써보니…\'멀티태스킹 최적화\' 대화면 패블릿""수소차, 괜찮긴한데… ""전기차에 밀리는 결정적 이유8년후 없어질 직업들? 물류창고·매장 \'서비스로봇\'봇물완성차는 왜… 수익내기 힘든 카셰어링 사업에 진출했나\'운전자론\' 무색하게 한 \'코리아 패싱\'좋아요0훈훈해요0슬퍼요0화나요0후속기사 원해요0기사제공 :']"
5,삼성전자, 2017-08-2320:07,MBN ,2분기 중국 스마트폰 시장 침체 두드러져…판매량 11.1% 감소,https://finance.naver.com/news/news_read.nhn?article_id=0001166419&office_id=057&mode=search&query=삼성전자&page=1,"['       2분기 중국 스마트폰 시장 침체 두드러져…판매량 11.1% 감소      기사입력2017-08-23 20:07기사원문좋아요훈훈해요좋아요 평가하기공감좋아요0훈훈해요0슬퍼요0화나요0후속기사 원해요0댓글 2분기 중국 스마트폰 시장 침체 두드러져…판매량 11.1% 감소올해 2분기 주요 스마트폰 시장 가운데 중국 시장의 침체가 두드러진 것으로 조사됐습니다.23일 IT 시장조사업체 가트너에 따르면 2분기 중국 내 스마트폰 판매량은 1억152만대로 작년 동기 대비 11.1% 감소한 것으로 조사됐습니다.조사 대상 지역 6곳(기타 포함) 가운데 판매량이 감소한 곳은 중국과 남미뿐이었습니다. 남미 지역의 판매량은 3천287만대로 작년 2분기보다 0.6% 줄었습니다.중국은 스마트폰 교체 주기가 길어지고, 프리미엄 스마트폰에 대한 선호도가 높아지면서 판매량이 하락한 것으로 분석됐습니다.안술 굽타 책임연구원은 ""대형 제조사들이 중화권 지역 내 시장 점유율을 확대하며 입지를 강화하는 반면 영세업체들은 기반을 잃는 형국""이라고 설명했습니다.반면 신흥 아시아태평양 시장은 인도, 인도네시아 등 동남아 국가의 스마트폰 보급 확대로 판매량이 전년 대비 31.7% 급증했습니다.2분기 전 세계 스마트폰 판매량은 전년 동기 대비 6.7% 증가한 3억6천623만대였습니다. 신흥시장 내 4G 스마트폰에 대한 수요가 성장세를 이끈 요인으로 꼽혔습니다.굽타 연구원은 ""신흥시장에서 넉넉한 저장공간에 한층 효율적인 프로세서, 성능이 강화된 카메라를 갖춘 4G 스마트폰에 대한 수요가 증가하고 있다""며 ""150∼200달러 정도의 중저가 스마트폰에 대한 수요가 느는 추세""라고 설명했습니다.업체별로 보면 삼성전자는 전년 동기보다 7.5% 증가한 8천254만대를 팔아 22.5%의 점유율로 1위를 지켰습니다.2위 애플은 4천431만대로 점유율 12.1%를 기록했습니다.중국의 오포와 비보는 무서운 성장세를 보이며 화웨이에 이어 4위와 5위에 올랐습니다.오포의 판매량은 261만대로 작년 동기보다 44.1% 증가했고, 비보는 243만대로 70.8% 급증했습니다.스마트폰 운영체제(OS) 시장에서는 안드로이드가 87.7%의 압도적 점유율을 기록했고, iOS는 12.1%를 차지했습니다.[MBN 뉴스센터 / mbnreporter01@mbn.co.kr]< Copyright ⓒ MBN(www.mbn.co.kr) 무단전재 및 재배포 금지 >MBN 관련뉴스해당 언론사에서 선정하며 언론사 페이지(아웃링크)로 이동해 볼 수 있습니다.女교사, 초등생과 9차례 성관계…이 뿐만 아니다?\'남편 잃은\' 송선미, 심경 고백 ""그립지만 저는…""""꼴보기도 싫다"" 취준생 20대 아들 살해한 父""시신 소장하려했다"" 충격 발언에…\'최고형\'20대女 상대로 사기친男…편의점으로 2억을?좋아요0훈훈해요0슬퍼요0화나요0후속기사 원해요0기사제공 :']"
6,삼성전자, 2017-08-2320:04,매일경제 ,약정 만료됐다면 내달15일 출시후 개통하세요,https://finance.naver.com/news/news_read.nhn?article_id=0004001630&office_id=009&mode=search&query=삼성전자&page=1,"['       약정 만료됐다면 내달15일 출시후 개통하세요      기사입력2017-08-23 20:04기사원문좋아요훈훈해요좋아요 평가하기공감좋아요0훈훈해요0슬퍼요0화나요0후속기사 원해요0댓글단말기 값 100만원 넘을듯6만원 요금·2년 약정땐 최대 36만원 할인 혜택◆ 베일 벗은 갤럭시노트8 ◆미국 뉴욕에서 전격 공개된 삼성전자 갤럭시노트8 유력 판매일은 다음달 15일이다. 이날은 공교롭게도 정부가 통신비 절감 대책 일환으로 통신사 선택약정 할인율을 현행 20%에서 25%로 조정해 적용하도록 한 첫날이다. 선택약정 할인은 2014년 단통법(이동통신단말장치 유통구조 개선에 관한 법률) 시행과 함께 도입됐다. 일정 기간 사용 약정을 맺으면 그 기간의 통신비를 할인해주는 제도로, 단말기 지원금을 받지 않은 가입자는 이통사 약정만 맺으면 누구나 지원금에 상응하는 요금 할인을 받을 수 있다. 이에 따라 갤럭시노트8을 구매하려는 소비자 입장에서는 언제 사면 저렴하게 구매할 수 있을지 계산기를 두드려 봐야 한다. 업계 관계자들은 최근 약정이 만료됐거나 만료가 임박한 고객은 9월 15일까지 기다렸다가 개통하는 게 유리하다고 입을 모았다. 9월 15일 이후 약정하고 개통하면 당장 25% 요금 할인을 받을 수 있기 때문이다. 특히 프리미엄 스마트폰 구매자들은 고가요금제를 사용할 확률이 높은데, 이 경우 일반적으로 단말 지원금보다 요금 할인을 선택하는 게 유리하다. 전작인 갤럭시노트7은 출시 당시 단말 지원금은 요금제에 따라 최저 7만5000원에서 최고 26만4000원이었다. 국내에서 가장 많이 사용한다고 알려진 6만원대 요금제는 이동통신 3사 지원금이 14만2000~18만원 정도였다. 대리점 등에서 공시지원금의 최대 15%까지 추가 할인을 해주는데, 이 혜택을 받더라도 총할인액은 20만원 안팎이다. 반면 25% 선택약정 할인을 받으면 2년 약정 가입 시 총 36만원가량을 할인받을 수 있다. 지난 4월 출시된 갤럭시S8도 출시 당시 지원금이 7만5000~27만4000원이었던 점을 감안하면 갤럭시노트8 지원금도 이 범주를 벗어나지는 않을 것으로 예상된다. 통신업계 관계자는 ""9월 일몰 예정인 지원금상한제가 조기 폐기될 가능성이 무산되면서 지원금은 최대 33만원을 넘기 어려운 상황""이라고 설명했다. 가격은 지금까지 나왔던 삼성 제품 중 가장 높은 900∼1000달러(약 102만∼115만원)대가 되리라는 관측이 우세하다.삼성전자는 이번 갤럭시노트8 출시 때도 다양한 사은품을 증정할 것으로 알려졌다. 미국에서는 256GB 마이크로SD 카드와 무선충전기 또는 기어 360 카메라 중 하나를 지급할 것으로 전해졌다. 국내에서는 64GB 모델 사전예약 시 액세서리 10만원 할인 쿠폰, 256GB 모델 사전 예약 시 AKG블루투스 스피커나 네모닉 프린터 중 하나를 줄 것으로 보인다. 이통 3사는 전작들과 유사하게 갤럭시노트8 구매자들을 위해 카드사와의 제휴를 통해 추가로 요금 할인을 제공하거나, 단말기 교체 지원 프로그램 등을 준비 중인 것으로 알려졌다. 광화문 올레스퀘어 등 이통 3사 서울 시내 주요 매장을 중심으로 24일 오후부터 갤럭시노트8을 체험해 볼 수 있다. [서동철 기자 / 조희영 기자][매일경제 공식 페이스북] [오늘의 인기뉴스] [매경 프리미엄][ⓒ 매일경제 & mk.co.kr, 무단전재 및 재배포 금지]매일경제 관련뉴스해당 언론사에서 선정하며 언론사 페이지(아웃링크)로 이동해 볼 수 있습니다.배용준♥박수진, 95억원 연예인 최고가 집 \'으리으리\'[아하 이렇구나] 만약 전쟁나면 은행에 맡겨 둔 내 돈의 운명은?배영수 부정투구 논란 사과 ""내 잘못…죄송하다""장어 참 잘 키웠다~! 찾아가고 싶은 숨은식당레이양, \'초밀착 보디수트\' 입고 \'美친 볼륨감\' 뽐내다좋아요0훈훈해요0슬퍼요0화나요0후속기사 원해요0기사제공 :']"
7,삼성전자, 2017-08-2319:10,부산일보 ,'갤럭시노트8' 내달 15일 출시,https://finance.naver.com/news/news_read.nhn?article_id=0000733101&office_id=082&mode=search&query=삼성전자&page=1,"[""       '갤럭시노트8' 내달 15일 출시      기사입력2017-08-23 19:10기사원문좋아요훈훈해요좋아요 평가하기공감좋아요0훈훈해요0슬퍼요0화나요0후속기사 원해요0댓글       삼성전자의 올 하반기 전략 스마트폰 '갤럭시노트8'이 드디어 공개됐다.삼성전자는 한국시간으로 24일 0시 미국 뉴욕 맨해튼 파크 애비뉴 아모리에서 언팩 행사를 열고 갤럭시노트8을 최초로 선보였다. 국내에서는 생중계로 언팩 행사를 지켜볼 수 있었다.美 언팩 행사… 국내 생중계 삼성 최초 듀얼 카메라 장착이날 행사에는 전 세계 기자들과 업계 관계자 1500여 명이 방문해 언팩 행사를 지켜봤다.고동진 무선사업부장(사장)은 제품에 대한 기본적인 설명을 마치면 부문별 임원이 부문별 사양을 설명하고 참가자들이 이어 실제 제품을 체험해 보는 순서로 진행됐다.갤럭시노트8은 대화면 패블릿으로 많은 팬을 보유하고 있는 갤럭시노트 시리즈의 7번째 제품이다. 이번에는 특히 배터리 발화 사건으로 리콜됐던 전작인 '갤럭시노트7'의 노트 시리즈 후속작으로 세계적으로 주목받고 있다.갤럭시노트8은 6.3인치 크기(대각선 길이) 2960×1440 화소 슈퍼 아몰레드 디스플레이가 장착됐다. 또 삼성 플래그십 스마트폰 최초로 듀얼 카메라를 선보인다. 후면 듀얼 카메라는 1300만 화소 광각렌즈와 1200만 화소 망원렌즈로 구성되며 손 떨림 방지(OIS) 기능이 적용되고 광학 배줌이 지원된다. 출시일은 9월 15일이다.배동진 기자 djbae@    좋아요0훈훈해요0슬퍼요0화나요0후속기사 원해요0기사제공 :""]"
8,삼성전자, 2017-08-2319:04,머니투데이 ,"""中, 산삼있는 지뢰밭…위험할 수 있지만 돈 벌 기회 충분""",https://finance.naver.com/news/news_read.nhn?article_id=0003923872&office_id=008&mode=search&query=삼성전자&page=1,"['       ""中, 산삼있는 지뢰밭…위험할 수 있지만 돈 벌 기회 충분""      기사입력2017-08-23 19:04기사원문좋아요훈훈해요좋아요 평가하기공감좋아요0훈훈해요0슬퍼요0화나요0후속기사 원해요0댓글 [머니투데이 진경진 기자] [""중국 본토 각각의 지역에서 다양한 투자 기회 제공""] ""중국은 \'산삼이 있는 지뢰밭\'입니다. 산삼은 분명히 있지만 잘못 캐다보면 자칫 위험할 수도 있죠. 그렇다고 중국을 버리고 다른 곳으로 가야할까요. 경쟁력은 치열하게 경쟁하고 살아남았을 때 생깁니다.""전병서 중국경제금융연구소장은 23일 신한BNP파리바자산운용이 개최한 \'중국 시장 전망과 중국본토 펀드 투자 세미나\'에서  ""정보의 부족에서 생긴 공포에서 벗어나 중국의 변화를 기회 삼고 돈을 벌 기회를 찾아야 한다""며 이같이 말했다. 전 소장은 ""세계 최고 하드웨어사인 삼성전자가 알리바바, 텐센트와 같은 중국 전자상거래 회사보다 시가총액이 적다""며 ""하지만 국내 많은 투자자들은 사드(THAAD·고고도미사일방어체계) 등에 따른 공포로 중국을 잘못 이해하고 중국 기업에 대한 투자도 두려워하고 있다""고 지적했다그는 ""알리바바, 텐센트의 최대주주는 손정의 일본 소프트뱅크 사장, 남아프리카공화국의 네스퍼스로 이들 기업이 돈을 벌면 미국과 일본이 떼돈을 가져간다""며 ""반면 중국과 바로 이웃 나라인 한국은 공포에 묶여 돈을 벌 수 있는 기회를 놓치고 있다""고 강조했다. 과거 14% 이상 성장했던 중국의 경제성장률이 최근 6.5% 수준에 머무르는 것에 대해서는 ""성장기가 지나면서 둔화해 보일 수 있지만 장기적인 전략으로 분야별 급성장이 이뤄지고 있다""고 설명했다. 또 시진핑 주석 2기 정부가 본격화되면 외교력과 금융력, 소비력 등에 정책이 더욱 집중될 것이라고 내다봤다. 전 소장은 ""중국은 현재 기업부채가 GDP(국내총생산)의 170%에 달한다""며 ""이 위기를 해결할 수 있는 방법은 은행 대출을 주식으로 바꾸는 \'증시 개방\'밖에 없다""고 했다. 이어 ""중국의 변신은 \'돈\'한테 물어봐야 한다""며 ""앞으로 중국은 인구·문화·금융에 주목해야 한다""고 덧붙였다. 펑 야오 신한BNP파리바자산운용 홍콩지사 CIO(최고투자책임자)는 \'분산투자\'의 일환으로 중국 본토 펀드의 매력을 강조했다. 펑 야오는 ""투자에 있어 중국은 단일 국가가 아닌 EU(유럽연합)처럼 각각의 지역이 모인 대륙으로 봐야한다""며 ""각각의 지역에서 다른 단계 개발 수준을 보이고 있기 때문에 다양한 투자 기회를 제공한다""고 설명했다. 이어 ""특히 중국A 증시는 홍콩H주에 비해 미국 정책의 영향을 덜 받고, 상대적으로 섹터가 분산돼 있다는 점에서 위험분산 차원에서 좋은 도구로 활용할 수 있다""며 ""또 더 높은 성장을 보일 것으로 예상되는 중소형주의 비중이 높기 때문에 향후 더 많은 혜택이 있을 것""이라고 내다봤다. TOM칼럼-깊이있는 투자정보▶무료 만화 즐기고~ 선물타자!▶ 빵빵한 차&레이싱걸▶ 진경진 기자 jkjin@mt.co.kr머니투데이 관련뉴스해당 언론사에서 선정하며 언론사 페이지(아웃링크)로 이동해 볼 수 있습니다.[포토is] ""깜짝이야!""… 여기는 지하철 대테러 훈련 현장\'292억 사기혐의\' 이희진 과거 언행…""집 건축비만 130억""깨끗한나라, \'안전성 논란\' 릴리안 생리대 환불 결정수족구 걸린 아이 보내도, 어린이집 \'속수무책\'""사람들이 \'과학탐험대장\'이라 불러 줄 때 뿌듯""좋아요0훈훈해요0슬퍼요0화나요0후속기사 원해요0기사제공 :']"
9,삼성전자, 2017-08-2319:04,국민일보 ,[여의도 stock] 외국인 ‘사자’ 기관은 ‘팔자’,https://finance.naver.com/news/news_read.nhn?article_id=0001020101&office_id=005&mode=search&query=삼성전자&page=1,"['       [여의도 stock] 외국인 ‘사자’ 기관은 ‘팔자’      기사입력2017-08-23 19:04기사원문좋아요훈훈해요좋아요 평가하기공감좋아요0훈훈해요0슬퍼요0화나요0후속기사 원해요0댓글외국인이 이틀째 순매수에 나섰다. 기관의 매도세로 코스피지수 상승폭은 제한됐다. 코스피지수는 23일 1.07포인트 오른 2366.40에 마감했다. 개인이 778억원, 외국인은 1057억원 사들였다. 반면 기관은 1982억원을 순매도했다. 외국인은 전기·전자업종(업종 전체 0.9% 상승)에서만 1011억원을 매수했다. 전문가들은 미국 뉴욕증시의 상승 마감이 외국인 투자심리를 자극했다고 분석했다. 나스닥지수는 미국의 정치적 불확실성 완화, 구글·애플 등 IT기업의 제품·실적 호조세를 타고 나흘 만에 반등했다. 삼성전자의 갤럭시 노트8 공개도 긍정적 영향을 미쳤다. 서상영 키움증권 연구원은 “전체 IT업종에 대한 기대감이 높아지고 있다”고 말했다. 삼성전자는 이날 1.02% 오른 237만4000원에 거래를 마쳤다. 네이버는 창업자인 이해진 글로벌투자책임자(GIO)가 블록딜로 보유주식을 매각한 영향으로 0.78% 오른 77만3000원에 장을 마쳤다. 이해진 GIO는 전날 장 마감 후에 주당 74만3990원에 11만주를 처분했다. 시장에서는 이번 지분 매각을 다음 달 공정거래위원회의 ‘공시대상 기업집단’ 선정을 앞두고 네이버를 ‘총수 없는 대기업’에 지정되도록 하려는 조치라고 본다. 가상화 전문 개발업체 퓨전데이타는 가상화폐 활성화에 힘입어 코스닥시장에서 12.94% 오른 1만6150원에 마감했다. 가상화폐거래소 빗썸의 하루 거래량이 지난 19일 2조6000억원에 이르면서 코스닥 하루 거래대금을 뛰어넘는 등 최근 가상화폐가 이목을 끌고 있다.안규영 기자[국민일보 홈페이지] [페이스북][취재대행소 왱!(클릭)]GoodNews paper ⓒ 국민일보(www.kmib.co.kr), 무단전재 및 재배포금지국민일보 관련뉴스해당 언론사에서 선정하며 언론사 페이지(아웃링크)로 이동해 볼 수 있습니다.태풍 \'하토\'에 휩쓸려 날아간 행인들… 오늘 홍콩 상황 (영상)\'머슬마니아\' 출신 레이양, 가을 맞이 \'수영복 셀카\' 공개걸그룹의 슈퍼카… 효민 \'에보라 400\', 수지 \'포르쉐 911\'120㎏ 체중 논란 머라이어 캐리… \'포토샵\'한 최근 몸매\'미수다\' 에바 근황…""생활비 100만원, 경제적으로 어렵다""좋아요0훈훈해요0슬퍼요0화나요0후속기사 원해요0기사제공 :']"
10,삼성전자, 2017-08-2318:38,한국일보 ,"[브리핑] 롯데, 하반기 신입ㆍ인턴 1,300명 공채 外",https://finance.naver.com/news/news_read.nhn?article_id=0000228618&office_id=469&mode=search&query=삼성전자&page=1,"['       [브리핑] 롯데, 하반기 신입ㆍ인턴 1,300명 공채 外      기사입력2017-08-23 18:38기사원문좋아요훈훈해요좋아요 평가하기공감좋아요0훈훈해요0슬퍼요0화나요0후속기사 원해요0댓글 롯데, 하반기 신입ㆍ인턴 1,300명 공채… 여성 40% 이상 채용롯데그룹이 올해 하반기 신입사원(900명)과 인턴사원(400명) 등 1,300명을 공개채용하고, 올해 안에 비정규직 4,600명을 정규직으로 전환하기로 했다고 23일 밝혔다. 하반기 신입사원 공채 접수는 9월 1~14일, 동계 인턴 접수는 11월 3∼16일 진행한다. 인터넷 \'롯데 채용홈페이지\'에서 지원할 수 있다. 신입 공채는 지원서 접수→서류전형→엘탭(조직ㆍ직무적합도검사)→면접 순으로 진행되며 11월 말 최종 합격자를 발표한다. 롯데 관계자는 “서류전형 합격자를 대폭 늘리는 대신 엘탭의 변별력을 높여 ‘능력 중심 채용’ 기조를 더욱 강화했다”며 “다양한 인재 채용을 위해 신입 공채 인원의 40% 이상을 여성으로 선발한다”고 설명했다.한화건설, 1,069억원 검단하수처리장 증설공사 수주검단 하수처리장 증설공사 조감도. 한화건설 제공한화건설은 인천도시공사가 설계시공일괄입찰(턴키) 방식으로 발주한 1,069억원 규모의 ‘검단 하수처리장 증설공사’ 실시설계 적격자로 선정됐다고 23일 밝혔다. 이 공사는 인천 서구 오류동의 검단 하수처리장에 하루 6만9,000톤 규모의 하수처리시설을 증설하고 5.4㎞ 길이 유입관로 등을 설치하는 사업이다. 한화건설은 컨소시엄 주관사로 56% 지분을 갖고 경화건설, 풍창건설, 브니엘네이처와 함께 사업을 추진하게 된다. 한화건설의 기술은 하수 오염 물질인 유기물과 질소, 인 등을 동시에 처리할 수 있다. 유량 변동과 오염농도 변화에도 안정적인 고도처리가 가능하다. 인천시는 이번 증설사업을 통해 인천 검단신도시 택지지구 개발 및 인근지역 인구 유입으로 인해 늘어난 하수의 통합처리를 추진할 계획이다.한국전력, 2018 평창 동계올림픽 공식 후원한국전력은 23일 서울 여의도 한전 남서울지역본부에서 이인호 산업통상자원부 차관, 노태강 문화체육관광부 2차관, 이희범 평창동계올림픽 조직위원장, 조환익 한전 사장 등이 참석한 가운데 2018 평창 동계올림픽 및 동계패럴림픽 조직위원회와 후원 협약을 체결했다고 밝혔다. 공기업으로서는 첫 평창올림픽 후원이다. 한전은 한국수력원자력, 남동ㆍ중부ㆍ서부ㆍ남부ㆍ동서발전 등 자회사 10곳과 함께 총 800억원을 후원해 ‘1등급 후원사’가 됐다. 한전은 대회 후원에 따라 지적재산권 사용과 후원사 로고 노출 등 공식파트너에 해당하는 스폰서십 권리를 부여받았다. 한전은 대회 후원과 별도로 조직위 내 올림픽 전력공급 지원본부 운영과 전기자동차 150대의 무상 임대, 급속 충전시설 26개소 설치 지원을 계획하고 있다.위메프, 신입사원에 첫해 11일간 휴가 제공소셜커머스 업체 ‘위메프’가 신규 입사자들의 휴식을 보장하기 위해 입사 첫해 11일간의 휴가(웰컴 휴가)를 도입한다고 23일 밝혔다. ‘웰컴 휴가’는 입사 첫해에 사용 가능한 연차 휴가가 없거나 이듬해 발생하는 연차를 차감해 쓰도록 돼 있는 현행법을 보완하기 위해 2013년부터 시험적으로 시행해오다 이번에 공식 도입한 것이다. 위메프는 또 난임 치료가 필요한 직원들에게 정부 지원 횟수(기본 3∼4회) 이내에는 개인 부담액을 전액 지원하고, 정부 지원 횟수 초과 때는 정부 지원 금액 수준으로 난임 시술 비용을 지원하기로 했다. 삼성전자, 미얀마에 신형 ‘모바일 교육 버스’ 선물지난 21일 미얀마 양곤의 한 공장을 찾은 삼성 모바일 교육 버스 안에서 현지 어린이들이 갤럭시탭을 들고 활짝 웃고 있다. 삼성전자 제공삼성전자는 미얀마 소외 계층 어린이들을 위해 신형 \'삼성 모바일 교육버스\'를 운영한다고 23일 밝혔다. 총 3대의 교육버스는 수업 공간 이외에 주방을 갖췄고, 스마트 TV와 갤럭시 탭도 싣고 다닌다. 버스에서는 전문교사가 미얀마어, 영어, 수학, 컴퓨터 등의 수업과 함께 다양한 놀이 수업도 병행한다.SK텔레콤, 인공지능(AI) 스피커 ‘누구’ 활용 이색 음악회23일 경기 광주시 초록우산 어린이재단 한사랑장애영아원에서 인공지능(AI) 스피커 누구와 누구미니가 하프와 협연을 하고 있다. SK텔레콤 제공SK텔레콤은 23일 경기 광주시의 초록우산 어린이재단 한사랑장애영아원에서 인공지능(AI) 스피커 ‘누구’와 휴대용 스피커 ‘누구미니’를 활용한 하프 음악회를 개최했다. AI 스피커는 길이가 2m에 이르는 하프 4대와 협연을 했고, SK텔레콤은 음악회가 끝난 뒤 영아원의 생활 공간에 ‘누구미니’를 설치했다.퀄컴, 우수 공대생들에게 장학금 수여이태원(뒷줄 가운데) 퀄컴코리아 사장과 장학금을 받은 공대생들이 기념 촬영을 하고 있다. 퀄컴 제공퀄컴코리아는 23일 국내 우수 공대생 8명에게 장학금을 수여했다고 밝혔다. 퀄컴은 한국 정보기술(IT) 산업을 이끌 공학 인재 육성을 위해 2004년부터 14년간 한 학기 등록금 전액을 장학금으로 전달하고 있다. 현재까지 160여 명의 공대생이 혜택을 받았다.메디톡스, 바이오의약품 연구 \'광교 R&D센터\' 개소메디톡스는 경기 수원에 바이오의약품 연구개발(R&D) 활성화를 위한 \'광교 R&D센터\'를 개소했다고 23일 밝혔다. 메디톡스의 광교 R&D센터는 지하 5층, 지상 8층, 연면적 9,322㎡ 규모다. 이곳에서는 기존 보툴리눔 톡신과 히알루론산 필러에 대한 연구와 항체 치료제, 황반변성 치료제, 유산균을 이용한 비만 치료제 등의 연구가 진행될 예정이다.▶한국일보 [페이스북] [카카오 친구맺기]▶자동차의 모든 것! [모클][ⓒ 한국일보(hankookilbo.com), 무단 전재 및 재배포 금지]한국일보 관련뉴스해당 언론사에서 선정하며 언론사 페이지(아웃링크)로 이동해 볼 수 있습니다.한명숙 전 총리, ""2년 동안 정말 가혹했던 고통""DDT 검출 농장주 ""닭과 계란 전량폐기, 농장문 닫겠다""한서희 ""대마초 처음 권유한 건 탑""김장겸 MBC 사장 ""공영방송 무너졌다? 대통령이 판단할 일 아니다""실미도 부대원들, 합동 봉안식…46년 만에 영면좋아요0훈훈해요0슬퍼요0화나요0후속기사 원해요0기사제공 :']"
11,삼성전자, 2017-08-2318:30,한국경제 ,"[인터뷰] 김광림 ""법인세 인상 분명히 반대…투자·고용만 줄여""",https://finance.naver.com/news/news_read.nhn?article_id=0003813596&office_id=015&mode=search&query=삼성전자&page=1,"['       [인터뷰] 김광림 ""법인세 인상 분명히 반대…투자·고용만 줄여""      기사입력2017-08-23 18:30기사원문좋아요훈훈해요좋아요 평가하기공감좋아요0훈훈해요0슬퍼요0화나요0후속기사 원해요0댓글김광림 자유한국당 정책위원회 의장[ 유승호 / 박종필 기자  ] 김광림 자유한국당 정책위원회 의장은 23일 한국경제신문과의 인터뷰에서 “현 정부의 경제정책은 포퓰리즘을 넘어 나랏돈을 퍼주는 \'퍼줄리즘\'”이라고 지적했다.  허문찬 기자 sweat@hankyung.com김광림 자유한국당 정책위원회 의장은 “현 정부의 경제정책은 포퓰리즘(대중인기영합주의)을 넘어 나랏돈을 퍼주는 ‘퍼줄리즘’”이라며 “막대한 재정 투입은 곧 세금 폭탄으로 돌아올 것”이라고 말했다. 김 의장은 23일 한국경제신문과의 인터뷰에서 “10조원 이상 필요한 정책을 하루가 멀다 하고 내놓고 있다”며 이같이 비판했다. 북핵 대응과 관련해선 “힘이 뒷받침돼야 대화도 가능하다”며 “북한에 대화를 구걸하는 것 같아 참으로 불안하다”고 지적했다.김 의장은 정부·여당이 추진하는 소득세·법인세 인상과 관련, “소득세 인상은 논의해볼 수 있지만 법인세 인상은 분명히 반대한다”고 강조했다. 또 “서민 부담을 줄이기 위해 유류세와 담뱃세 인하를 추진하겠다”고 말했다.▷문재인 정부 100일을 어떻게 평가하나.“외교·안보 정책이 매우 불안하다. 대화는 한·미 동맹의 틀 안에서 압박과 제재를 통해 힘의 우위를 확보한 다음 해야 한다. 한국당이 주한미군 전술핵 재배치를 당론으로 정한 것도 그 때문이다. 그런데 정부는 북한에 대화를 구걸하고 있지 않나.”▷전술핵 재배치가 최선의 방안인가.“핵에는 핵으로 대칭을 이룰 수밖에 없다. 그래야 대화도 할 수 있고 평화도 실현할 수 있다. 여론조사에서도 3분의 2가 전술핵 재배치에 찬성한다. 내년도 국방 예산은 전체 예산 증가율보다 높은 수준으로 늘려서 대북 억지력을 키워야 한다.”▷경제정책은 어떤가.“포퓰리즘을 넘어 퍼줄리즘이다. 건강보험 보장성 강화에 5년간 30조6000억원이 들어간다. 치매 국가책임제에도 10조원이 넘게 든다. 막대한 재원은 결국 국민 세금으로 메울 수밖에 없다.”▷정부·여당은 증세를 통해 재원을 조달하겠다는 방침이다.“법인세 인상엔 분명히 반대한다. 삼성전자 주인은 이건희 회장이 아니라 삼성전자 직원들이다. 법인세를 올리면 기업이 직원에게 월급을 주고 신입사원을 채용할 돈이 줄어든다. 소득세 인상은 논의해볼 수 있다. 하지만 과세표준 5억원 초과 구간 세율을 지난해 이미 38%에서 40%로 올렸다. 인상 효과를 봐가면서 추가로 인상해도 늦지 않다.”▷여당은 이명박·박근혜 정부의 부자감세를 되돌려야 한다고 주장하는데.“김대중·노무현 정부를 포함해 역대 정부는 계속 법인세율을 인하했다. 박근혜 정부만 유일하게 법인세율을 내리지 않았다. 오히려 비과세·감면을 줄여서 연간 4조원 정도 세입을 늘렸다. 박근혜 정부가 벌어놓은 세입으로 현 정부가 복지정책을 펼치고 있다.”▷박근혜 정부가 인상한 담뱃세를 한국당이 다시 내리겠다고 하는 데 대해 비판적인 여론이 많다.“담뱃세를 올리면 흡연율이 낮아질 것이라고 생각했지만 결과적으로 효과를 거두지 못했다. 비판을 받아들이겠다. 국민께 사과하고 담뱃세 인하를 추진하겠다. 유류세도 배기량 2000㏄ 이하 자동차에 대해 50% 인하하는 법안을 냈다.”▷복지를 확대하고 그에 걸맞게 증세도 해야 한다는 의견이 많은데.“중장기적으로 중부담·중복지로 가야 한다는 점엔 동의하지만 아직은 시기상조다. 유럽 복지국가들과 비교를 많이 하지만 대한민국은 겨우 밥 먹고 살게 된 지 40년밖에 안 됐다. 산업혁명 이후 200년 이상 자본을 축적한 유럽 국가와 직접 비교하는 것은 무리다.”▷한국당이 지향하는 정책 방향은 무엇인가.“자유민주주의와 시장경제를 지켜야 한다. 자유민주주의는 민중민주주의와 반대되는 의미다. 시장경제를 지향하되 경제민주화에도 전향적인 자세를 갖고 있다. 법치주의도 중요한 가치다. 서민 위주로 정책을 펼치고 복지도 소득 하위 계층에 집중적으로 지원해야 한다.”▷당내에선 경제민주화에 부정적인 기류도 있는데.“편법 상속을 위한 일감 몰아주기의 처벌을 강화하고 순환출자를 규제하는 데엔 한국당도 동의한다. 여당이 주장하는 것과 같은 지나친 규제에는 반대한다.”▷박근혜 정부에서 논의했던 경제활성화법을 다시 추진할 계획이 있나.“일자리를 창출하려면 기업이 투자해야 하고 투자를 촉진하기 위해선 규제를 완화해야 한다. 박근혜 정부 때 하려 했던 서비스산업발전기본법, 규제프리존특별법, 노동개혁 4법 등이 그런 내용이다. 경제를 살리기 위해 필요한 만큼 국회에서 다시 논의해야 한다.”유승호/박종필 기자 usho@hankyung.com[한경닷컴 바로가기] [글방] [모바일한경 구독신청] ⓒ 한국경제 & hankyung.com, 무단전재 및 재배포 금지한국경제 관련뉴스해당 언론사에서 선정하며 언론사 페이지(아웃링크)로 이동해 볼 수 있습니다.김동연 ""규제완화로 법인세 인상 부정적 효과 상쇄""2017 미스코리아 眞 서재원 ""돈, 인맥, 성형 루머 진실은…""""도와달라""…한국에 \'러브콜\' 보내는 중국""年 1500억씩 더 나갈 판""…발칵 뒤집힌 서울시중고차 내놓자마자 불티나게 팔린 車 정체가…좋아요0훈훈해요0슬퍼요0화나요0후속기사 원해요0기사제공 :']"
12,삼성전자, 2017-08-2318:13,서울경제 ,"연내 4,100가구 분양 '동탄2' 트리플 악재 겹쳐 청약주의보",https://finance.naver.com/news/news_read.nhn?article_id=0003097423&office_id=011&mode=search&query=삼성전자&page=1,"['       연내 4,100가구 분양 \'동탄2\' 트리플 악재 겹쳐 청약주의보      기사입력2017-08-23 18:13기사원문좋아요훈훈해요좋아요 평가하기공감좋아요0훈훈해요0슬퍼요0화나요0후속기사 원해요0댓글 중흥건설 이달 중대형 시작으로연말까지 7곳서 줄줄이 분양8·2대책 입주물량 부실공사 탓최근 일주일새 아파트·전셋값신도시 가운데 유일하게 하락공급량 넘쳐 미분양 가능성도[서울경제] 경기도 화성 동탄2신도시가 △8·2부동산대책 △입주물량 폭탄 △부실공사라는 트리플 악재를 맞아 집값과 전셋값이 동시에 하락하고 있다. 이런 가운데 연말까지 동탄2신도시의 분양 대기물량이 7곳 4,103가구로 2기 신도시 중 가장 많아 청약에 신중해야 한다는 지적이 나온다. 23일 부동산114에 따르면 최근 일주일 새(18일 기준) 동탄신도시의 아파트 값은 0.01% 하락했다. 같은 기간 신도시 가운데 아파트 값이 빠진 곳은 동탄이 유일하다. 분당과 광교가 각각 0.16%, 0.13% 상승하는 등 8·2대책에 따른 풍선효과가 나타나는 것과는 대조적이다. 동탄은 전셋값도 0.04% 떨어졌다. 전주에도 동탄은 매매가와 전세가가 각각 0.04%, 0.15%씩 하락했다. 동탄역 인근 A공인중개소 관계자는 “내년까지 인근 입주물량이 워낙 많아 집값이 떨어질 가능성이 있다”면서 “집주인들이 집값 걱정은 물론이고 세입자를 못 구해 발을 동동 구른다”고 전했다. 매매·전세가의 동반 약세는 동탄2신도시의 아파트가 초과 공급된 상태에서 8·2대책의 강화된 규제까지 받게 된 영향이 크다. 대책 이전부터 물량 부담이 있었는데 8·2대책의 직격탄까지 맞으며 가격이 하락하고 있는 것이다. 국토교통부와 부동산114에 따르면 동탄2신도시는 다음달 1,077가구가 입주할 예정이며 연말까지는 총 5,170가구가 입주한다. 또 2018년에만 2만1,982가구가 입주할 것으로 예상돼 초과 공급 현상이 갈수록 심해질 것으로 전망된다. 2~3년 전 분양시장이 활황일 때 지어진 아파트들이 본격적으로 입주를 시작하면서 ‘입주물량 폭탄’이 현실화하고 있다. 이 때문에 동탄2신도시에서는 분양가격보다 분양권 가격이 낮은 소위 마피(마이너스 프리미엄) 분양권을 심심치 않게 볼 수 있다. ‘반도유보라아이비파크10.0’ 아파트 전용 59㎡의 경우 마피 500만원에 거래되고 있다. 입주민 박모씨는 “동탄2신도시 입주민 온라인 커뮤니티에는 이러다가 유령도시가 될까 걱정하는 글들이 올라온다”면서 “최근 부영아파트 부실시공 사건으로 부실도시라는 이미지까지 더해져 집값에 타격을 줄까 걱정”이라고 말했다. 실제로 동탄2신도시 23블록에 세워진 부영아파트는 입주 후 5개월간 8만건이 넘는 무더기 하자가 발생했지만 제대로 해결되지 않아 사회 문제로 비화한 상태다. 이런 가운데 이달 하순부터 연말까지 동탄2신도시에서만 7곳 4,103가구가 신규 분양에 나설 예정이다. 당장 중흥건설이 ‘동탄2신도시 중흥S-클래스 더테라스’ 528가구를 B2, B5~7 등 4개 블록에 공급한다. 전용면적 84~164㎡의 중대형으로 구성돼 분양가도 상대적으로 높을 것으로 예상된다. 대방건설이 짓는 ‘동탄2신도시 대방노블랜드’, 동양건설산업의 ‘동탄 파라곤’ 등도 하반기 분양을 계획하고 있다. 이 때문에 동탄2신도시 신규 분양 아파트를 청약할 때 미분양 가능성 등을 염두에 두고 신중할 필요가 있을 것으로 보인다. 윤지해 부동산114 리서치센터 선임매니저는 “동탄2신도시는 입주물량 문제로 전세가격이 빠지면서 수요 유입이 제한적인 상황”이라면서 “공급이 많다 보니 가격도 부정적 영향을 받고 있다”고 분석했다. 일각에서는 삼성전자 등 대기업 입주에 따른 배후수요가 풍부하다고 보고 있지만 윤 선임매니저는 “동탄 일대 대기업 입주에 따른 배후수요는 동탄1신도시로도 충분하다”고 말했다. 연초에도 현대산업개발이 분양한 ‘동탄2신도시 아이파크’에서 미분양이 발생했으며 주택도시보증공사(HUG)는 지난 2월 말 동탄2신도시가 속한 경기도 화성시를 오는 10월까지 ‘미분양관리지역’으로 지정했다. /노희영기자 nevermind@sedaily.com[서울경제 바로가기]1997년 이래 대한민국 최고의 과학자 DB [바로가기]서울경제의 모든 연재물!... 서경Cube [바로가기▶]저작권자 ⓒ 서울경제, 무단 전재 및 재배포 금지서울경제 관련뉴스해당 언론사에서 선정하며 언론사 페이지(아웃링크)로 이동해 볼 수 있습니다.文 ""5·18 진상규명···전투기 출격대기 등 특별조사 지시""文, 5·18민주화운동때 헬기사격·전투기 출격대기 특별조사 지시\'릴리안 생리대\' 미개봉상품만 교환 가능? ""이젠 하다 하다 생리대까지"" 네티즌北 ""한마디에 미국의 위용 폴싹""···괌 위협영상 공개살충제 계란 파동에 되레 오른 文 지지율, 무슨 일이좋아요0훈훈해요0슬퍼요0화나요0후속기사 원해요0기사제공 :']"
13,삼성전자, 2017-08-2318:07,한국일보 ,‘기회의 땅’서 수평적 경쟁 관계로 바뀐 차이나 시장,https://finance.naver.com/news/news_read.nhn?article_id=0000228585&office_id=469&mode=search&query=삼성전자&page=1,"['       ‘기회의 땅’서 수평적 경쟁 관계로 바뀐 차이나 시장      기사입력2017-08-23 18:07기사원문좋아요훈훈해요좋아요 평가하기공감좋아요0훈훈해요0슬퍼요0화나요0후속기사 원해요0댓글 中진출 국내기업 상황은車ㆍ화학 등 기술우위 바탕 급성장기술격차 줄고 사드보복 이중고최근 중국 매출 급격한 감소세로“제품 차별화 등 새로운 전략 필요”#기아자동차는 1992년 한중 수교 이후 발 빠르게 중국 시장을 두드렸다. 1996년 중국 위에다(悅達)그룹과 기술 합작해 ‘프라이드’를 생산했고, 2002년에는 둥펑(東風) 자동차와 합자회사 ‘둥펑위에다기아’를 세운 뒤 중국형 승용차 ‘천리마’를 내놨다. 현대자동차도 2002년 베이징자동차와 합작법인 베이징현대차를 설립해 중국시장에 뛰어든 이후 공격적 투자로 현지 생산을 늘렸다. 현재 현대ㆍ기아차는 8개의 중국 현지 공장을 운영하며 ix25, 투싼, 쏘나타, K2~K5 등을 생산하고 있다. 2003년 10만대에 불과했던 두 회사의 중국 판매량은 지난해 180만대 수준으로 급증했다. 전세계 판매량 가운데 중국 판매 비중은 현대차가 23.5%, 기아차가 21.5%에 달한다.#LG화학은 1995년 국내 화학업계 최초로 중국 톈진(天津)에 폴리염화비닐(PVC) 생산법인 ‘LG 다구’를 설립하면서 중국 시장에 진출했다. 1996년에는 고부가가치 제품인 아크로니트릴ㆍ부타디엔ㆍ스티렌(ABS) 생산법인 ‘LG 용싱’을, 2003년엔 TFT-LCD(초박막 액정표시장치)용 편광판과 2차전지를 생산하는 ‘난징 테크노파크’를 각각 설립했다. LG화학이 ABS와 편광필름 분야에서 세계 1위 업체가 된 것은 세계의 생산공장으로 떠오른 중국에 대한 투자 덕분이었다. LG화학의 지난해 매출 가운데 34%(6조9,360억원)가 중국에서 발생했고, 중국 현지 법인의 매출은 처음 상업생산을 시작한 1998년보다 118배나 증가했다.이처럼 1992년 한중 수교는 우리 기업들에 세계 최대 시장을 제공하며, 성장의 기회를 줬다. 국내 최대 기업 삼성전자는 전체 매출의 17.4%를 중국에서 올리고 있으며, LG디스플레이(68.6%), 삼성디스플레이(37.8%), SK하이닉스(34.7%), 한화케미칼(33.8%), LG화학(32.9%), 삼성SDI(31.9%) 등의 중국 매출 비중은 30% 이상이다.그러나 중국 시장 상황은 갈수록 악화하고 있다. 사드 배치에 따른 보복으로 중국 매출이 감소한 데다 기술 혁신으로 급성장한 중국 기업들과도 경쟁해야 하기 때문이다. 현대ㆍ기아차의 지난달 중국 판매량은 5만5,000대를 기록해 전년 동기대비 32% 감소했다. 중국 자동차시장 점유율은 올해 상반기 3.8%로 반 토막 났고, 시장 순위에서도 13위로 밀렸다. 오히려 가성비(가격 대비 성능)를 앞세운 중국산 승용차가 국내에 수입돼 판매량을 늘리고 있다.LG화학 등 국내 화학업체들도 세계 최고 수준의 전기차 배터리 생산 기술을 가졌지만, 중국 정부가 한국산 배터리를 장착한 전기차를 보조금 지급 대상에서 제외하면서 중국 시장에서 고전하고 있다.산업연구원에 따르면 한국과 중국의 기술 격차는 2002년 4.7년에서 2015년 3.3년으로 줄어들고 있다. 한국과 중국의 수출 경합도는 1998년 37.9에서 2015년 44.8로 높아졌다. 수출 경합도가 높을수록 수출 구조가 비슷해 수출 경쟁이 치열하다는 의미다.조철 산업연구원 선임연구위원은 “한중 산업ㆍ경제 관계가 수직적 보완관계에서 수평적 분업ㆍ경쟁 관계로 바뀌었다”며 “국산제품의 기능ㆍ성능ㆍ디자인을 차별화하는 새로운 전략 마련이 시급하다”고 지적했다.한준규 기자 manbok@hankookilbo.com김현우 기자 777hyunwoo@hankookilbo.com▶한국일보 [페이스북] [카카오 친구맺기]▶자동차의 모든 것! [모클][ⓒ 한국일보(hankookilbo.com), 무단 전재 및 재배포 금지]한국일보 관련뉴스해당 언론사에서 선정하며 언론사 페이지(아웃링크)로 이동해 볼 수 있습니다.한명숙 전 총리, ""2년 동안 정말 가혹했던 고통""DDT 검출 농장주 ""닭과 계란 전량폐기, 농장문 닫겠다""한서희 ""대마초 처음 권유한 건 탑""김장겸 MBC 사장 ""공영방송 무너졌다? 대통령이 판단할 일 아니다""실미도 부대원들, 합동 봉안식…46년 만에 영면좋아요0훈훈해요0슬퍼요0화나요0후속기사 원해요0기사제공 :']"
14,삼성전자, 2017-08-2318:02,서울경제 ,"""스튜어드십 코드 수혜""...배당주·SRI펀드에 뭉칫돈",https://finance.naver.com/news/news_read.nhn?article_id=0003097412&office_id=011&mode=search&query=삼성전자&page=1,"['       ""스튜어드십 코드 수혜""...배당주·SRI펀드에 뭉칫돈      기사입력2017-08-23 18:02기사원문좋아요훈훈해요좋아요 평가하기공감좋아요0훈훈해요0슬퍼요0화나요0후속기사 원해요0댓글 ""기관 비중 높은 종목에 관심을""[서울경제] ‘스튜어드십 코드’ 도입으로 수혜가 예상되는 배당주펀드와 사회책임투자(SRI)펀드에 뭉칫돈이 들어오고 있다. 아직 수익률은 높지 않지만 정부의 기업윤리 개선 의지가 높은 만큼 투자자들의 관심이 계속 커지는 추세다. 23일 KG제로인에 따르면 국내 배당주펀드에는 이달에만 1,503억원의 자금이 몰렸다. 배당주펀드 자금은 지난 1월부터 5월까지 연이어 마이너스를 기록했지만 6월 1,584억원이 순유입한 후 펀드 규모가 커지고 있다. 펀드별로는 지난해 1,216억원의 자금이 빠져나간 베어링운용의 ‘베어링고배당’이 연초 이후 약 1,600억원의 순유입을 기록했으며 ‘미래에셋배당프리미엄목표전환3’에도 750억원의 자금이 유입됐다. ‘신영퇴직연금배당주식자’는 지난해 총 유입자금이 649억원이지만 올해는 벌써 560억원이 모였다. 배당주펀드는 코스피가 지난달부터 차익실현 매물로 다시 2,400선 밑으로 내려앉은 후 주목받기 시작했다. 코스피가 하락하면서 시장의 관심이 배당주 중심의 방어적 전략으로 전환한 것이다. 여기에 연말 기관투자가들의 스튜어드십 코드 도입이 확대될 것이라는 기대감이 배당주 매력을 높였다. 신승진 삼성증권 연구원은 “삼성전자(005930)·포스코·SK(034730)텔레콤 등 매해 중간배당을 한 기업 이외에 SK이노베이션 등 신규로 중간배당을 발표하는 기업이 늘어나고 있다”며 “연기금과 기관투자가들의 스튜어드십 코드 도입, 행동주의 펀드의 적극적인 주주권 행사 증가 등으로 기업의 적극적인 주주환원 정책이 이어질 것”이라고 내다봤다. 같은 이유로 지난 10여년간 외면받았던 SRI펀드도 주목받고 있다. 제로인에 따르면 국내 주요 16개 SRI펀드 중 7종은 설정액이 100억원을 밑돈다. 나머지 8종도 100억~300억원 수준이다. 하지만 김상조 공정거래위원장이 연일 기업 지배구조 개선을 강조하고 스튜어드십 코드로 기관의 경영 참여가 늘 것으로 예상되면서 올해 하이자산운용과 삼성액티브자산운용이 SRI펀드를 출시하는 등 시장이 커지고 있다. ‘하이사회책임투자’는 출시 이후 4개월간 106억원의 자금을 모았다. 배당주펀드와 SRI펀드의 최근 한 달간 수익률은 높지 않다. 대부분 삼성전자·SK하이닉스(000660) 등 대형주를 높은 비중으로 담고 있는데 최근 해당 종목 주가가 약세를 나타낸 탓이다. 다만 SK·효성(004800) 등 지주회사 비중이 높은 만큼 현 정부에서 지배구조 개선 등 주주친화 정책이 속도를 낼 경우 수혜도 커질 것으로 전망된다. 김준섭 KB증권 연구원은 “기관은 투자 대상 기업의 주가를 높이는 주주 관여 활동에 적극 나서고 투자 대상 기업이 성장전략을 찾고 합리적 배당을 실시하도록 요구할 것”이라며 “스튜어드십 코드가 도입되면 기관의 투자 비중이 높은 종목에 관심을 가질 필요가 있다”고 말했다. /서지혜기자 wise@sedaily.com[서울경제 바로가기]1997년 이래 대한민국 최고의 과학자 DB [바로가기]서울경제의 모든 연재물!... 서경Cube [바로가기▶]저작권자 ⓒ 서울경제, 무단 전재 및 재배포 금지서울경제 관련뉴스해당 언론사에서 선정하며 언론사 페이지(아웃링크)로 이동해 볼 수 있습니다.文 ""5·18 진상규명···전투기 출격대기 등 특별조사 지시""文, 5·18민주화운동때 헬기사격·전투기 출격대기 특별조사 지시\'릴리안 생리대\' 미개봉상품만 교환 가능? ""이젠 하다 하다 생리대까지"" 네티즌北 ""한마디에 미국의 위용 폴싹""···괌 위협영상 공개살충제 계란 파동에 되레 오른 文 지지율, 무슨 일이좋아요0훈훈해요0슬퍼요0화나요0후속기사 원해요0기사제공 :']"
15,삼성전자, 2017-08-2318:02,서울경제 ,'가을 폰 대전'에 IT주 다시 반짝반짝,https://finance.naver.com/news/news_read.nhn?article_id=0003097413&office_id=011&mode=search&query=삼성전자&page=1,"['       \'가을 폰 대전\'에 IT주 다시 반짝반짝      기사입력2017-08-23 18:02기사원문좋아요훈훈해요좋아요 평가하기공감좋아요0훈훈해요0슬퍼요0화나요0후속기사 원해요0댓글 갤노트8 등 새 스마트폰 잇단 출시배터리·카메라모듈 업체 강세[서울경제] 갤럭시노트8과 아이폰8 출시를 앞두고 정보기술(IT)주가 반등 조짐을 보이고 있다. 제조사뿐 아니라 디스플레이부터 카메라모듈까지 스마트폰 관련 업종 전반에 호재가 예상된다.23일 유가증권 시장에서 삼성전자(005930)는 전 거래일 대비 1.02%(2만4,000원) 상승한 237만4,000원에 장을 마쳤다. 24일(현지시간 23일) 미국 뉴욕에서 공개되는 갤럭시노트8 출시 기대감에 이틀 연속 주가가 오른 것이다. 갤럭시노트8에 배터리를 공급하는 계열사인 삼성SDI(006400)(1.89%)도 높은 상승세를 보였다. 카메라모듈 부품을 전담하는 삼성전기(009150)의 경우 이날은 소폭 하락했지만 이달 들어 주가가 10% 넘게 오른 상태다.갤럭시노트8 효과는 중소형주를 대상으로는 더 크게 나타나고 있다. 이날 코스닥 시장에서 배터리 업체 리켐(131100)은 18.53%(365원) 급등한 2,335원에 장을 마쳤다. 리켐은 삼성SDI에 배터리 핵심 소재를 공급하는 삼성전자의 2차 벤더로 지난달 말 대비 주가가 두 배가량 올랐다. 이외에 삼성전자 스마트폰 최초로 갤럭시노트8이 듀얼카메라를 채택하면서 카메라모듈 관련주의 상승세도 높게 나타났다. 코스닥 시장에서 해성옵틱스(076610)·옵트론텍(082210)은 이달 들어 주가가 각각 10.83%, 4.7% 상승한 상태다. 박강호 대신증권 연구원은 “갤럭시노트8을 시작으로 삼성전자의 듀얼카메라 채택이 본격화됐다”며 “옵트론텍 등 관련 부품업체의 올해 실적 호조가 예상된다”고 전망했다.IT 업종 투자를 외면했던 외국인들의 수급이 회복 조짐을 보이고 있는 점도 호재다. 이날 유가증권 시장에서 1,044억원을 사들인 외국인은 전기전자 업종에서만 1,011억원을 순매수했다. 하반기 들어 철강·화학 등으로 주도주를 전환했던 것과는 다른 모습이다. 특히 이날 삼성전자(802억원), 삼성SDI(110억원) 등 스마트폰 관련주를 주로 사들였다.이르면 오는 9월 출시 예정인 아이폰8도 국내 IT주 상승세에 도움이 될 것으로 전망된다. 김록호 하나금융투자 연구원은 “모바일 성수기가 다가오면서 아이폰8을 필두로 다양한 신모델 출시가 이어질 예정”이라며 “반도체 가격의 상승세도 지속돼 IT 업체들의 실적 모멘텀은 유효할 것”이라고 분석했다. 아이폰8의 수혜주로는 카메라모듈을 공급하는 LG이노텍(011070)이 시장에서 주목받고 있다. /이경운기자 cloud@sedaily.com[서울경제 바로가기]1997년 이래 대한민국 최고의 과학자 DB [바로가기]서울경제의 모든 연재물!... 서경Cube [바로가기▶]저작권자 ⓒ 서울경제, 무단 전재 및 재배포 금지서울경제 관련뉴스해당 언론사에서 선정하며 언론사 페이지(아웃링크)로 이동해 볼 수 있습니다.文 ""5·18 진상규명···전투기 출격대기 등 특별조사 지시""文, 5·18민주화운동때 헬기사격·전투기 출격대기 특별조사 지시\'릴리안 생리대\' 미개봉상품만 교환 가능? ""이젠 하다 하다 생리대까지"" 네티즌北 ""한마디에 미국의 위용 폴싹""···괌 위협영상 공개살충제 계란 파동에 되레 오른 文 지지율, 무슨 일이좋아요0훈훈해요0슬퍼요0화나요0후속기사 원해요0기사제공 :']"
16,삼성전자, 2017-08-2318:01,한국경제TV ,이재용 선고 D-2 삼성 미래 전략과 전망,https://finance.naver.com/news/news_read.nhn?article_id=0000569661&office_id=215&mode=search&query=삼성전자&page=1,"['       이재용 선고 D-2 삼성 미래 전략과 전망      기사입력2017-08-23 18:01기사원문좋아요훈훈해요좋아요 평가하기공감좋아요0훈훈해요0슬퍼요0화나요0후속기사 원해요0댓글 [증시 라인 11]- 앵커 : 김동환 경제 칼럼니스트 / 경희대학교 국제지역연구원 객원연구위원- 출연 : 최요한 / 시사경제 평론가Q.>삼성전자는 24일(미국 시각23일) 미국 뉴욕에서 \'갤럭시 노트 8\'을 공개하는데, 과연 갤럭시 노트8이 노트7\'의 단종사태의 오명을 완벽히 벗고 자존심을 회복할 수 있을까?최요한 :-삼성전자와 이동통신업계는 당초 갤럭시노트8 예약판매를 8월30일부터 실시해서 사전개통을 9월8일부터 진행하려고 계획하고 있었으나 정부가 내달 15일부터 이동통신 신규 가입자에 한해 선택약정할인율을 25%로 상향하기로 했기에 마침내 및 출시 계획을 전면 개편, 공식적 예약판매는 내달 7일부터 14일까지 8일간 진행-사전 예약 구매자 대상 사전 개통은 제도가 변경되는 15일부터 20일까지, 일반 구매자들은 21일부터 개통 가능-갤럭시노트8 출시에 맞춰 삼성전자는 인공지능 비서 \'빅스비 보이스\'의 서비스 가능국을 200여 개국으로 확장함-이로 인해 관련주들의 주가가 들썩이고 있음-관전포인트는 4가지 정도인데, 첫째, 배터리 안전문제의 종식, 둘째, 6.3인치라는 최대크기(아이폰8 5.8인치, LG전자 V30 6인치), 셋째, 130만 원대 역대 최고가폰, 마지막으로 넷째, 언팩행사가 퍼포먼스에 특화된 파크 애비뉴 아모리, 라는 복합전시공간이라는 것,Q.> 노트8이 공개된 다음날인 25일에는 삼성 총수 일가로는 사상 처음 구속 기소된 이재용 삼성전자 부회장을 비롯해 삼성 그룹 주요 경영진의 뇌물 공여 협의에 대한 1심 선고 공판이 열리는데, 이 재판의 핵심에 대해 설명 부탁한다.최요한 :현직 대통령과 재벌 총수의 독대에 대한 진술이 엇갈리고 법리적용이 복잡해서 법조계에서도 섣불리 유무죄를 관측하지 못하고 있으나 이 부회장의 유무죄 여부가 박근혜 전 대통령과 최순실씨의 재판에 직접적인 영향을 미치고 있기 때문에 매우 중요한 재판이라 할 수 있음핵심은 약 4가지 정도로 줄일 수 있음첫째, 이재용 부회장이 정유라씨를 인지하고 있었는가, 그렇지 않은가의 문제, 이는 이재용부회장과 최지성 전 미래전략실 실장을 분리하고자 하는 전략임, 범죄의 핵심적 부분으로서 박 전 대통령의 요구를 최실장에게 전달만 하고 챙기지 않았다는 부분을 재판부는 어떻게 받아 들일 것인가, 하는 것임둘째, 세 차례 독대에서 \'부정청탁\'이 있었는지 유무의 문제, 박 전 대통령과 이재용 부회장은 부정청탁이 없었다고 했으나 분위기는 달랐음, 대통령이 강하게 질타해서 청탁할 분위기가 아니라는 이재용 부회장, 제가 어떻게 질책을 하느냐는 박 전 대통령, 둘 중 한 사람은 거짓말을 한다는 것임셋째, 경영권 승계작업은 없었다는 삼성측의 최후변론의 문제, 삼성물산과 제일모직 합병은 이 부회장의 경영권 승계작업이 아니라 삼성생명의 금융지주회사 전환이 필요하기 때문에 시행한 것이지 경영권 승계작업이라는 것은 특검의 프레임이라는 것, 그러나 앞서 유죄를 선고받은 문형표 전 보건복지부 장관의 경우 재판부는 이미 승계작업의 일환이라고 판결문에 적시했음마지막 넷째, 횡령·재산국외도피·범죄수익은닉·국회 위증 혐의 등 다른 유죄 가능성의 문제, 굳이 설명하지 않더라도 국회에서의 위증 문제는 시청자들께서 다 보신 것이고, 횡령이나 재산국외도피 등 여타 범죄는 매우 위중한 범죄이 부회장이 유죄이면 박 전 대통령도 유죄일 가능성이 큼, 뇌물 공여자가 유죄 = 뇌물 수수자 역시 유죄, 역도 성립[자세한 내용은 동영상을 참고하세요]★ 증시라인 11, 평일 오전 11시 LIVEⓒ 한국경제TV, 무단 전재 및 재배포 금지한국경제TV 관련뉴스해당 언론사에서 선정하며 언론사 페이지(아웃링크)로 이동해 볼 수 있습니다.\'결혼2주년\' 배용준♥박수진 둘째 임신, ""그때보다 더 사랑해""아유미, \'성형설\'까지 돌았던 외모 4단 변신...최근 모습은?70대 할머니 성폭행 하려다 살해한 30대男, 변명이 기가 막혀김소영 아나운서, 알고보니 주당? \'네비맨\' 오상진 귀여운 애칭김성경이 폭로한 친언니 김성령 몸무게는? ""40kg대 아니야""좋아요0훈훈해요0슬퍼요0화나요0후속기사 원해요0기사제공 :']"
17,삼성전자, 2017-08-2318:00,파이낸셜뉴스 ,[베일 벗은 갤럭시노트8] 홈버튼 없는 16㎝ 대화면…패블릿 ‘왕의 귀환’,https://finance.naver.com/news/news_read.nhn?article_id=0003862870&office_id=014&mode=search&query=삼성전자&page=1,"[""       [베일 벗은 갤럭시노트8] 홈버튼 없는 16㎝ 대화면…패블릿 ‘왕의 귀환’      기사입력2017-08-23 18:00기사원문좋아요훈훈해요좋아요 평가하기공감좋아요0훈훈해요0슬퍼요0화나요0후속기사 원해요0댓글티저 통해 듀얼렌즈 적용 예고.. 2배 광학줌으로 선명한 사진S펜 기능도 패블릿에 최적화.. 모바일 동영상족 등 수요도 탄탄                후면 카메라의 듀얼렌즈 기능을 강조하고 있는 삼성전자의 갤럭시노트8 티저 영상.        【 뉴욕(미국)=이설영 기자】 세계 정보기술(IT) 전문가 사이에 삼성전자 '갤럭시노트8'이 '대화면 스마트폰(패블릿)의 제왕'다운 최강의 기능을 갖췄을 것이라는 기대감이 굳어지고 있다.갤럭시노트8 공개를 하루 앞둔 가운데 전문가들은 갤럭시노트8이 갤럭시 시리즈 중 처음으로 듀얼카메라를 장착하고 앞면에 버튼을 완전히 없앤 인피니티 디스플레이로 화면 몰입감을 높이는 등 패블릿의 강점을 극대화할 수 있는 기능을 갖췄을 것으로 내다보고 있다.삼성전자는 23일(현지시간) 미국 뉴욕에서 갤럭시노트8을 공개한다. 아직 삼성전자는 공식적으로 갤럭시노트8의 기능에 대한 정보를 내놓지 않고 있다.■티저영상 통해 최강의 갤노트8 듀얼카메라 '귀띔'업계에서는 갤럭시노트8이 삼성전자의 패블릿시장 최강자 자리를 굳히는 결정타가 될 것으로 예상하고 있다.삼성전자는 최근 공개한 갤럭시노트8 관련 티저 동영상에서 듀얼렌즈를 통한 줌 기능과 화질을 강조했다. 전문가들은 갤럭시노트8의 뒷면카메라에 2배(2X) 광학줌 기능이 제공될 것으로 예측하고 있다. 스마트폰의 디지털줌 기능은 줌인(Zoom in) 촬영 때 화질이 떨어지는 맹점이 있는데 광학줌은 실제 렌즈가 이동하기 때문에 2배 혹은 3배 사진을 확대해도 화질 저하 없이 선명한 사진을 찍을 수 있다. 전문가들은 갤럭시노트8의 카메라가 현존하는 스마트폰 카메라 중 최강의 성능을 보일 것으로 내다보고 있다.또 갤럭시노트8은 갤럭시노트 시리즈의 상징인 'S펜'을 통해 창의적인 작업을 쉽고 간편하게 할 수 있도록 성능을 높였을 것으로 예상된다.■전면부에 홈 화면 없앴다디자인에서도 갤럭시노트8은 기존 갤럭시노트 시리즈와 차별화를 기할 것이라는 예상이 나오고 있다. 가장 큰 차이점은 홈버튼이 없어진 인피니티 디스플레이다. 갤럭시노트8은 기존 갤럭시노트 시리즈의 물리 홈버튼이 있던 자리까지 디스플레이로 채워 전면에는 카메라 렌즈와 적외선 렌즈만 남는 인피니티 디스플레이를 적용했을 것이라는 게 시장의 예측이다.지문인식 스캐너 위치는 기기 후면으로 옮겨졌을 것으로 예상된다. 그야말로 갤럭시노트8 전면에는 영화를 보거나 문서작업을 하는 데 방해가 되는 모든 것이 사라지는 셈이다.디스플레이 크기도 전작인 갤럭시노트7보다 커져 16㎝(6.3인치)가 됐을 것으로 예상된다.■커지는 패블릿 시장, 갤럭시노트가 주도한다최근 세계 스마트폰 시장에서 13.97㎝(5.5인치) 이상 화면 크기의 패블릿폰 수요는 급증하고 있다. 모바일 동영상족, 모바일 업무족이 늘고 있기 때문이다. 통계전문 사이트인 스태티스타에 따르면 패블릿 판매량은 올해 5억910만대로 5억대를 돌파한 뒤 2019년에는 6억대를 넘어설 것으로 예상된다. 12.7㎝(5인치) 이하 스마트폰 판매량은 줄어드는 대신 12.7㎝ 이상 스마트폰 판매량은 급속히 늘고 있는 게 최근 스마트폰 시장의 추세다.세계 스마트폰 시장에 패블릿이라는 영역을 만들어낸 주인공이 바로 갤럭시노트 시리즈다.시장 전문가들은 패블릿 시장의 주인공인 갤럭시노트8이 최강의 기능과 2년의 대기수요까지 끌어안으면서 확고한 최강의 위치를 굳힐 것으로 기대하고 있다.국내 증권가에서는 갤럭시노트8이 본격 출시되면 삼성전자 스마트폰 사업을 주도하는 IM부문의 연간 영업이익이 10조원을 넘어설 것이라는 예상도 나오고 있다.     ▶ 세상의 모든 골 때리는 이야기 'fn파스'▶ 속보이는 연예뉴스 fn스타  ※ 저작권자 ⓒ  파이낸셜뉴스. 무단 전재-재배포 금지파이낸셜뉴스 관련뉴스해당 언론사에서 선정하며 언론사 페이지(아웃링크)로 이동해 볼 수 있습니다.세계서 가장 예쁜 기상캐스터, 몸매 때문에 시청률이..불륜녀로 찍힌 걸그룹 출신 여성의 최후별장에서 벌거벗은 男 웃는 사진, 꽃뱀의 최후대왕 여드름인 줄 알고 짰다가 1시간만에.. 뜻밖의 사태배고플 때 호두를 먹으면 생기는 놀라운 변화좋아요0훈훈해요0슬퍼요0화나요0후속기사 원해요0기사제공 :""]"
18,삼성전자, 2017-08-2318:00,서울경제 ,"믿었던 퀀텀닷 TV 판매 부진...삼성, '프리미엄 전략' 손보나",https://finance.naver.com/news/news_read.nhn?article_id=0003097406&office_id=011&mode=search&query=삼성전자&page=1,"['       믿었던 퀀텀닷 TV 판매 부진...삼성, \'프리미엄 전략\' 손보나      기사입력2017-08-23 18:00기사원문좋아요훈훈해요좋아요 평가하기공감좋아요0훈훈해요0슬퍼요0화나요0후속기사 원해요0댓글 2분기 판매량 무려 48% 급감OLED TV와 7만대차로 좁혀져연간 20% 점유율 수성 빨간불[서울경제] 글로벌 TV 시장 점유율 1위 삼성전자(005930)가 주춤하고 있다. 올 상반기 TV 판매량이 2,000만대 이하를 기록하며 5년 연속 유지해온 연간 점유율 20%(수량 기준) 벽이 깨질 수 있다는 분석이 제기되는 가운데 차세대 기술 경쟁을 벌이는 프리미엄 TV 판매에서도 유기발광다이오드(OLED) TV와의 격차가 줄어드는 양상이다. 23일 업계와 시장조사업체 IHS마킷에 따르면 올 2·4분기 글로벌 시장에서 퀀텀닷 TV 판매량은 35만1,000대로 1·4분기 67만8,000대보다 48.2% 감소했다. 반면 같은 기간 OLED TV 판매량은 21만8,000대에서 28만2,000대로 29.4% 증가했다. 1·4분기만 해도 퀀텀닷 TV 판매량이 OLED TV보다 3배 이상 많았지만 2·4분기에는 격차가 7만대가량으로 좁혀졌다. 퀀텀닷 TV란 삼성전자가 나노미터(nm, 1㎚는 10억분의1m) 크기에 불과한 반도체 입자 ‘퀀텀닷(양자점)’ 기술을 기반으로 한 제품. 삼성 QLED TV가 대표적으로 현재 중국 하이센스·TCL 등이 같은 퀀텀닷 기술 기반 TV를 만들고 있다. 이와 달리 LG전자(066570)는 일본 소니·파나소닉, 중국 창홍·스카이워스 등과 함께 OLED 기술 기반의 TV를 생산하고 있다. 이번 발표는 삼성전자를 필두로 한 QLED TV 진영에게 뼈아픈 결과일 수밖에 없다. 프리미엄 TV 시장에서의 판매 감소는 브랜드 이미지 및 수익성 하락과 직결되기 때문이다. 판매 부진으로 프리미엄 제품 가격을 낮출 경우 하위 라인업 제품 가격에도 영향을 미쳐 전체 수익성이 나빠질 수 있다. 꼭 프리미엄 TV에 한정 짓지 않아도 삼성전자의 글로벌 TV 시장 점유율에 대한 비관적 전망이 많다. 반기보고서에 따르면 삼성전자의 상반기 TV 출하량은 1,900만여대로 전년 동기 대비 8% 가까이 줄었다. 증권 업계 관계자는 “삼성전자가 20%대 점유율을 유지하려면 올 한 해 4,500만대 이상의 TV를 출하해야 하는데 쉽지 않다”고 전망했다. 이에 대해 삼성전자 측은 “하반기 프리미엄 판매 비중을 확대해 수익성 개선을 꾀하겠다”고 말했다./신희철기자 hcshin@sedaily.com[서울경제 바로가기]1997년 이래 대한민국 최고의 과학자 DB [바로가기]서울경제의 모든 연재물!... 서경Cube [바로가기▶]저작권자 ⓒ 서울경제, 무단 전재 및 재배포 금지서울경제 관련뉴스해당 언론사에서 선정하며 언론사 페이지(아웃링크)로 이동해 볼 수 있습니다.文 ""5·18 진상규명···전투기 출격대기 등 특별조사 지시""文, 5·18민주화운동때 헬기사격·전투기 출격대기 특별조사 지시\'릴리안 생리대\' 미개봉상품만 교환 가능? ""이젠 하다 하다 생리대까지"" 네티즌北 ""한마디에 미국의 위용 폴싹""···괌 위협영상 공개살충제 계란 파동에 되레 오른 文 지지율, 무슨 일이좋아요0훈훈해요0슬퍼요0화나요0후속기사 원해요0기사제공 :']"
19,삼성전자, 2017-08-2318:00,파이낸셜뉴스 ,[베일 벗은 갤럭시노트8] 8단계 검사 ‘배터리 이상무’…소비자도 ‘사전예약 쇄도...,https://finance.naver.com/news/news_read.nhn?article_id=0003862869&office_id=014&mode=search&query=삼성전자&page=1,"['       [베일 벗은 갤럭시노트8] 8단계 검사 ‘배터리 이상무’…소비자도 ‘사전예약 쇄도’ 기대감      기사입력2017-08-23 18:00기사원문좋아요훈훈해요좋아요 평가하기공감좋아요0훈훈해요0슬퍼요0화나요0후속기사 원해요0댓글소비자 불안 지웠다제조 전과정 다중안전관리 도입.. 배터리 공간 넓혀 충격도 최소화시장도 뜨거운 반응삼성 시장 점유율 23.3%로 확대.. 제품도 안보고 고객들 ""사겠다""                갤노트8 공개 앞둔 뉴욕갤럭시노트8 발표를 앞둔 지난 22일(현지시간) 미국 뉴욕 맨해튼 미트패킹지구 \'삼성837\' 마케팅센터에 삼성전자의 상반기 전략스마트폰 갤럭시S8 112대로 구성된 회전형 스크린 \'S8 스피어\'가 전시돼 있다. 연합뉴스                  삼성전자는 올초부터 스마트폰 배터리에 대해 총 8단계의 안전성 검사인 \'8 포인트 배터리 안전성 검사\'를 실시하고 있다. 8 포인트 배터리 안전성 검사 중 극판 이상 유무 확인 등 배터리 내부 확인을 위한 \'X 레이\' 검사를 하고 있다.        【 뉴욕(미국)=이설영 기자】 갤럭시노트8에 대한 시장의 기대감이 극대화되고 있다. 갤럭시노트8 공개 하루 전이지만 세계 정보기술(IT) 관계자들의 시선은 일제히 갤럭시노트8이 베일을 벗는 뉴욕을 향하고 있다.삼성전자는 갤럭시노트8을 개발하면서 지난해 갤럭시노트7의 조기단종 사태로 발생한 소비자들의 불신 해소에 가장 공을 들였다. 일찌감치 스마트폰 제조 전 과정에 다중 안전관리체계를 도입했고, 배터리 안전성 검사도 더욱 세심하게 진행 중이다. 갤럭시노트 시리즈의 강점인 최강의 기능과 디자인에 안전성에 대한 신뢰까지 확보해 세계 최고의 자리를 굳히겠다는 전략이다.■8단계 안전성 검사…""불안은 없다""23일(현지시간) 미국 뉴욕에서 갤럭시노트8을 공개하는 삼성전자는 갤럭시노트7을 단종한 후 올초 스마트폰이 이용자의 안전을 위협하는 사태가 재발하지 않도록 배터리에 대해 총 8단계의 안전성 검사인 \'8 포인트 배터리 안전성 검사\'를 실시하는 등 소비자 신뢰 확보에 최선을 다했다고 강조했다.배터리 안전성 검사는 △배터리의 안전성과 내구성, 배터리 외관 이상 여부를 표준견본과 비교 평가 △배터리 내부의 극판 눌림을 사전에 발견하기 위한 X레이 검사 △배터리 내부 융착상태나 절연상태 등을 확인하기 위한 배터리 해체검사 △배터리 누액이 발생할 경우 감지하는 검사 △배터리 전압에 따른 이상유무 검사 △충·방전 반복검사 △소비자 사용환경에 맞춘 집중검사 등으로 구성된다.또 삼성전자는 스마트폰 기획 단계부터 안전을 최우선으로 하는 \'다중 안전장치\'를 마련했다. 설계 단계에서 배터리 공간을 여유 있게 확보해 스마트폰이 떨어져도 배터리에 가해지는 물리적 충격을 최소화하고 충전 온도와 전류, 충전 속도에 대해 더 안전한 알고리즘을 적용했다.                ■갤럭시노트8에 시장 기대감 증폭신뢰 회복을 위한 삼성전자의 노력에 시장도 화답했다. 시장조사업체 IDC에 따르면 지난 2.4분기 세계 스마트폰 시장에서 삼성전자는 출하량 기준 시장점유율 23.3%로 전분기 대비 0.6%포인트, 전년 동기 대비 0.5%포인트 점유율이 상승했다. 올초 출시한 갤럭시S8의 꾸준한 인기와 중저가폰의 판매량 증가 덕이다.또 스트래티지애널리틱스(SA)에 따르면 지난 2.4분기 북미 휴대폰 시장에서 삼성전자는 33.3%로 2위인 애플(24.0%)과 10%포인트 가까이 격차를 벌렸다. 전분기 대비 삼성전자의 시장점유율은 8.4%포인트나 올랐다. 반면 애플의 시장점유율은 전분기 대비 8.7%포인트나 떨어졌다.SA는 ""삼성은 지난 2.4분기 전 세계 스마트폰 시장에서도 1위 자리를 유지했다""며 ""프리미엄 시장에서는 갤럭시S8, 중저가 시장에서는 갤럭시A, 갤럭시J, 갤럭시온 같은 제품이 꾸준한 인기를 끌고 있다""고 말했다.삼성전자는 중남미 스마트폰 시장에서도 선전 중이다. 시장조사업체 카운터포인트리서치에 따르면 삼성전자는 지난 2.4분기 중남미 스마트폰 시장에서 각각 40.9% 점유율을 기록해 압도적인 1위 자리에 올랐다.갤럭시노트8에 대한 소비자들의 구매욕도 확산되고 있다. 지난해 갤럭시노트7 조기단종으로 2년이나 기다린 갤럭시노트 마니아들의 대기수요가 몰린 데다 듀얼카메라, 홈 화면 버튼을 없앤 인피니티 디스플레이 같은 혁신적 디자인에 대한 소문이 확산되면서 소비자들이 제품도 보지 않고 갤럭시노트8을 사겠다고 줄을 서는 것이다. 업계에 따르면 갤럭시노트8 예약판매를 받아달라는 소비자들의 요청이 잇따르자 서울시내 일부 휴대폰 유통점들이 일찌감치 예약신청을 받고 있다. 제품이 공개되기도 전에 사전예약이 이뤄지는 진풍경이 연출되고 있는 것이다.서울시내 한 휴대폰 유통매장 관계자는 ""갤럭시노트8은 대화면 고성능 폰이어서 굳이 실제 제품을 보지 않고도 구매하는 마니아층이 생겼다""며 ""매장 규모에 따라 다르겠지만 서울시내 주요 유통점에는 보통 10~30명 정도 갤럭시노트8 예약가입자를 이미 확보해 놓고 있는 것으로 안다""고 귀띔했다.ronia@fnnews.com     ▶ 세상의 모든 골 때리는 이야기 \'fn파스\'▶ 속보이는 연예뉴스 fn스타  ※ 저작권자 ⓒ  파이낸셜뉴스. 무단 전재-재배포 금지파이낸셜뉴스 관련뉴스해당 언론사에서 선정하며 언론사 페이지(아웃링크)로 이동해 볼 수 있습니다.세계서 가장 예쁜 기상캐스터, 몸매 때문에 시청률이..불륜녀로 찍힌 걸그룹 출신 여성의 최후별장에서 벌거벗은 男 웃는 사진, 꽃뱀의 최후대왕 여드름인 줄 알고 짰다가 1시간만에.. 뜻밖의 사태배고플 때 호두를 먹으면 생기는 놀라운 변화좋아요0훈훈해요0슬퍼요0화나요0후속기사 원해요0기사제공 :']"
0,삼성전자, 2017-08-2318:00,뉴시스 ,"SK매직, 6년 연속 '한국소비자웰빙지수 1위' 선정",https://finance.naver.com/news/news_read.nhn?article_id=0008137036&office_id=003&mode=search&query=삼성전자&page=2,"['       SK매직, 6년 연속 \'한국소비자웰빙지수 1위\' 선정       기사입력2017-08-23 18:00기사원문좋아요훈훈해요좋아요 평가하기공감좋아요0훈훈해요0슬퍼요0화나요0후속기사 원해요0댓글 【서울=뉴시스】 박주연 기자 = SK매직은 한국표준협회가 주관하는 2017년 한국소비자 웰빙지수에서 매직스팀오븐이 1위로 선정됐다고 23일 밝혔다. 6년 연속 1위다.SK매직 매직스팀오븐은 68.51점을 받아 LG전자 디오스 광파오븐 66.50점, 삼성전자 지펠 세라믹오븐 65.63점보다 높은 점수를 받았다.특히 최근에 출시한 매직스팀오븐의 경우 기름 없이 고온 스팀으로 튀기거나 굽는 매직 프라이 메뉴를 원터치 버튼으로 따로 구성해 사용 편의성을 높인 점과 전자레인지, 에어프라이, 스팀, 오븐, 그릴, 발효, 해동, 보온, 식품건조의 9가지 기능을 한 번에 해결할 수 있는 멀티 복합 기능을 구현한 점이 높은 평가를 받았다. SK매직 관계자는 ""매직스팀오븐은 많은 조리 기기로 인한 복잡한 주방 환경 개선, 건강한 요리를 편리하고 쉽게 조리하고자 하는 소비자의 니즈를 분석하고 반영해 국내 최초로 독자 기술로 개발한 신개념 웰빙 조리 기기""라며 ""앞으로도 혁신적인 신제품을 지속적으로 개발해 고객에게 최고의 가치를 제공할 것""이라고 말했다. pjy@newsis.com▶ 뉴시스 빅데이터 MSI 주가시세표 바로가기 ▶ 뉴시스 SNS [페이스북] [트위터]뉴시스 관련뉴스해당 언론사에서 선정하며 언론사 페이지(아웃링크)로 이동해 볼 수 있습니다.희대의 탈주범, 교도소서 재소자 상대 성추행6세 입양딸 잔인하게 학대살해한 30대女 최후문희상, 2년 만기출소한 한명숙에 던진 한마디과도·회칼 등 12개 칼 차고 상담교사 찾아가 행패 부린 여성성추행 집행유예\' 부흥 목사, 10대 소녀 또 성추행좋아요0훈훈해요0슬퍼요0화나요0후속기사 원해요0기사제공 :']"
1,삼성전자, 2017-08-2317:59,한국경제 ,스마트폰·자율주행차…더 긴밀해진 'LG-구글 동맹',https://finance.naver.com/news/news_read.nhn?article_id=0003813567&office_id=015&mode=search&query=삼성전자&page=2,"['       스마트폰·자율주행차…더 긴밀해진 \'LG-구글 동맹\'      기사입력2017-08-23 17:59기사원문좋아요훈훈해요좋아요 평가하기공감좋아요0훈훈해요0슬퍼요0화나요0후속기사 원해요0댓글AI 비서 \'구글 어시스턴트\' 한국어판…V30 탑재화면 꺼진 상태서 전화 걸고 음악재생·인터넷 검색 가능""삼성 \'빅스비\'와 정면승부""구글 차기 픽셀폰, LG 제작…자율주행차 등도 협력 강화[ 안정락 기자  ] LG전자가 스마트폰, 가전제품 등 다양한 사업에서 구글과 동맹을 강화하고 있다. LG전자의 스마트폰 신제품 V30에는 구글의 인공지능(AI) 비서 ‘구글 어시스턴트’ 한국어 버전이 처음으로 탑재된다. 이에 힘입어 LG전자는 삼성전자 빅스비, 애플 시리 등에 맞서 한국어 음성비서 서비스를 시작할 수 있게 됐다. LG전자는 구글의 자체 개발 스마트폰인 픽셀 시리즈의 차기 모델도 개발하고 있는 것으로 알려졌다.◆V30 ‘구글 AI 비서’ 적용23일 업계에 따르면 LG전자는 이달 말 발표하는 V30에 한국어 버전 구글 어시스턴트를 적용하기로 구글과 합의했다. 구글은 당초 구글 어시스턴트의 한국어 서비스를 연말께 시작할 계획이었다. 하지만 LG전자의 요청으로 서비스 일정을 앞당긴 것으로 알려졌다. 구글은 한국어 버전의 구글 어시스턴트 출시를 위해 지난달부터 일부 이용자를 대상으로 사전 테스트도 해왔다.구글 어시스턴트를 이용하면 스마트폰 화면이 꺼진 상태에서도 사용자 목소리만으로 전화 걸기, 음악 재생, 날씨 확인, 인터넷 검색 등을 할 수 있다. 머신러닝(기계학습) 등 AI 기술이 담겨 있어 스마트폰이 사용자와의 대화를 통해 스스로 학습하고 맞춤형 서비스를 제공할 수 있다.구글 어시스턴트는 LG전자가 올초 선보인 프리미엄폰 G6에도 탑재돼 있었지만 그동안에는 영어와 독일어 버전밖에 쓸 수 없었다. 한국어 버전이 추가되면 앞으로 국내 이용자들도 편리하게 구글 어시스턴트를 써볼 수 있게 될 전망이다. LG전자는 V30의 구글 어시스턴트 한국어 서비스로 삼성전자 갤럭시노트8, 애플 아이폰8(가칭) 등에 맞선다는 전략이다.◆구글 픽셀폰도 LG가 제작LG전자와 구글의 동맹 관계는 올 들어 대폭 강화되고 있다. LG전자는 지난 3월 차세대 스마트워치 2종(LG워치 스포츠·스타일)에 구글의 웨어러블 운영체제(OS) ‘안드로이드웨어 2.0’을 세계 최초로 적용해 출시했다. 이어 5월에는 미국 캘리포니아 마운틴뷰에서 열린 구글 개발자 행사에서 스마트홈 서비스 ‘구글홈’을 담은 냉장고, 세탁기, 공기청정기 등을 발표했다. LG전자 관계자는 “미국 시장에 구글홈 기능을 적용한 가전제품을 이미 출시했다”며 “앞으로 다양한 가전제품에 구글 서비스를 확대해 나갈 것”이라고 말했다.LG전자는 구글의 자체 개발 스마트폰인 픽셀 시리즈의 차기작도 제조할 것으로 알려졌다. 픽셀 차기작은 기본 모델인 ‘픽셀2’와 화면이 좀 더 큰 ‘픽셀2XL’ 등으로 나뉜다. 픽셀2는 대만 HTC가, 픽셀2XL은 LG전자가 제조를 담당할 것으로 예상된다. 미국 정보기술(IT) 매체인 안드로이드오소리티는 “픽셀2XL은 LG전자의 G6 같이 화면 테두리가 매우 얇은 디자인이 될 것”이라고 전망했다.구글은 픽셀폰 등에 쓰일 유기발광다이오드(OLED) 디스플레이를 확보하기 위해 지난 4월 LG디스플레이에 1조원 규모의 투자를 하겠다는 의사를 밝히기도 했다. 업계 관계자는 “자율주행차 등 전장부품 사업에서도 구글과 LG전자의 협력이 확대되고 있다”며 “구글은 AI 등 소프트웨어를 개발하고, LG전자는 이를 담아 하드웨어를 내놓고 있다”고 설명했다.안정락 기자 jran@hankyung.com[한경닷컴 바로가기] [글방] [모바일한경 구독신청] ⓒ 한국경제 & hankyung.com, 무단전재 및 재배포 금지한국경제 관련뉴스해당 언론사에서 선정하며 언론사 페이지(아웃링크)로 이동해 볼 수 있습니다.입김 센 노르웨이 국부펀드…\'FAANG\' 경영에도 개입월마트-구글 \'AI 음성 쇼핑 동맹\' 맺고 아마존에 대항""도와달라""…한국에 \'러브콜\' 보내는 중국""年 1500억씩 더 나갈 판""…발칵 뒤집힌 서울시중고차 내놓자마자 불티나게 팔린 車 정체가…좋아요0훈훈해요0슬퍼요0화나요0후속기사 원해요0기사제공 :']"
2,삼성전자, 2017-08-2317:59,연합뉴스 ,"""中증시는 '산삼 있는 지뢰밭'…중국 변화 기회 삼아야""",https://finance.naver.com/news/news_read.nhn?article_id=0009494150&office_id=001&mode=search&query=삼성전자&page=2,"['       ""中증시는 \'산삼 있는 지뢰밭\'…중국 변화 기회 삼아야""      기사입력2017-08-23 17:59기사원문좋아요훈훈해요좋아요 평가하기공감좋아요0훈훈해요0슬퍼요0화나요0후속기사 원해요0댓글 전병서 중국금융경제연구소장 세미나서 강조…""한국 이긴 中기업에 투자해야""(서울=연합뉴스) 조민정 기자 = ""삼성전자 주가가 많이 올랐다고 하지만 선강퉁·후강퉁 기업 중에는 삼성전자보다 많이 오른 기업이 77개에 이릅니다. 과거의 공포를 버리고 중국의 미래를 봐야 합니다.""    2015년 대폭락을 겪은 중국 증시가 시진핑 2기, 서비스 사회로의 전환 등에 힘입어 반등하며 \'살아남은 자들의 축제\'를 벌일 것이라는 전망이 나왔다.    전병서 중국금융경제연구소장은 23일 신한BNP파리바자산운용이 주최한 \'중국 시장 전망과 중국본토 펀드 투자 세미나\'에서 ""중국은 말하자면 \'산삼이 있는 지뢰밭\'""이라며 ""현재의 공포는 정보의 부족 때문이며 최근 이어지는 중국의 변화를 기회 삼아 돈 벌 기회를 찾아야 한다""고 말했다.    전 소장은 ""삼성전자·현대차 등 한국 제조업체의 중국 점유율은 3%에 머무르고 있다""며 ""제조업을 필두로 한 한국의 대(對)중국 특수는 2014년에 끝났다""고 강조했다.    이날 세미나는 중국 증시가 2015년 부진 이후 최근 뚜렷한 개선세를 보이는 상황에서 중국 본토의 투자환경 변화를 점검하기 위해 마련됐다.    전 소장은 최근 중국의 변화 중 도시화·서비스화·금융화·정보화에 주목했다.    그는 ""스마트폰을 가진 중국 인구가 13억6천만명에 달하며 이들이 4차 산업혁명의 핵심인 빅데이터를 생산해내고 있다""며 ""앞으로 알리바바, 텐센트와 같은 기업이 몇 개가 나올지 상상조차 할 수 없다""고 말했다.    그는 삼성전자의 시가총액을 능가하는 알리바바, 텐센트의 최대주주가 각각 손정의 소프트뱅크 사장, 남아프리카공화국의 네스퍼스라는 점을 지적하면서 ""바로 이웃 나라인 한국은 과거의 공포에 묶여 이러한 기회를 놓치고 있다. 이제는 \'돈\'이 나설 차례""라고 목소리를 높였다.    그러면서 ""언제까지 기술만 자랑하고 있어서는 안 된다""며 ""한국을 이긴 기업, 뒤통수를 친 기업을 사야 한다""고 중국에 금융투자가 이뤄져야 한다고 지적했다.    중국의 경제성장률이 6.5% 수준에 머물러 성장이 둔화한 것 아니냐는 지적에 대해서는 ""성장기를 어느 정도 지났기 때문으로, 전체적으로는 둔화해 보일 수 있으나 \'일대일로\' \'인터넷+a(알파)\' \'대중창업·만인혁신\' \'중국제조2025\' 전략 등 장기적인 전략을 가지고 분야별 급성장을 해나가고 있다""고 반박했다.    특히 시진핑 주석이 2기 정부를 꾸리면서 그간의 부정부패 해소보다는 민생에 신경을 쓸 것이라고 예상하면서 ""기업부채가 국내총생산(GDP)의 170%에 달할 정도로 커진 상황에서 이 문제의 해법은 부채를 주식으로 바꾸는 전략, 즉 증시 개방밖에 없을 것""이라며 향후 자본 유입에 따른 중국 증시의 상승을 예상했다.    전 소장은 이어 ""중국은 더는 제조, 공업국가가 아닌 서비스국가""라며 ""인구변화·문화·금융에 주목해야 한다""고 조언했다.    이날 세미나에는 신한BNP파리바자산운용 홍콩지사에서 중국본토 펀드를 운용하고 있는 펑 야오 최고투자책임자(CIO)가 나와 ""중국의 GDP는 2016년 이후 18개월간의 조정 기간을 지나 최근 반등을 시작했다""며 ""MSCI(모건스탠리캐피털인터내셔널) 신흥시장 지수 편입과 소비 업그레이드, 정책의 안정화, 첨단 제조기술 발전 등에 힘입어 중국 증시가 더욱 활기를 얻을 것""이라고 전망했다.    chomj@yna.co.kr최신 유행 트렌드 총집결(클릭!)연합뉴스 관련뉴스해당 언론사에서 선정하며 언론사 페이지(아웃링크)로 이동해 볼 수 있습니다.\xa0휴가 나온 육군 일병과 동행한 20대 여성 추락사\xa0칼 12자루 허리 차고 교사 협박하러 학교 간 이모\xa0\'동병상련\' 클린턴 딸 첼시, 트럼프 아들 배런 \'두둔\'\xa0배용준-박수진 ""둘째 가졌습니다…임신 초기""\xa0철조망에 걸린 새끼 코알라를 구한 \'모정\'좋아요0훈훈해요0슬퍼요0화나요0후속기사 원해요0기사제공 :']"
3,삼성전자, 2017-08-2317:56,디지털타임스 ,"미래에셋대우, 텐센트-삼성전자 기초자산 ELS 판매",https://finance.naver.com/news/news_read.nhn?article_id=0002418602&office_id=029&mode=search&query=삼성전자&page=2,"[""       미래에셋대우, 텐센트-삼성전자 기초자산 ELS 판매      기사입력2017-08-23 17:56기사원문좋아요훈훈해요좋아요 평가하기공감좋아요0훈훈해요0슬퍼요0화나요0후속기사 원해요0댓글 미래에셋대우는 텐센트와 삼성전자 주식을 기초자산으로 하는 주가연계증권(ELS)을 지난 22일부터 판매하고 있다.이번에 선보인 '제21508회 텐센트-삼성전자 원금 90% 부분지급 조기상환형 해외주식 ELS'는 만기 1년 상품으로 조기상환평가일(3,6,9개월)에 모든 기초자산이 최초기준가격의 102% 이상이면 연 15%의 수익을 제공한다.조기상환조건을 충족시키지 못한 경우 만기평가일(12개월)에 두 기초자산의 만기평가가격이 모두 최초기준가격보다 상승했다면, 기초자산 상승률이 낮은 종목의 상승률 만큼을 수익으로 지급한다.만기평가일에 두 기초자산 중 어느 하나라도 만기 평가가격이 최초 기준가격보다 떨어졌다면 최대 10%까지 원금 손실이 있을 수 있다.이번 상품은 홍콩증권거래소에 상장된 해외주식을 기초자산으로 하지만 원화로 청약하고 원화로 만기상환을 받기 때문에 해외 통화 환전이 필요 없다. 또 별도의 환헤지가 필요없고 환율에 의한 수익 변동도 없다.이 상품은 오는 25일 오후 1시 30분까지 최소 100만원부터 100만원 단위로 청약 가능하다.김민수기자 minsu@dt.co.kr 디지털타임스 홈페이지 바로가기/SNS 바로가기확바뀐 디지털타임스 연예·스포츠 섹션 바로가기김민수디지털타임스 관련뉴스해당 언론사에서 선정하며 언론사 페이지(아웃링크)로 이동해 볼 수 있습니다.LG전자, 미국에 285억 투자 전기차 부품공장 건설비타민 B6·B12 장기복용땐 폐암위험 급증… 무슨 이유 있길래'구글 어시스턴트' 한국어 버전 V30에 처음 적용한다중, 영업정지 롯데마트서 발전기·변전기 몰수해 경매처분도시바 막판 돌변 왜? 한미일연합 대신 WD와 반도체 매각협상좋아요0훈훈해요0슬퍼요0화나요0후속기사 원해요0기사제공 :""]"
4,삼성전자, 2017-08-2317:52,매일경제 ,도시바 `막판 변심`…SK하이닉스 인수참여 `물거품`?,https://finance.naver.com/news/news_read.nhn?article_id=0004001567&office_id=009&mode=search&query=삼성전자&page=2,"['       도시바 `막판 변심`…SK하이닉스 인수참여 `물거품`?      기사입력2017-08-23 17:52기사원문좋아요훈훈해요좋아요 평가하기공감좋아요0훈훈해요0슬퍼요0화나요0후속기사 원해요0댓글""이미 반도체 자산 실사중…이달내 타결 목표로 협상""WD, 인수가 19조원 제시…산적한 이견 조정이 관건‘우선 협상자` 포함된 SK ""시간은 우리편이다"" 반박■ 소송중이던 美웨스턴디지털과 돌연 매각 협상  SK그룹의 도시바 반도체 사업(도시바 메모리) 인수전에 빨간불이 켜졌다.도시바가 반도체 사업 매각을 놓고 법적분쟁 중인 미국 웨스턴디지털(WD)과 돌연 최종 매각 협상에 돌입했다고 니혼게이자이신문이 23일 보도했다. WD는 이미 도시바 반도체 사업에 대한 자산 실사에 들어갔으며, 이르면 다음주 안에 최종 타결을 목표로 협상 중이다. 지난 6월 SK하이닉스가 포함된 한·미·일 연합이 우선협상대상자로 선정된 후 두 달째 별다른 진전이 없는 가운데 도시바가 WD와 협상에 들어가면서 주도권이 완전히 넘어갔다는 분석이 나온다.WD는 최종 협상에서 일본의 민관펀드인 산업혁신기구, 미국 투자펀드 콜버그크래비스로버츠(KKR), 일본정책투자은행 등과 연합해 1조9000억엔(약 19조6700억원)을 인수가액으로 제시했다. 컨소시엄 구성만 보면 한·미·일 연합을 대표해 도시바와 협상을 주도해온 산업혁신기구가 베인캐피털·SK하이닉스를 버리고 KKR·WD와 손을 잡은 구도다. WD의 컨소시엄 참여 방식도 SK하이닉스와 유사하다. 초기엔 의결권이 없는 전환사채 등의 형태로 수천억 엔의 자금을 댄 후 각국 독점방지법 심사를 통과한 후 20% 미만의 의결권 주식을 취득하는 방식이다.WD 측은 고용조건 등 세부사항에 대한 합의가 이뤄지면 스티브 밀리건 최고경영자(CEO) 등 경영진이 이달 중 일본을 찾아 최종 계약에 서명한 뒤 도시바를 상대로 제기한 소송을 취하할 예정이다. 이에 맞춰 도시바도 이사회를 열어 매각을 최종 결정하는 수순에 들어갈 것으로 보인다.지난 2월 반도체 사업 매각 발표 이후 법적소송을 불사하며 첨예하게 대립해온 도시바와 WD가 돌연 매각 협상에 돌입한 것은 분쟁이 장기화되면서 양측 모두 경영에 심각한 타격을 받고 있다는 위기의식 때문이다. 도시바와 반도체 주력공장(욧카이치 공장)을 공동 운영 중인 WD는 도시바 메모리 인수전이 시작되자 독점 협상권을 요구했다. 그러나 도시바가 공개 매각을 강행하자 WD는 매각절차 중단을 요구하며 국재중재재판소에 소송을 제기했고 이후 매각은 큰 혼란에 빠졌다.매각작업이 혼란에 빠지면서 양측의 위기감은 높아졌다. 도시바는 내년 3월 회계연도 마감 때까지 부채 규모를 줄이지 못하면 상장 폐지될 운명이다. 공정거래당국 심사에만 6개월 이상이 필요하다는 점을 고려하면 사실상 이달 내에 인수 주체를 정해야 한다. WD 역시 도시바가 신규 반도체 공장에 대한 독자 투자에 나서면서 위기감이 높아진 것으로 보인다.  아울러 일본 재계와 정부 내에서 SK하이닉스에 대한 견제심리도 작용한 것으로 보인다. 도시바와의 협상을 주도하고 있는 산업혁신기구는 사실상 일본 정부의 입김에 따라 좌지우지된다. 실제로 일본 내에서는 지난달부터 SK하이닉스의 출자 방식에 대한 비판이 나오는 등 SK하이닉스를 배제하려는 분위기가 조성돼왔다. WD의 도시바 메모리 인수가 현실화될 경우 수요 폭발로 급성장 중인 메모리 반도체 시장에 일대 소용돌이가 몰아칠 전망이다. WD와 도시바 메모리의 올 2분기 낸드플래시 시장 점유율을 합하면 약 35%로 세계 1위 삼성전자에 육박하는 수준이다.하지만 우선협상대상자 지위를 갖고 있는 SK그룹은 여전히 유리한 상황은 바뀌지 않았다는 입장이다. SK그룹 관계자는 이날 ""현 상황에서 우리가 특별히 할 수 있는 것은 없다""면서도 ""시간은 우리 편""이라고 반박했다. 인수작업을 총괄하고 있는 박정호 SK텔레콤 사장도 이천포럼에서 기자들과 만나 ""도시바 인수전은 시간과의 싸움으로 길게 보고 있다""며 여전히 자신감을 내비쳤다. 현 단계에서 인수가격 조정이나 출자조건 변경 등 적극적인 대응에 나설 생각이 없다는 의미다.이는 도시바와 WD 경영진이 최종 협상을 통해 매각작업이 곧 타결될 것처럼 뛰는 모습을 보이고 있지만 실제 협상장에서 산적한 이견을 조정하는 것은 쉽지 않다고 판단하고 있기 때문이다. 실제로 일본 내에서도 인수가격이나 출자비율 등 세부 조건에 대해 단기간에 합의하지 못하면 매각작업은 다시 교착상태에 빠질 가능성이 있다는 분석이 나오고 있다. 이럴 경우 주도권은 한·미·일 연합으로 다시 넘어올 수밖에 없을 것이라는 기대감이 아직은 살아 있다는 분석이다.[도쿄 = 정욱 특파원 / 서울 = 황형규 기자][매일경제 공식 페이스북] [오늘의 인기뉴스] [매경 프리미엄][ⓒ 매일경제 & mk.co.kr, 무단전재 및 재배포 금지]매일경제 관련뉴스해당 언론사에서 선정하며 언론사 페이지(아웃링크)로 이동해 볼 수 있습니다.배용준♥박수진, 95억원 연예인 최고가 집 \'으리으리\'[아하 이렇구나] 만약 전쟁나면 은행에 맡겨 둔 내 돈의 운명은?배영수 부정투구 논란 사과 ""내 잘못…죄송하다""장어 참 잘 키웠다~! 찾아가고 싶은 숨은식당레이양, \'초밀착 보디수트\' 입고 \'美친 볼륨감\' 뽐내다좋아요0훈훈해요0슬퍼요0화나요0후속기사 원해요0기사제공 :']"
5,삼성전자, 2017-08-2317:51,파이낸셜뉴스 ,[베일 벗은 갤럭시노트8] '최강스펙' 갤노트 2년만에 귀환,https://finance.naver.com/news/news_read.nhn?article_id=0003862864&office_id=014&mode=search&query=삼성전자&page=2,"[""       [베일 벗은 갤럭시노트8] '최강스펙' 갤노트 2년만에 귀환      기사입력2017-08-23 17:51기사원문좋아요훈훈해요좋아요 평가하기공감좋아요0훈훈해요0슬퍼요0화나요0후속기사 원해요0댓글삼성 갤노트8 뉴욕서 공개.. 홍채.지문인식.삼성페이 탑재업그레이드된 S펜.빅스비에 깜짝 혁신기능 기대감도                     【 뉴욕(미국)=이설영 기자】 삼성전자가 사활을 걸고 개발한 가을 전략스마트폰 '갤럭시노트8'이 드디어 베일을 벗는다.갤럭시노트8에 전 세계의 관심이 집중되면서 각종 신기능과 디자인이 잇따라 유출되고 있는데 갤럭시노트8은 홍채, 지문 등 생체인식 시스템을 갖춘 데다 인공지능(AI) 비서 '빅스비'의 성능이 더해진 것으로 알려졌다. 특히 갤럭시노트의 대표적 기능인 스타일러스펜 'S펜'도 한층 업그레이드됐을 것으로 예상된다.삼성전자는 갤럭시노트8을 통해 '갤럭시노트7' 단종 사태의 오명을 씻어내겠다는 포부다. 사실상 2년 만에 공개하는 갤럭시노트 제품인 만큼 안전성은 물론 혁신을 담고자 심혈을 기울인 것으로 알려졌다.시장 전문가들은 갤럭시노트8 출시 이후 삼성전자의 스마트폰사업을 맡은 IM부문의 연간 영업이익이 10조원을 넘어설 것이라는 기대감도 내비치고 있다.■S펜 혁신에 '관심 집중'삼성전자는 23일(현지시간) 오전 11시 미국 뉴욕 파크애비뉴 아모리에서 갤럭시노트8을 공개한다. 갤럭시노트8의 가장 혁신적 기능은 단연코 S펜이 될 전망이다. 삼성전자는 갤럭시노트8의 성능에 대해 일절 입을 다물고 있다. 지난 3월 공개한 갤럭시S8은 사전에 지능형 인터페이스인 '빅스비'를 탑재하고, 특장점을 미리 밝힌 것과 대조된다.다만 삼성전자는 최근 갤럭시노트8과 관련해 공개한 티저 동영상을 통해 '더 큰일을 하세요(Do bigger things)'라는 메시지를 전달, 갤럭시노트8이 대화면 스마트폰(패블릿) 대표주자에 걸맞은 혁신을 제공할 것이라고 암시했다.특히 삼성전자가 지난 3월 갤럭시S8을 공개하면서 스마트폰을 데스크톱PC처럼 쓸 수 있는 '덱스' 기능을 깜짝 발표해 세계인의 관심을 끌었던 것처럼 갤럭시노트8에도 지금껏 드러나지 않은 깜짝 혁신기능을 탑재했을 것이라는 기대감이 높아지고 있다.■갤럭시S8 '듀얼엣지' 디자인 계승갤럭시노트8의 전체적 디자인은 갤럭시S8과 큰 차이가 없을 것으로 보인다. 갤럭시S8의 경우 화면 테두리를 최소화하고(베젤리스), 18.5대 9 비율의 듀얼엣지 디스플레이 등을 통해 깔끔하고 세련된 외관을 표현했다. 갤럭시노트8에도 베젤리스 화면에 듀얼엣지 디스플레이를 채택했을 것으로 보인다.이 외에도 갤럭시노트8은 16㎝(6.3인치) 슈퍼 아몰레드(AMOLED.능동형유기발광다이오드) 디스플레이를 지원할 가능성이 높다. 애플리케이션프로세서(AP)는 갤럭시S8에 적용한 것처럼 글로벌 모델은 엑시노스8895를, 미국 모델은 퀄컴의 스냅드래곤835를 채택했을 것으로 보인다.배터리 용량은 올 초에 나온 갤럭시S8+(3500㎃h)보다 작은 3300㎃h를 채택했을 것으로 보인다. S펜 탑재공간이 필요하기 때문에 그만큼 배터리 용량을 줄였다는 게 업계 추정이다. 또 삼성전자는 전략스마트폰 갤럭시 시리즈 중 처음으로 갤럭시노트8에 듀얼카메라를 장착한 것으로 알려졌다. 이를 통해 2배 광학줌을 지원하고, S펜을 통한 카메라 편집기능도 향상됐을 것으로 기대된다.ronia@fnnews.com     ▶ 세상의 모든 골 때리는 이야기 'fn파스'▶ 속보이는 연예뉴스 fn스타  ※ 저작권자 ⓒ  파이낸셜뉴스. 무단 전재-재배포 금지파이낸셜뉴스 관련뉴스해당 언론사에서 선정하며 언론사 페이지(아웃링크)로 이동해 볼 수 있습니다.세계서 가장 예쁜 기상캐스터, 몸매 때문에 시청률이..불륜녀로 찍힌 걸그룹 출신 여성의 최후별장에서 벌거벗은 男 웃는 사진, 꽃뱀의 최후대왕 여드름인 줄 알고 짰다가 1시간만에.. 뜻밖의 사태배고플 때 호두를 먹으면 생기는 놀라운 변화좋아요0훈훈해요0슬퍼요0화나요0후속기사 원해요0기사제공 :""]"
6,삼성전자, 2017-08-2317:48,한국경제 ,"삼성전자·SK하이닉스는 팔아도…외국인, 코스닥 IT 소재·장비주 쓸어 담는다",https://finance.naver.com/news/news_read.nhn?article_id=0003813557&office_id=015&mode=search&query=삼성전자&page=2,"['       삼성전자·SK하이닉스는 팔아도…외국인, 코스닥 IT 소재·장비주 쓸어 담는다      기사입력2017-08-23 17:48기사원문좋아요훈훈해요좋아요 평가하기공감좋아요0훈훈해요0슬퍼요0화나요0후속기사 원해요0댓글 [ 윤정현 기자  ] 이달 들어 삼성전자와 SK하이닉스 등을 팔고 있는 외국인 투자자들이 정보기술(IT) 소재 및 장비주는 대거 사들이고 있는 것으로 나타났다. 외국인이 국내 IT업종에 대해 여전히 긍정적인 시각을 갖고 있기 때문이라는 해석이 나온다.반도체 전공정 및 패키징 장비 회사인 피에스케이는 23일 코스닥시장에서 1550원(7.11%) 오른 2만3350원에 장을 마쳤다. 최근 1년 내 최고가다. 올 하반기 들어서도 코스닥지수가 600대 중반에서 지루한 움직임을 이어가고 있지만 이 종목은 지난달 이후로만 18.23% 뛰었다. 이날 연성인쇄회로기판(FPCB)을 만드는 인터플렉스(2.80%)와 세라믹칩, 안테나모듈 등을 제조하는 아모텍(0.44%)도 최근 1년 내 최고가를 찍었다.이 세 종목의 또 다른 공통점은 외국인이 가장 많이 사들인 종목 목록에 나란히 이름을 올렸다는 것이다. 코스닥시장에서 외국인이 1443억원어치를 순매수한 최근 2주간 외국인은 인터플렉스(172억원) 아모텍(167억원) 피에스케이(151억원) 등을 주로 사들였다. AP시스템(238억원) 덕산네오룩스(172억원) 에스에프에이(102억원) 등도 외국인 순매수 상위 종목에 들었다.외국인은 같은 기간 유가증권시장에서 삼성전자를 1조2192억원어치 내다팔았다. SK하이닉스는 2099억원어치를 처분했다. 외국인이 유가증권시장에서 대형 IT주의 차익실현에 나서면서도 코스닥시장에서 반도체 장비주와 디스플레이 소재주를 사들이는 것은 IT산업에 대한 긍정적인 전망이 바뀌지 않았다는 의미라고 증권업계는 보고 있다.송명섭 하이투자증권 연구원은 “반도체 업체들의 증설보다는 늘어나는 수요에 주목해야 한다”며 “국내 주요 반도체 장비주들의 주가순자산비율(PBR·주가/주당순자산)은 2배 정도로 4배 수준인 해외 동종 업계 회사들보다 낮아 주가가 저평가돼 있다”고 말했다.윤정현 기자 hit@hankyung.com[한경닷컴 바로가기] [글방] [모바일한경 구독신청] ⓒ 한국경제 & hankyung.com, 무단전재 및 재배포 금지한국경제 관련뉴스해당 언론사에서 선정하며 언론사 페이지(아웃링크)로 이동해 볼 수 있습니다.(마감)코스닥, 0.55p 내린 643.71코스피, 2360선에서 하락 전환…기관 팔자세 확대""年 1500억씩 더 나갈 판""…발칵 뒤집힌 서울시중고차 내놓자마자 불티나게 팔린 車 정체가…강남 거주자들이 가장 선호하는 아파트 브랜드는?좋아요0훈훈해요0슬퍼요0화나요0후속기사 원해요0기사제공 :']"
7,삼성전자, 2017-08-2317:48,한국일보 ,자사주 보유 평가액 1위 전문경영인은 최양하 한샘회장…1585억,https://finance.naver.com/news/news_read.nhn?article_id=0000228571&office_id=469&mode=search&query=삼성전자&page=2,"['       자사주 보유 평가액 1위 전문경영인은 최양하 한샘회장…1585억      기사입력2017-08-23 17:48기사원문좋아요훈훈해요좋아요 평가하기공감좋아요0훈훈해요0슬퍼요0화나요0후속기사 원해요0댓글최양하 한샘 회장국내 500대 기업 전문경영인 가운데 자사주 보유액 가치 평가 순위 1위는 최양하 한샘 회장인 것으로 조사됐다.23일 기업 경영성과 평가사이트 CEO스코어가 국내 500대 기업 최고경영자(CEO) 가운데 오너 일가 외에 자사주를 보유한 전문경영인 166명의 주식 가치를 조사한 결과 총 금액이 2,413억원(21일 종가 기준, 보통주+우선주)으로 집계됐다.이 가운데 자사주 보유 평가액 1위는 최양하 한샘 회장으로 1,585억원에 달했다. 이는 조사 대상 전문경영인이 보유한 전체 자사주 가치 평가금액의 66%에 해당하는 것으로, 2위인 이재경 두산 부회장(79억원) 보다 20배 정도 많다.3위는 자사주 가치액이 61억원인 차석용 LG생활건강 부회장이었다. 김정남 동부화재 사장(56억원)과 김용범 메리츠화재 사장(37억원)이 각각 4위와 5위였다. 지난해 국내에서 가장 많은 연봉(67억원)을 받은 권오현 삼성전자 부회장은 자사주 평가액이 30억원으로 7위에 이름을 올렸다. 이밖에 권영식 넷마블게임즈 집행임원은 지난 5월 회사 상장으로 14억원의 자사주를 보유한 것으로 평가 받아 단숨에 13위에 올랐다. 한성숙 네이버 사장은 자사주 평가액 10억원으로, 조사 대상 전문경영인 가운데 유일한 여성 CEO로 기록됐다.민재용 기자 insight@hankookilbo.com▶한국일보 [페이스북] [카카오 친구맺기]▶자동차의 모든 것! [모클][ⓒ 한국일보(hankookilbo.com), 무단 전재 및 재배포 금지]한국일보 관련뉴스해당 언론사에서 선정하며 언론사 페이지(아웃링크)로 이동해 볼 수 있습니다.한명숙 전 총리, ""2년 동안 정말 가혹했던 고통""DDT 검출 농장주 ""닭과 계란 전량폐기, 농장문 닫겠다""한서희 ""대마초 처음 권유한 건 탑""김장겸 MBC 사장 ""공영방송 무너졌다? 대통령이 판단할 일 아니다""실미도 부대원들, 합동 봉안식…46년 만에 영면좋아요0훈훈해요0슬퍼요0화나요0후속기사 원해요0기사제공 :']"
8,삼성전자, 2017-08-2317:44,연합뉴스TV ,"출격 앞둔 갤노트8…삼성, 갤노트7 굴욕 씻나",https://finance.naver.com/news/news_read.nhn?article_id=0000273385&office_id=422&mode=search&query=삼성전자&page=2,"['       출격 앞둔 갤노트8…삼성, 갤노트7 굴욕 씻나      기사입력2017-08-23 17:44기사원문좋아요훈훈해요좋아요 평가하기공감좋아요0훈훈해요0슬퍼요0화나요0후속기사 원해요0댓글 출격 앞둔 갤노트8…삼성, 갤노트7 굴욕 씻나[앵커] 삼성전자가 신형 스마트폰 갤럭시노트8을 출시합니다.지난해 갤럭시노트7 발화 사태로 제품 조기 단종이라는 초유의 사태를 겪은 삼성이 후속작을 성공시켜 명예회복을 할 수 있을지 관련 업계가 주목하고 있습니다. 김종성 기자입니다.[기자] 삼성전자는 지난해 8월 갤럭시S7시리즈와 보조를 맞추겠다며 숫자 7을 달아 여섯번째 \'대화면 패블릿\' 갤럭시노트7을 내놨습니다.갤럭시노트7은 홍채인식 등 최첨단 기술을 탑재해 \'역대급 스마트폰\'이란 찬사를 들었지만, 한 달도 지나지 않아 발화 의혹이 일더니 급기야 두 달 만에 단종됐습니다.삼성전자는 갤노트7 발화사태로 7조원 이상의 손실은 물론 브랜드이미지에 치명적인 상처를 입었습니다. ""생명과 같은 품질은 사소한 문제도 타협해서는 안돼…공정개선, 검증강화를 통해 반드시 품질에 대한 자부심을 회복합시다.""그사이 북미와 유럽, 인도 등 대형 시장에서 중국 업체들이 급성장하며 턱밑까지 추격한 상황.후속작인 일곱번째 패블릿 \'갤럭시노트8\'의 성공 여부에 그 어느 때보다 관심이 쏠리는 이유입니다.갤노트8은 화면 대각선 길이가 6.3인치로 갤노트7보다 크기를 키운 대신 발화 원인으로 지목된 배터리용량은 줄였을 것으로 예상됩니다.삼성전자는 앞서 갤노트8의 카메라와 디스플레이, S펜 기능을 강화하겠다고 예고한 바 있습니다. ""노트 고객들이 가장 많이 사용하고 있는 멀티미디어 기능, 그리고 노트만이 차별화할 수 있는 에스 펜 기능 등을 발전시켜서…""현재까지 알려진 갤노트8의 예상 출고가는 130만원대.와신상담 끝에 내놓은 갤노트8의 흥행 여부에 제조사들은 물론 통신료 인하와 신규고객 유치 부진에 어려움을 겪는 통신업계의 관심이 고조되고 있습니다. 연합뉴스TV 김종성입니다.연합뉴스TV : 02-398-4441(기사문의·제보) 카톡/라인 jebo23  ▶ 연합뉴스TV 생방송 시청\xa0\xa0 ▶ 뉴스스탠드 구독 ▶ 대한민국 뉴스의 시작, 연합뉴스TV 앱 다운받기연합뉴스TV 관련뉴스해당 언론사에서 선정하며 언론사 페이지(아웃링크)로 이동해 볼 수 있습니다.\xa0깨끗한나라 ""릴리안 생리대 전 제품 환불""\xa0유럽서 \'살충제 달걀\' 이어 이번엔 \'간염 소시지\' 파문\xa0트럼프 대선 공약 잇단 파기…지지 기반 \'흔들\'\xa0백팩메고 자전거 타고…\'서열 2위\' 네덜란드 공주의 서민 행보\xa0이탈리아 이스키아 섬 지진…어린 삼형제 극적 구조좋아요0훈훈해요0슬퍼요0화나요0후속기사 원해요0기사제공 :']"
9,삼성전자, 2017-08-2317:31,아이뉴스24 ,"미래에셋대우, 텐센트-삼성전자 기초자산 ELS 판매",https://finance.naver.com/news/news_read.nhn?article_id=0000421579&office_id=031&mode=search&query=삼성전자&page=2,"['       미래에셋대우, 텐센트-삼성전자 기초자산 ELS 판매      기사입력2017-08-23 17:31기사원문좋아요훈훈해요좋아요 평가하기공감좋아요0훈훈해요0슬퍼요0화나요0후속기사 원해요0댓글[아이뉴스24 김나리기자] 미래에셋대우는 지난 22일부터 텐센트와 삼성전자 주식을 기초자산으로 하는 주가연계증권(ELS)을 판매하고 있다고 23일 발표했다.이번에 판매하는 \'제21508회 텐센트(Tencent)-삼성전자 원금 90% 부분지급 조기상환형 해외주식 ELS\'는 만기 1년 상품으로 조기상환평가일(3, 6, 9개월)에 모든 기초자산이 최초기준가격의 102% 이상이면 연 15%의 수익을 제공한다.조기상환조건을 충족시키지 못한 경우 만기평가일(12개월)에 두 기초자산(텐센트, 삼성전자)의 만기평가가격이 모두 최초기준가격보다 상승했다면, 기초자산 상승률이 낮은 종목의 상승률만큼을 수익으로 지급한다.만기평가일에 두 기초자산 중 어느 하나라도 만기 평가가격이 최초 기준가격보다 떨어졌다면 최대 10%까지 원금 손실이 있을 수 있다.이번 상품은 홍콩증권거래소에 상장된 해외주식을 기초자산으로 하지만 원화로 청약하고 원화로 만기상환을 받기 때문에 해외 통화 환전이 필요 없다. 또한, 별도의 환헤지가 필요 없고 환율에 의한 수익 변동도 없다.미래에셋대우 관계자는 ""글로벌 투자로 자산을 배분하면서 혹시 모를 하락 위험도 관리할 필요가 있다""며 ""원금 90% 부분지급 조기상환형 해외주식 ELS는 위험관리가 가능하면서 4차 산업혁명으로 대표되는 글로벌 우량주식에 투자해 수익을 추구할 수 있는 투자솔루션""이라고 전했다.이번 상품은 오는 25일 오후 1시30분까지 최소 100만원부터 100만원 단위로 청약 가능하다.상품에 대한 자세한 사항은 미래에셋대우 전국 영업점과 고객센터로 문의하면 된다./김나리기자 lily@inews24.com▶프리미엄 뉴스서비스 아이뉴스24▶연예스포츠 조이뉴스24, 생생한 라이브캐스트[ⓒ 아이뉴스24 무단전재 및 재배포 금지]아이뉴스24 관련뉴스해당 언론사에서 선정하며 언론사 페이지(아웃링크)로 이동해 볼 수 있습니다.이동우 대표, 3년 전 \'힘희롱\' 논란…롯데 ""사실 확인 중""카셰어링 뛰어든 현대·기아차, 반응은 \'글쎄\'애플 아이폰8 \'3D센싱\', 퀄컴 차기 AP로 \'맞불\'[르포]쿠팡 자축파티 속 물류센터는 \'잔업잔혹사\'김장겸 MBC 사장, 퇴진 거부 ""낭만적 파업 중단하라""좋아요0훈훈해요0슬퍼요0화나요0후속기사 원해요0기사제공 :']"
10,삼성전자, 2017-08-2317:31,아이뉴스24 ,"키움證, 삼성전자·페이스북 ELS 판매",https://finance.naver.com/news/news_read.nhn?article_id=0000421580&office_id=031&mode=search&query=삼성전자&page=2,"['       키움證, 삼성전자·페이스북 ELS 판매      기사입력2017-08-23 17:31기사원문좋아요훈훈해요좋아요 평가하기공감좋아요0훈훈해요0슬퍼요0화나요0후속기사 원해요0댓글[아이뉴스24 김나리기자] 키움증권(대표 권용원)은 세전 연11.4%의 수익을 추구하는 삼성전자·페이스북 ELS(주가연계증권)를 출시한다고 23일 발표했다.이번에 출시되는 \'제92회 글로벌 100조 클럽 ELS\'의 기초자산은 삼성전자와 페이스북 두 종목이다. 추구수익률은 세전 연 11.4%이며 만기는 3년이다. 발행 후 6개월마다 조기상환기회가 주어지며 조기상환 평가일에 두 기초자산이 모두 최초 기준가격의 90%(6개월, 12개월, 18개월), 85%(24개월, 30개월, 36개월) 이상인 경우 최고 34.2%(연 수익률 11.4%, 세전) 수익으로 상환된다. 투자기간 동안 기초자산 중 하나가 최초기준가격의 60% 미만으로 떨어진 적이 있다면 원금손실이 발생할 수 있다.청약 마감은 오는 25일 오후 1시이며 자세한 내용은 키움증권 홈페이지나 키움금융센터로 문의하면 된다./김나리기자 lily@inews24.com▶프리미엄 뉴스서비스 아이뉴스24▶연예스포츠 조이뉴스24, 생생한 라이브캐스트[ⓒ 아이뉴스24 무단전재 및 재배포 금지]아이뉴스24 관련뉴스해당 언론사에서 선정하며 언론사 페이지(아웃링크)로 이동해 볼 수 있습니다.이동우 대표, 3년 전 \'힘희롱\' 논란…롯데 ""사실 확인 중""카셰어링 뛰어든 현대·기아차, 반응은 \'글쎄\'애플 아이폰8 \'3D센싱\', 퀄컴 차기 AP로 \'맞불\'[르포]쿠팡 자축파티 속 물류센터는 \'잔업잔혹사\'김장겸 MBC 사장, 퇴진 거부 ""낭만적 파업 중단하라""좋아요0훈훈해요0슬퍼요0화나요0후속기사 원해요0기사제공 :']"
11,삼성전자, 2017-08-2317:27,파이낸셜뉴스 ,'TWICE 어워드' 삼성·LG '올 최고 제품' 석권,https://finance.naver.com/news/news_read.nhn?article_id=0003862838&office_id=014&mode=search&query=삼성전자&page=2,"[""        'TWICE 어워드'  삼성·LG '올 최고 제품' 석권      기사입력2017-08-23 17:27기사원문좋아요훈훈해요좋아요 평가하기공감좋아요0훈훈해요0슬퍼요0화나요0후속기사 원해요0댓글美 유통·소매업자 'TWICE 어워드' 투표 선정삼성 10개·LG 7개 상 받아               삼성전자와 LG전자가 21일 미국 소비자잡지 TWICE에서 선정한 '올해의 최고 제품(TWICE VIP Awards)에서 각각 10개, 7개의 상을 석권했다.      삼성전자와 LG전자가 미국 유통.소매업자들에게 높은 제품력으로 인정받았다.    23일 업계에 따르면, 삼성전자와 LG전자는 21일 미국 소비자잡지 TWICE에서 선정한 '올해의 최고 제품(TWICE VIP Awards)에서 각각 10개, 7개의 상을 석권했다.    이 상은 미국 현지의 유통업자와 소매업자들이 각각 50대 50의 비율로 투표해 선정됐다.    삼성전자는 앱&소프트웨어 부문, 스마트폰, 태블릿, 가상현실(VR), 카메라 액세서리, 액션 캠, 홈 자동화 허브, 스마트기기, TV(40~57형), 스마트워치 부문에서 최고 상품을 차지했다.    LG전자는 게이밍 모니터, 사운드바, 방범 카메라, 전자레인지, 냉장고, 홈케어 기기, TV(58형 이상)에서 최고 상품으로 선정됐다.    특히 삼성전자와 LG전자는 TV 부문에서 나란히 최고 제품으로 선정돼 눈길을 끌었다. 삼성전자의 '더 프레임 TV'는 40~57형에서, LG전자의 'LG 시그니처 올레드 TV'는 58형 이상 크기 부문에서 제품력을 인정받았다.         권승현 기자       ▶ 세상의 모든 골 때리는 이야기 'fn파스'▶ 속보이는 연예뉴스 fn스타  ※ 저작권자 ⓒ  파이낸셜뉴스. 무단 전재-재배포 금지파이낸셜뉴스 관련뉴스해당 언론사에서 선정하며 언론사 페이지(아웃링크)로 이동해 볼 수 있습니다.세계서 가장 예쁜 기상캐스터, 몸매 때문에 시청률이..불륜녀로 찍힌 걸그룹 출신 여성의 최후별장에서 벌거벗은 男 웃는 사진, 꽃뱀의 최후대왕 여드름인 줄 알고 짰다가 1시간만에.. 뜻밖의 사태배고플 때 호두를 먹으면 생기는 놀라운 변화좋아요0훈훈해요0슬퍼요0화나요0후속기사 원해요0기사제공 :""]"
12,삼성전자, 2017-08-2317:22,이데일리 ,이재용 재판 생중계 불허에 '안도하는' 삼성,https://finance.naver.com/news/news_read.nhn?article_id=0003905042&office_id=018&mode=search&query=삼성전자&page=2,"['       이재용 재판 생중계 불허에 \'안도하는\' 삼성      기사입력2017-08-23 17:22기사원문좋아요훈훈해요좋아요 평가하기공감좋아요0훈훈해요0슬퍼요0화나요0후속기사 원해요0댓글- 재계 ""피고인 의견 경청해준 법원 결정 존중""[이데일리 윤종성 기자] 삼성은 이재용 삼성전자(005930) 부회장의 1심 선고 생중계를 불허한 법원 결정에 안도의 한숨을 내쉬었다. 삼성 안팎에서는 삼성그룹 총수인 이 부회장이 법정 앞에 선 모습이 영상으로 비쳐진다면 ‘삼성’이라는 브랜드 이미지에 적지 않은 타격을 받게 될 것으로 우려했다. 특히 외신 등으로 영상이 확산될 경우 해외 거래선들에게 자칫 범죄기업, 부패집단처럼 인식될 수 있다는 우려가 컸다. 앞서 이 부회장 등 피고인들이 ‘생중계에 동의하지 않는다’는 내용의 의견서를 재판부에 제출한 것도 이런 이유에서다. 재계 관계자는 “TV 생중계는 활자로 뉴스를 접하는 것과는 느낌이 완전히 다르다”면서 “이 부회장의 1심 재판이 생중계로 전파를 탔다면 국민들의 반기업 정서 확산은 물론, 브랜드 이미지 훼손 등 유·무형의 피해가 컸을 것”이라고 말했다. 그는 또 “피고인 의견을 경청해준 법원 결정을 존중한다”고 덧붙였다. ▲이재용 삼성전자 부회장이  7일 오후 서울 서초동 서울중앙지법에서 열린 결심공판을 마친 뒤, 호송차로 이동하고 있다. 박영수 특별검사는 이날 이 부회장에게 징역 12년을 구형했다[사진= 이데일리 방인권 기자]윤종성 (jsyoon@edaily.co.kr)▶심쿵유발 스타 화보 [핫포토]▶[페이스북] 보러가기~♥ | [카카오톡] 플친 맺기~♥＜ⓒ종합 경제정보 미디어 이데일리 - 무단전재 & 재배포 금지＞이데일리 관련뉴스해당 언론사에서 선정하며 언론사 페이지(아웃링크)로 이동해 볼 수 있습니다.한명숙 새로운 세상 드디어 만나..당당하게 살아갈 것(종합)北김정은, 美공격시 부인 리설주 등 3명과 中으로 탈출..딸은 제외가게 팔아도 빚 못갚는 자영업자 12만 \'시한폭탄\'현대차 ""미국시장 겨냥 픽업트럭 출시""세끼 다먹으며 살 뺀다…요요걱정 없는 \'종이컵 다이어트\' 화제좋아요0훈훈해요0슬퍼요0화나요0후속기사 원해요0기사제공 :']"
13,삼성전자, 2017-08-2317:22,MBC ,"코스피, 장 막판 상승…2366.40으로 보합 마감",https://finance.naver.com/news/news_read.nhn?article_id=0000785482&office_id=214&mode=search&query=삼성전자&page=2,"[""       코스피, 장 막판 상승…2366.40으로 보합 마감      기사입력2017-08-23 17:22기사원문좋아요훈훈해요좋아요 평가하기공감좋아요0훈훈해요0슬퍼요0화나요0후속기사 원해요0댓글 [이브닝뉴스]오늘(23일) 코스피는 기관의 대규모 매도 공세에도 불구하고 장 막판 상승 전환에 성공하며 강보합으로 장을 마쳤습니다.오늘 코스피는 어제보다 1.07 포인트 상승한 2366.4포인트를, 코스닥 지수는 0.55 포인트 하락한 643.71포인트를 기록했습니다.미국 증시 호조에 상승 출발한 코스피는 2,370선을 웃돌았지만 기관의 차익실현 매도 물량에 상승폭을 대부분 반납했습니다.종목별로는 LG 전자가 미국 미시간주에 전기차 부품 공장을 설립한다는 소식에 오름세를 보였고 삼성전자와 롯데쇼핑 등도 상승하며 장을 마쳤습니다.오늘 원/달러 환율은 2원 내린 1131.8원에 마감했습니다.신유리/삼성증권기자 [저작권자(c) MBC (www.imnews.com) 무단복제-재배포 금지]Copyright(c) Since 1996, MBC&iMBC All rights reserved.MBC 관련뉴스해당 언론사에서 선정하며 언론사 페이지(아웃링크)로 이동해 볼 수 있습니다.문 대통령, '5·18운동 헬기사격' 등 특별조사 지시美, '북핵 지원' 중·러 기관·개인 제재…中 강력 반발부작용 논란 생리대 '릴리안' 전 제품 환불법원 '이재용 부회장 1심, TV 생중계 안 한다'한명숙 前 총리 만기 출소…'가혹한 2년, 새 세상 감사'좋아요0훈훈해요0슬퍼요0화나요0후속기사 원해요0기사제공 :""]"
14,삼성전자, 2017-08-2317:20,이데일리 ,삼성 `갤럭시노트8` 개봉박두…노트7과 다른 점은?,https://finance.naver.com/news/news_read.nhn?article_id=0003905039&office_id=018&mode=search&query=삼성전자&page=2,"['       삼성 `갤럭시노트8` 개봉박두…노트7과 다른 점은?      기사입력2017-08-23 17:20기사원문좋아요훈훈해요좋아요 평가하기공감좋아요0훈훈해요0슬퍼요0화나요0후속기사 원해요0댓글- 듀얼카메라 장착 ·  S펜 기능 강화23일 미국 뉴욕 파크 애비뉴 아모리에서 열리는 ‘갤럭시노트8 언팩’ 행사에서 65인치 대형 라이프스타일 TV ‘더 프레임’을 통한 전시가 이뤄질 예정이다.[이데일리 김대웅 기자] 삼성전자(005930)의 신제품 스마트폰 `갤럭시노트8`이 24일 자정에 베일을 벗는다. 삼성전자는 미국 뉴욕 맨해튼 파크 애비뉴 아모리에서 언팩 행사를 열고 갤럭시노트8을 최초로 선보인다. 현지시간으로는 23일 오전 11시다. 국내에서는 생중계로 언팩 행사를 지켜볼 수 있다.삼성전자의 하반기 전략 프리미엄폰인 갤럭시노트8은 `듀얼카메라`를 장착하고 갤럭시노트 시리즈의 상징인 `S펜` 기능이 강화된 것이 가장 큰 특징이다.갤럭시노트8은 삼성폰 최초로 듀얼카메라가 탑재된다. 카메라는 광학 2배줌, 1300만화소 광각렌즈와 1300만화소 망원렌즈로 구성된다. 조리개값은 F/1.7로 전작 F/1.8에서 개선됐다. 갤럭시노트 시리즈의 상징인 `S펜`은 필기 기능과 펜을 활용한 멀티미디어 지원 기능이 향상될 전망이다.삼성이 `엣지` 디스플레이로 선도해 온 `베젤리스(앞면 테두리를 최소화한)` 디자인이 갤럭시노트8에서 어느 정도로 구현될 지도 관심사다. 삼성은 지난 4월 갤럭시S8에 18.9:5 디스플레이를 채택, 현존 스마트폰 중 베젤을 가장 최소화한 디자인을 선보였다. 스마트폰 크기는 줄이면서 디스플레이 사이즈는 더 키운 것이다. 원조 대화면 스마트폰인 갤럭시노트 시리즈도 제품 크기를 줄이면서 화면을 키우는 것이 관건이다.갤럭시S8에서 스마트폰 전체 면적 대비 화면이 차지하는 비율은 83.6%였다. 실제 갤럭시노트8은 6.3인치 대화면 스마트폰이기 때문에 S8의 비율보다는 다소 적을 것으로 예상된다. 그러나 노트8은 전작 노트7의 78%보다는 훨씬 높은 비율을 나타낼 것으로 추정된다.삼성전자는 전작 `갤럭시노트7`의 발화 사고로 인해 잃어버린 자존심을 회복해야 하는 숙제를 안고 있다. 업계 관계자는 “아이폰8이 10주년 기념 모델로 나오는 만큼 갤럭시노트8의 판매량이 우세할 것이라고 장담하기 어렵지만, 삼성폰 최초로 듀얼카메라가 탑재되고 S펜 마니아인 ‘노트 충성파’들이 상당수인 만큼 판매 호조를 기대해볼 만하다”고 말했다.삼성전자는 갤럭시노트8 공개 당일부터 미국에서 사전판매에 돌입한다. 미국 및 한국 시장의 정식 출시는 다음달 15일이 될 전망이다.김대웅 (daxiong@edaily.co.kr)▶심쿵유발 스타 화보 [핫포토]▶[페이스북] 보러가기~♥ | [카카오톡] 플친 맺기~♥＜ⓒ종합 경제정보 미디어 이데일리 - 무단전재 & 재배포 금지＞이데일리 관련뉴스해당 언론사에서 선정하며 언론사 페이지(아웃링크)로 이동해 볼 수 있습니다.한명숙 새로운 세상 드디어 만나..당당하게 살아갈 것(종합)北김정은, 美공격시 부인 리설주 등 3명과 中으로 탈출..딸은 제외가게 팔아도 빚 못갚는 자영업자 12만 \'시한폭탄\'현대차 ""미국시장 겨냥 픽업트럭 출시""세끼 다먹으며 살 뺀다…요요걱정 없는 \'종이컵 다이어트\' 화제좋아요0훈훈해요0슬퍼요0화나요0후속기사 원해요0기사제공 :']"
15,삼성전자, 2017-08-2317:13,머니투데이 ,메리츠운용의 여전한 화장품株 사랑…시장은 '아직',https://finance.naver.com/news/news_read.nhn?article_id=0003923813&office_id=008&mode=search&query=삼성전자&page=2,"['       메리츠운용의 여전한 화장품株 사랑…시장은 \'아직\'      기사입력2017-08-23 17:13기사원문좋아요훈훈해요좋아요 평가하기공감좋아요0훈훈해요0슬퍼요0화나요0후속기사 원해요0댓글 [머니투데이 한은정 기자] [""중국 사드이슈 해소되기 전까지 화장품주 판단어려워""]""아시아를 넘어 유럽과 북미 등 선진국 시장까지 케이뷰티(K-beuaty) 열풍을 이어나가는 경쟁력 있는 회사에 대해 추가매수의 기회로 삼고 있다.""메리츠코리아 펀드를 운용하는 김홍석 메리츠자산운용 상무는 최근 운용보고서를 통해 ""지정학적 요인으로 인한 국가간 갈등으로 인한 경제적 제재는 시장 경제 체제하에서 오래 지속될 수 없다""며 여전히 화장품주에 대한 투자를 지속하겠다는 뜻을 밝혔다.화장품주는 국내 증시 성장주 장세를 이끈 주도주로 2015년 상반기까지만 해도 포트폴리오에 담지 않은 펀드매니저가 없을 정도였지만 사드 이슈로 최근 2년간은 꾸준히 매도세가 이어졌다.  메리츠자산운용은 올들어 삼성전자 우선주를 뒤늦게 편입하는 등 IT(정보기술)주에 대한 전략을 수정하기도 했지만 화장품주에 대해서는 의견을 유지하고 있다.최근 증시에선 화장품주에 대해 펀드매니저들의 저가매수세가 유입되는 모습도 포착되고 있다. 23일 한국거래소에 따르면 LG생활건강은 지난달 중순인 17일부터 자금이 본격적으로 들어오기 시작해 이날까지 206억원 규모의 순매수를 기록했다. 이밖에 아모레퍼시픽에 최근 한 달간 68억원의 자금이 들어왔고 코스맥스(54억원), 제이준코스메틱(35억원) 등에도 자금유입이 계속되고 있다. 메리츠코리아 펀드는 연초에 이미 화장품주의 편입비중 늘렸다. 이 펀드는 아모레G(4.62%)를 비롯해 LG생활건강, 코스맥스, 한국콜마 등을 각각 2% 내외로 담고 있다. 아모레G는 올해 2월 편입 비중을 2%대에서 4%대로 늘려 현재까지 유지하고 있다.다만 이번 운용보고서에서는 ""중국을 넘어 글로벌 시장에서 경쟁력을 가지는지, 지속적으로 해외 고객사에 사업영역을 확장하고 있는 화장품 회사에 선별적으로 투자를 유지한다""는 단서를 달았다.하지만 여전히 펀드매니저들 사이에선 화장품주의 펀더멘털 회복은 \'중국이슈\'가 관건으로 시간이 필요할 것이란 의견이 좀 더 우세하다. 최근 투신권의 화장품주 매수와 관련, 한 자산운용사 최고투자책임자(CIO)는 ""최근 많이 오른 IT(정보기술)주를 줄이고 포트폴리오를 다변화하는 과정의 일부였을 것""이라며 ""화장품주에 있어 가장 중요한 돌파구인 사드 이슈가 진정되지 않는다면 의미있는 반등이 어려울 것""이라고 설명했다.또 다른 CIO는 ""지난해 3분기 아모레퍼시픽의 경우 치약환불 이슈로 최악의 실적을 기록해 올해 3분기엔 기저효과로 전년대비 실적이 개선되긴 할 것""이라며 ""하지만 주가순자산비율(PBR)이 5배로 시장과 비교하면 싸다고 하기도 어려운 수준""이라고 말했다.2년전 아모레퍼시픽을 매수했던 글로벌 펀드매니저 역시 당분간은 매수할 계획이 없다고 밝혔다. 이 펀드매니저는 ""화장품 회사들의 중국 매출 비중이 30~40%라면 다른 해외 매출비중은 5~10% 수준으로 여전히 낮은 수준이라 중국 매출을 만회하기엔 역부족""이라며 ""정치이슈가 없는 해외 소비재를 두고 국내 화장품주를 매수할 이유가 없다""고 선을 그었다.TOM칼럼-깊이있는 투자정보▶무료 만화 즐기고~ 선물타자!▶ 빵빵한 차&레이싱걸▶ 한은정 기자 rosehans@mt.co.kr머니투데이 관련뉴스해당 언론사에서 선정하며 언론사 페이지(아웃링크)로 이동해 볼 수 있습니다.[포토is] ""깜짝이야!""… 여기는 지하철 대테러 훈련 현장\'292억 사기혐의\' 이희진 과거 언행…""집 건축비만 130억""수족구 걸린 아이 보내도, 어린이집 \'속수무책\'깨끗한나라, \'안전성 논란\' 릴리안 생리대 환불 결정""사람들이 \'과학탐험대장\'이라 불러 줄 때 뿌듯""좋아요0훈훈해요0슬퍼요0화나요0후속기사 원해요0기사제공 :']"
16,삼성전자, 2017-08-2317:11,서울신문 ,갤럭시노트8 내일 공개…‘발화 논란’ 전작과 어떻게 다른가?,https://finance.naver.com/news/news_read.nhn?article_id=0002847610&office_id=081&mode=search&query=삼성전자&page=2,"['       갤럭시노트8 내일 공개…‘발화 논란’ 전작과 어떻게 다른가?      기사입력2017-08-23 17:11기사원문좋아요훈훈해요좋아요 평가하기공감좋아요0훈훈해요0슬퍼요0화나요0후속기사 원해요0댓글 [서울신문]삼성전자의 하반기 전략 스마트폰 갤럭시노트8이 드디어 공개된다.갤럭시S8 112개로 구성된 회전형 스크린 ’S8 스피어’ - 갤럭시노트8의 발표를 하루 앞둔 지난 22일(현지시간) 미국 뉴욕 맨해튼 미트패킹 지구 ’삼성 837’ 마케팅 센터에 삼성전자의 상반기 전략 스마트폰 갤럭시S8 112대로 구성된 회전형 스크린 ’S8 스피어’가 전시되어 있다. 연합뉴스특히 전작인 배터리 발화 사건으로 리콜됐던 갤럭시노트7의 노트 시리즈 후속작이라 세계적으로도 큰 주목을 받고 있다.삼성전자는 23일 오전 11시(현지시간) 미국 뉴욕 맨해튼 파크 애비뉴 아모리에서 언팩 행사를 열고 갤럭시노트8을 최초로 선보인다.한국시간으로는 24일 오전 0시로, 국내에서는 생중계로 언팩 행사를 지켜볼 수 있다.이날 행사에는 전세계 기자들과 업계 관계자 1500여명이 방문한다.참가자들은 먼저 보안 검색을 거친 다음 미리 다운로드 한 QR코드를 확인한 다음 행사장에 입장해 발표를 듣게 된다.고동진 무선사업부장(사장)이 제품에 대한 기본적인 설명을 마치면 부문별 임원들이 부문별 사양을 설명하고 참가자들이 이어 실제 제품을 체험해 보는 순서로 진행된다. 행사는 오전 11시부터 약 1시간 30분 소요된다.삼성전자는 매번 언팩 때마다 깜짝 이벤트를 기획했던 만큼 이번 행사에는 어떤 이벤트가 준비됐을 지도 관심거리다.지난해 갤럭시노트7 언팩 행사 참가자들은 가상현실(VR)과 증강현실(AR)이 뒤섞인 혼합현실을 체험한 것을 행사의 백미로 꼽았다.갤럭시노트8은 갤럭시노트 시리즈의 7번째 제품이다.최근 시장조사업체 스트래티지 애널리틱스(SA) 자료에 따르면 2분기 삼성전자의 스마트폰 영업이익은 32억 5000만달러(한화 약 3조6천700억원)로, 전 세계 영업이익의 31.7%를 차지했다.15억 7700만달러(13.0%)를 기록한 지난 1분기보다는 2배 가량 올랐지만 전년 동기(34억2300만달러·한화 약 3조 8670억원)와 대비해서는 다소 줄었다. 갤럭시노트7 배터리 사태로 직격탄을 맞은 작년 3분기 영업이익은 700만달러(한화 약 80억원)였다.업계 관계자는 “갤럭시S8의 판매 호조에도 불구하고 영업이익이 전년 대비 줄었다는 것은 갤럭시S8의 효과가 덜했다는 것”이라며 “삼성이 이번 갤럭시노트8에 거는 기대가 그만큼 클 것”이라고 말했다.갤럭시노트8은 6.3인치 크기(대각선 길이) 2960×1440 화소 슈퍼 아몰레드(AMOLED) 디스플레이가 장착될 것으로 보인다.삼성 플래그십 스마트폰 최초로 듀얼 카메라를 선보인다.후면 듀얼 카메라는 1300만 화소 광각렌즈와 1200만 화소 망원렌즈로 구성되며 손 떨림 방지(OIS) 기능이 적용되고 광학 2배 줌이 지원된다. 출시일은 9월 15일이다.온라인뉴스부 iseoul@seoul.co.kr▶  재미있는 세상[나우뉴스] ▶ [인기 무료만화] [페이스북]ⓒ 서울신문(www.seoul.co.kr), 무단전재 및 재배포금지서울신문 관련뉴스해당 언론사에서 선정하며 언론사 페이지(아웃링크)로 이동해 볼 수 있습니다.""빅뱅 탑이 여자연습생에 먼저 대마초 권유""""가혹했던 2년.."" 한명숙 만기출소 소감 (영상)양승은 아나운서 ""신의 계시"" MBC 파업 불참5·18 당시 공군 조종사 ""훈련기에 폭탄 장착""새벽 2시까지 일했는데…""수당 못 주니 신고하든지""좋아요0훈훈해요0슬퍼요0화나요0후속기사 원해요0기사제공 :']"
17,삼성전자, 2017-08-2317:10,머니투데이 ,주가하락 주범 '공매도' 오해와 진실은,https://finance.naver.com/news/news_read.nhn?article_id=0003923810&office_id=008&mode=search&query=삼성전자&page=2,"['       주가하락 주범 \'공매도\' 오해와 진실은      기사입력2017-08-23 17:10기사원문좋아요훈훈해요좋아요 평가하기공감좋아요0훈훈해요0슬퍼요0화나요0후속기사 원해요0댓글 [머니투데이 반준환 기자] [주가는 결국 기업가치 반영, 그러나 공매도로 인한 단기 급락은 문제 심각]금융당국과 한국거래소가 공매도 규제를 강화하기로 의견을 모은 것은 주가하락으로 인해 기업과 소액주주의 피해가 만만치 않다는 판단에 따른 것이다. 공매도는 기업가치와 무관하게 수급을 악화시켜 단기적으로 주가를 끌어내리는 게 사실이다. ◇셀트리온·하나투어·호텔신라…공매도 피해에 눈물 흘린 기업들= 공매도로 인해 주가가 급락한 사례는 쉽게 찾을 수 있다. 코스닥 대장주 셀트리온이 그랬고 하나투어, 호텔신라도 비슷한 사례다. 셀트리온은 2012년 11월 한때 하루 주식거래의 50% 이상이 공매도였고 주가가 급락한 2013년 4월에도 공매도 공격을 받았다. 2013년 4월 1일 주가는 5만3100원에서 4월22일 2만6650원으로 20여일 만에 반토막이 났다. 하나투어도 2015년 11~12월 하루 평균 10%가 공매도 거래였고 이로 인해 주가가 약세를 보였다. 호텔신라 역시 비슷한 사례로 꼽힌다. 미래에셋대우 분석에 따르면 주간 단위로 공매도 비율(공매도 거래량/상장주식수)이 높았던 그룹과 낮았던 그룹의 주가 수익률은 연평균 각각 -4.8%, 3.4%를 기록했다. 그만큼 주가 차별화가 컸다. 유명간 미래에셋대우 연구원은 ""시장 평균과 비교해 공매도 비율이 높은 기업의 주가가 상승할 확률은 40% 가량 부진했다""며 ""약세장에서는 시장평균 보다 하락하는 사례가 70% 정도""라고 말했다. 이 같은 사례는 시장이 좋았던 올해도 있었다. 연초 코스맥스비티아이와 환인제약의 경우 공매도가 급증해 주가 급락이 나타났다. ◇중장기 주가는 결국 기업가치에 달려있어= 이처럼 공매도의 부정적인 측면이 큰 것은 사실이지만 중장기 관점에서 볼 때 주가는 결국 기업가치를 반영해 정상화되는 것이 일반적이다. 피해주의 대표사례로 꼽히는 셀트리온 주가는 2013년 4월 2만원대 후반에서 현재 11만원대로 5배 넘게 올랐다. 공매도를 이겨낸 기업들의 사례도 주목할 만 하다. 2015년부터 현재까지 셀트리온의 거래량 가운데 공매도가 차지한 비중은 평균 5.92% 수준이다. 이 기간 삼성전자의 공매도 비중은 6.25%로 집계됐다. 삼성전자가 셀트리온보다 공매도에 더욱 시달린 셈이지만, 장기적으로 주가에 영향을 미치는 것은 기업가치였다는 얘기다. 오뚜기는 올 들어 공매도 세력이 기승을 부린 종목이다. 1월 거래량에서 공매도가 차지한 비중은 17%에 육박했고 상반기 평균은 12%가 넘었다. 그럼에도 실적개선 기대감이 반영되며 주가는 연말 66만2000원에서 현재 75만5000원(23일 종가)까지 올랐다. 증권가에서 공매도 거래를 통해 얻을 수 있는 수익률이 예상보다 크지 않다는 지적이 나오는 이유다. 여기에 한번 나온 공매도는 언젠가 상환(숏 커버링)돼야 한다는 점도 주목할 대목이다. ‘공매도 출회→숏 커버링→상환→대차잔고 감소’의 과정을 거쳐야 하기 때문에 공매도 종목은 일정 기간이 지나면 매수세 유입으로 연결된다.한국투자증권이 2014년부터 지난해 9월까지 코스피100 종목에 편입된 종목을 대상으로 한 시뮬레이션 결과 누적 수익률은 △롱 전략(주식매수) 73% △숏 전략(공매도 전략) 6.5% 손실로 나타났다.◇공매도 전략만 펼칠 경우 투자손실 발생해= 이 같은 사례를 종합하면 공매도도 기업가치를 이겨낼 수는 없다는 결론이 나온다. 그럼에도 불구하고 공매도 규제론에 무게가 실리는 것은 공매도가 수급 불균형을 야기시켜 단기적으로 주가에 치명적인 영향을 미치기 때문이다. \'주가하락→매물출회→손절매\'로 이어지는 악순환 고리가 한번 만들어지면 대응하기가 쉽지 않다. 특히 신용거래가 많은 개인 투자자 입장에선 손절매가 한번 나오기 시작하면 반대매매와 깡통계좌 발생으로 연결되는 경우가 허다하다. 주가 상승과 하락의 \'배수법칙\'이라는 사각지대도 있다. 주가가 50% 하락하면 원금대비 반토막이 나지만, 이 상태에서 원금을 회복하려면 100%가 올라야 한다. 하락은 쉽고 상승은 어렵다는 것이다. 공매도의 경우 한미약품 사태처럼 악재와 관련한 내부정보를 가지고 이뤄지는 경우가 많아 문제라는 지적도 나온다. 이 때문에 국내외 증시에서도 위기 상황에선 공매도를 제한하는 조치를 내리기도 한다. 2008년 글로벌 금융위기 사태 이후 국내에서도 한시적으로 공매도를 전면 금지한 바 있다. 하지만 2009년 6월부터 비금융주에 대해 공매도를 재허용한 이후 2013년 11월에는 금융주에 대해서도 공매도를 다시 허용했다.TOM칼럼-깊이있는 투자정보▶무료 만화 즐기고~ 선물타자!▶ 빵빵한 차&레이싱걸▶ 반준환 기자 abcd@머니투데이 관련뉴스해당 언론사에서 선정하며 언론사 페이지(아웃링크)로 이동해 볼 수 있습니다.[포토is] ""깜짝이야!""… 여기는 지하철 대테러 훈련 현장\'292억 사기혐의\' 이희진 과거 언행…""집 건축비만 130억""수족구 걸린 아이 보내도, 어린이집 \'속수무책\'깨끗한나라, \'안전성 논란\' 릴리안 생리대 환불 결정""사람들이 \'과학탐험대장\'이라 불러 줄 때 뿌듯""좋아요0훈훈해요0슬퍼요0화나요0후속기사 원해요0기사제공 :']"
18,삼성전자, 2017-08-2317:02,SBS ,"2분기 중국서 스마트폰 판매량 11.1%↓…""업체별 빈익빈 부익부""",https://finance.naver.com/news/news_read.nhn?article_id=0000561506&office_id=055&mode=search&query=삼성전자&page=2,"['       2분기 중국서 스마트폰 판매량 11.1%↓…""업체별 빈익빈 부익부""      기사입력2017-08-23 17:02기사원문좋아요훈훈해요좋아요 평가하기공감좋아요0훈훈해요0슬퍼요0화나요0후속기사 원해요0댓글 올해 2분기 주요 스마트폰 시장 가운데 중국 시장의 침체가 두드러진 것으로 조사됐습니다.IT 시장조사업체 가트너에 따르면 2분기 중국 내 스마트폰 판매량은 1억 152만대로 지난해 같은 기간보다 11.1% 감소한 것으로 조사됐습니다.조사 대상 지역 6곳 가운데 판매량이 감소한 곳은 중국과 남미뿐이었습니다.중국 내 스마트폰 교체 주기가 길어지고, 프리미엄 스마트폰에 대한 선호도가 높아지면서 판매량이 하락한 것으로 분석됐습니다.반면 아시아태평양 시장은 인도와 인도네시아 등 동남아 국가의 스마트폰 보급 확대로 판매량이 1년 전보다 31.7% 급증했습니다.업체별로는 삼성전자는 8천254만대를 판매해 22.5%의 점유율로 1위를 지켰고 애플은 점유율 12.1% 를 기록하며 2위를 차지했습니다.\xa0한승환 기자(hsh15@sbs.co.kr)☞ [내부고발자 돕기] >나도펀딩 >해피빈☞ [마부작침] 단독 공개! 친일파 이완용 재산 최초 확인※ ⓒ SBS & SBS콘텐츠허브 : 무단복제 및 재배포 금지SBS 관련뉴스해당 언론사에서 선정하며 언론사 페이지(아웃링크)로 이동해 볼 수 있습니다.""인육 먹기 질려"" 자수한 청년…""주민 300명도 먹었다""13살에 대학교 합격한 \'영재 소년\'…놀라운 근황 화제\'국악소녀\' 송소희, \'성폭행 혐의 매니저\' 거부했다가 3억 배상[영상] ""오마갓, 미친 비트박스야!""…10대 한국인에 해외 열광눈물 흘리는 할머니 모습을…\'위안부 이모티콘\'에 분노좋아요0훈훈해요0슬퍼요0화나요0후속기사 원해요0기사제공 :']"
19,삼성전자, 2017-08-2317:02,머니투데이 ,강진구 전 삼성전자 회장 영결식…수원사업장서 후배들 마지막 배웅,https://finance.naver.com/news/news_read.nhn?article_id=0003923804&office_id=008&mode=search&query=삼성전자&page=2,"['       강진구 전 삼성전자 회장 영결식…수원사업장서 후배들 마지막 배웅      기사입력2017-08-23 17:02기사원문좋아요훈훈해요좋아요 평가하기공감좋아요0훈훈해요0슬퍼요0화나요0후속기사 원해요0댓글 [머니투데이 이정혁 기자] [권오현 부회장 등 삼성 주요 경영진 영결식 참석…사내 게시판에도 고인 추모 글]23일 오전 고(故) 강진구 회장을 태운 운구차량이 삼성전자 수원사업장에 들른 가운데 임직원들이 모여 고인을 추모하고 있다/사진제공=삼성전자한국 전자업계의 산증인이자 \'반도체 코리아\'의 초석을 다진 것으로 평가받는 강진구 전 삼성전자·삼성전기 회장이 23일 영면했다.지난 19일 별세한 강 전 회장의 영결식은 이날 오전 서울 강남구 삼성서울병원에서 유족과 권오현 삼성전자 부회장 등이 참석한 가운데 엄숙하게 진행됐다.김광호 전 삼성전자 회장은 추모사를 통해 ""고인의 삶은 어떤 역경 속에서도 전자산업 육성에 대한 열정과 헌신을 위한 삶이였다""며 ""두 세 걸음 앞서 내다볼 수 있었던 고인의 경영감각과 추진력은 경영인들에게 귀감""이라고 회고했다.영결식 이후 운구 차량은 고인이 1973년부터 대표이사로 재직하며 현재 삼성전자의 기틀을 마련한 수원사업장으로 이동했다. 경영진과 임직원 등 1000여 명은 1.5㎞ 구간의 운구차량 이동 동선에 따라 일일이 목례하며 고인의 넋을 기렸다.삼성전자 사내 게시판에도 고인의 업적을 기리는 임직원들의 추모 글이 이어졌다. 임직원들은 \'30여년간 삼성전자를 비롯해 국내 전자 산업을 이끌어 오신 대선배에게 존경의 뜻을 표하며 후배로서 그 큰 뜻을 이어받겠다\', \'좋은 회사를 만들어 주셔서 감사합니다\', \'선배님의 업적을 잘 이어가도록 최선을 다하겠습니다\' 등의 고인의 뜻을 기리는 글을 올렸다.1927년 경북 영주 출생인 강 전 회장은 대구사범학교와 서울대 공대 전자과를 졸업했다. KBS와 미8군 방송국, 중앙일보와 동양방송 이사를 거쳐 1973년 삼성전자 상무로 전자산업에 첫발을 디뎠다.TOM칼럼-깊이있는 투자정보▶무료 만화 즐기고~ 선물타자!▶ 빵빵한 차&레이싱걸▶ 이정혁 기자 utopia@mt.co.kr머니투데이 관련뉴스해당 언론사에서 선정하며 언론사 페이지(아웃링크)로 이동해 볼 수 있습니다.[포토is] ""깜짝이야!""… 여기는 지하철 대테러 훈련 현장배우 송선미 남편, 변호사 사무실서 흉기 찔려 사망\'292억 사기혐의\' 이희진 과거 언행…""집 건축비만 130억""수족구 걸린 아이 보내도, 어린이집 \'속수무책\'""사람들이 \'과학탐험대장\'이라 불러 줄 때 뿌듯""좋아요0훈훈해요0슬퍼요0화나요0후속기사 원해요0기사제공 :']"
0,삼성전자, 2017-08-2316:56,부산일보 ,"삼성전자, '모바일 교육 버스'로 미얀마 어린이 교육",https://finance.naver.com/news/news_read.nhn?article_id=0000733034&office_id=082&mode=search&query=삼성전자&page=3,"['       삼성전자, \'모바일 교육 버스\'로 미얀마 어린이 교육      기사입력2017-08-23 16:56기사원문좋아요훈훈해요좋아요 평가하기공감좋아요0훈훈해요0슬퍼요0화나요0후속기사 원해요0댓글         삼성전자가 어려운 집안 형편 때문에 학교에 가지 못하는 미얀마 소외 계층 어린이들을 위해 \'모바일 교육 버스\'를 이용한 IT 체험교육에 나섰다.삼성전자는 이달부터 수업공간 외에 별도의 주방시설까지 갖춘 신형 버스와 함께 스마트TV, 갤럭시탭 등을 추가로 지원해 총 3대의 \'삼성 모바일 교육 버스\'를 운영하고 있다고 23일 밝혔다.지난 2015년부터 운행되고 있는 이 교육 버스는 전문교사와 함께 미얀마어, 영어, 수학, 컴퓨터 등 정규 교육과 함께 다양한 놀이 수업도 이뤄지고 있다.특히 이달부터 새로 지원되는 버스에서는 어린이들이 주방공간에서 직접 음식을 만들고 먹는 요리프로그램이 운영되고, 소외 지역 여성들을 위한 식품 안전·위생 및 요리 수업도 진행 중이다.또 스마트TV와 갤럭시탭을 통해 어린이들이 최신 IT기술을 직접 체험하는 기회도 제공하고 있다.삼성전자 관계자는 ""삼성 모바일 교육 버스는 약 400만 명에 달하는 미얀마 어린이들이 학교에 가지 못한 채 일하고 있다는 현실에 착안해서 시작된 프로그램""이라면서 ""이밖에 미얀마 젊은이들을 위한 K팝 오디션 프로그램 \'갤럭시 스타\', \'삼성 퀴즈 쇼\' 등을 통해 인재 발굴에도 나서고 있다""고 말했다. 배동진 기자 djbae@좋아요0훈훈해요0슬퍼요0화나요0후속기사 원해요0기사제공 :']"
1,삼성전자, 2017-08-2316:56,부산일보 ,"LG V30,구글 어시스턴트 한국어 버전 첫 탑재 유력",https://finance.naver.com/news/news_read.nhn?article_id=0000733035&office_id=082&mode=search&query=삼성전자&page=3,"[""       LG V30,구글 어시스턴트 한국어 버전 첫 탑재 유력      기사입력2017-08-23 16:56기사원문좋아요훈훈해요좋아요 평가하기공감좋아요0훈훈해요0슬퍼요0화나요0후속기사 원해요0댓글       LG전자의 하반기 전략 스마트폰 V30에 구글의 인공지능(AI) 비서 '구글 어시스턴트'의 한국어 버전이 처음으로 탑재될 것으로 보인다.23일 관련 업계에 따르면 LG전자와 구글은 오는 31일 독일 베를린에서 열리는 V30 공개행사에서 구글 어시스턴트 한국어 버전을 공개할 것으로 알려졌다.구글은 이미 지난 5월 구글 어시스턴트의 한국어 지원을 올해 안에 완료하겠다는 계획을 본사 차원에서 공식적으로 밝힌 바 있다. 지난달부터는 국내 일부 사용자를 대상으로 한국어판 사전 체험을 진행한 것으로 알려졌다.구글 어시스턴트는 구글이 지난해 5월 공개한 음성 인식 AI 비서로, 작년 10월 나온 구글 픽셀폰에 영어 버전이 처음으로 탑재됐다. 구글이 직접 만든 스마트폰외에는 올해 3월 출시된 LG전자의 상반기 전략폰 G6에 영어 버전이 들어간 것이 구글 어시스턴트의 첫 외부 탑재 사례였다.스마트폰에 구글 어시스턴트가 탑재되면 화면이 꺼진 상태에서도 손을 쓰지 않고 이용자 목소리만으로 전화 걸기, 음악 재생, 날씨 확인, 인터넷 검색 등 다양한 명령을 입력할 수 있다. V30에 구글 어시스턴트 한국어 버전이 탑재되면서 삼성전자 '빅스비', 애플 '시리' 등 스마트폰 AI 비서 경쟁은 한층 치열해질 전망이다. 배동진 기자 djbae@좋아요0훈훈해요0슬퍼요0화나요0후속기사 원해요0기사제공 :""]"
2,삼성전자, 2017-08-2316:54,뉴시스 ,"'이재용 생중계' 불허 논란···""대단히 실망"" vs ""당연한 결정""",https://finance.naver.com/news/news_read.nhn?article_id=0008136862&office_id=003&mode=search&query=삼성전자&page=3,"['       \'이재용 생중계\' 불허 논란···""대단히 실망"" vs ""당연한 결정""      기사입력2017-08-23 16:54기사원문좋아요훈훈해요좋아요 평가하기공감좋아요0훈훈해요0슬퍼요0화나요0후속기사 원해요0댓글【서울=뉴시스】최진석 기자 = 이재용 삼성전자 부회장의 1심 선고 공판 방청권 공개추첨일인 22일 오전 서울 서초구 서울회생법원 제1호 법정 모니터에 방청권 당첨 번호가 적혀 있다. 법원은 약 150석 규모의 417호 대법정 좌석에서 소송관계인과 취재진 등의 좌석을 제외한 나머지 자리를 추첨, 방청권은 이 부회장 선고일인 25일 오후 1시30분부터 법원종합청사 서관 1층 입구에서 배부한다. 좌석은 신분 확인을 거쳐 임의로 배정되며, 다른 사람에게 양도 또는 대여할 수 없다. 2017.08.22.  myjs@newsis.com""이재용은 국정농단 한 축···납득 어려운 결정""""유죄 판결 생중계 시 사익 침해 상당"" 의견도【서울=뉴시스】오제일 나운채 이혜원 기자 = 1·2심 판결이 TV로 생중계되는 첫 사례로 기록될 것으로 예상됐던 이재용 삼성전자 부회장 선고 공판 중계가 무산됐다. 이 부회장 재판에 국민적 관심이 쏠렸던 만큼 재판부 불허 결정을 두고 갑론을박이 이어지고 있다.  재판부가 23일 중계 불허 단서로 제시했던 \'공익\'에 대한 판단이 너무 엄격한 것이 아니냐는 지적이 나온다. 이 전 부회장 사건과 같은 주요 사건을 중계를 허용하지 않으면 앞으로 중계가 될 사건이 사실상 거의 없을 것이라는 목소리다.  반면 1심 판결로 마치 유·무죄가 확정된 듯한 인상을 줄 수 있다는 점, 재판 관계인들이 느낄 부담감 등을 고려할 때 충분히 이해가 가능한 결정이라는 의견도 맞서고 있다.  당초 이 부회장 뇌물공여 사건은 대법원이 생중계 가능 요건으로 내세운 \'공익 목적이 인정되는 주요 사건\'이라는 단서에 부합한다는 해석이 많았다. 지난해 온 나라를 떠들썩하게 했던 국정농단 사건에서 이 부회장 혐의가 차지하는 비중이 상당하다는 이유다.  이와 함께 선고 공판 방청권 추첨식에 모두 454명이 응모해 경쟁률 15대 1을 기록할 정도로 국민적 관심이 높아 재판부가 고심 끝에 결국 생중계를 허용할 것이라는 관측이 적지 않았다. 하지만 이날 재판부가 중계를 허용하지 않기로 하면서 선고 장면은 재판에 직접 참석하는 방청객들만 실시간으로 지켜보게 됐다. 이에 대해 김현 대한변호사협회 회장은 ""국민은 단편적으로 언론 보도만을 통해 알 수 있었을 뿐 재판에서 실제 어떤 증거가 제출됐고 어떤 증언이 있었는지 잘 모른다. 선고 공판은 그걸 전체적으로 다 볼 수 있는데 법원이 왜 그런 기회를 부여하지 않는지 대단히 실망스럽다""며 ""법원이 재고하길 강력하게 요청한다""고 밝혔다.  김한규 전 서울지방변호사회 회장도 ""이 부회장 판결 선고는 과거 다른 재벌 오너 재판과는 다르다. 박근혜 전 대통령 탄핵 정국과 맞물린 국정농단의 한 축""이라며 ""이 이상 공익이 어디 있겠는가. 재판부 결정을 존중하지만 납득이 되지 않는다""고 말했다. 【서울=뉴시스】최진석 기자 = 이재용 삼성전자 부회장의 1심 선고 공판 방청권 공개추첨일인 22일 오전 서울 서초구 서울회생법원 제1호 법정에서 법원 관계자들이 방청 응모권을 추첨하고 있다. 2017.08.22.  myjs@newsis.com 서초동 한 변호사 역시 ""TV 중계가 허용된 사례가 없는 만큼 재판부가 가부를 결정할 때 세세하게 판단해주면 좋겠다""며 ""이 부회장 사건 같은 중요한 사건의 생중계를 허용하지 않으면 법원 규칙이 개정됐다고 해도 사실상 중계하기 어렵다""고 지적했다.  이와 달리 재판부가 피고인들의 인권을 생각해 내린 결정인 만큼 존중해줘야 한다는 반론도 만만치 않다. 1·2심 주요 사건 선고 장면이 생중계된 선례가 없었던 점 등을 고려할 때 재판부가 느낀 부담이 매우 컸을 것이라는 관측도 나온다.  한 검찰 출신 변호사는 ""재판장이 많은 생각 끝에 결정을 내린 것이 아니겠는가. 존중해 줘야 할 것""이라며 ""생중계 허가나 불허나 양면이 있을 거다. 유죄 판결을 하면서 생중계를 한다고 하면 사익을 전혀 존중하지 않는 게 될 수도 있다""고 강조했다.  또 다른 판사 출신 변호사는 ""찬반 여론이 함께 있는 가운데 첫 사례로 기록될 결정을 내린다는 게 쉬운 일이 아니다""라며 ""중차대한 사건 선고에 신경 쓰기만도 바쁠 텐데 재판 생중계 등 새로운 요소의 개입을 생각하기 어려웠을 것""이라고 말했다.  법조계 관계자는 ""사법부 독립이라는 명제에는 법원 내·외부 문제뿐만 아니라 여론으로부터도 자유로울 수 있어야 한다는 점도 포함돼 있다고 본다""며 ""선례가 생길 경우 유사 결정이 이어질텐데 이는 재판의 공정성을 해치는 결과를 가져올 수도 있다. 이번 결정은 어떻게 보면 당연한 것""이라고 분석했다.  kafka@newsis.com naun@newsis.com hey1@newsis.com▶ 뉴시스 빅데이터 MSI 주가시세표 바로가기 ▶ 뉴시스 SNS [페이스북] [트위터]뉴시스 관련뉴스해당 언론사에서 선정하며 언론사 페이지(아웃링크)로 이동해 볼 수 있습니다.희대의 탈주범, 교도소서 재소자 상대 성추행부흥 전문 목사, 집행유예 중 10대 소녀 또 성추행…""피해자 3명""세살 아기 얼음주머니로 폭행한 어린이집 교사문희상, 2년 만기출소한 한명숙에 던진 한마디태국여성 20명 데려다 강제 성매매시킨 한국인 남성 체포좋아요0훈훈해요0슬퍼요0화나요0후속기사 원해요0기사제공 :']"
3,삼성전자, 2017-08-2316:53,아이뉴스24 ,[마감시황]코스피 2360선 강보합…코스닥은 약보합,https://finance.naver.com/news/news_read.nhn?article_id=0000421571&office_id=031&mode=search&query=삼성전자&page=3,"[""       [마감시황]코스피 2360선 강보합…코스닥은 약보합      기사입력2017-08-23 16:53기사원문좋아요훈훈해요좋아요 평가하기공감좋아요0훈훈해요0슬퍼요0화나요0후속기사 원해요0댓글[아이뉴스24 김나리기자] 코스피가 2360선에서 강보합 마감했다.23일 코스피지수는 전일보다 0.05%(1.07포인트) 오른 2366.40을 기록했다. 장 초반 2379.59까지 치솟았던 코스피는 오후 들어 2360.71으로 저점을 낮췄으나 다시 소폭 상승하며 장을 마쳤다.코스피시장에서는 외국인이 1천44억원어치를 샀고 개인도 778억원어치를 샀다. 기관만 나홀로 1천982억원어치를 팔았다.잭슨홀 미팅과 이재용 삼성전자 부회장 공판 등을 앞두고 시장에 관망세가 짙어지면서 이날 코스피지수는 소폭 상승에 그친 것으로 풀이된다.시가총액 상위주는 혼조를 보였다. 시총 대장주인 삼성전자가 1.02% 오른 가운데 삼성전자우는 1.40%, 한국전력은 0.46%, LG화학은 0.83%, 삼성물산은 2.28%, 신한지주는 0.19% 올랐다.네이버는 창업자(GIO)인 이해진 전 의장이 보유지분 11만주를 블록딜(시간외 매매)하면서 0.78% 상승 마감했다.다만 SK하이닉스가 0.29% 내렸고 현대차는 0.34%, 포스코는 2.79% 내렸다.깨끗한나라는 '릴리안' 생리대에 대한 안전성 논란이 확대되면서 8%대 하락 마감했다. 52주 신저가도 기록했다.살충제 계란에 이어 닭에서도 디클로로디페닐트라클로로에탄(DDT)이 검출되면서 닭고기 관련주인 하림홀딩스는 1.62% 내렸고 하림과 마니커도 각각 0.31%, 1.12% 내렸다.업종별로는 유통업, 의료정밀이 1% 오른 가운데 건설업(0.74%), 섬유의복(0.58%), 전기전자(0.90%) 등이 올랐다. 반면 철강금속은 2%대 약세를 보였고 증권도 1%대 하락했다. 통신업(0.75%), 비금속광물(0.72%), 의약품(0.99%) 등도 내렸다.코스닥지수는 전일보다 0.09%(0.55포인트) 하락한 643.71으로 약보합 마감했다.코스닥시장에서는 개인과 외국인이 각각 60억, 137억원 매수 우위를 보였으며 기관만 홀로 144억원 매도 우위를 보였다.서울 외환시장에서 원/달러 환율은 전일 대비 2.00원(0.18%) 내린 1131.80원을 기록했다./김나리기자 lily@inews24.com▶프리미엄 뉴스서비스 아이뉴스24▶연예스포츠 조이뉴스24, 생생한 라이브캐스트[ⓒ 아이뉴스24 무단전재 및 재배포 금지]아이뉴스24 관련뉴스해당 언론사에서 선정하며 언론사 페이지(아웃링크)로 이동해 볼 수 있습니다.'로스트아크' 2차 테스트 임박…예고 페이지 오픈'하투' 돌입하는 車업계, 파업 강도 높이나약정할인 25% 실효성 논란 '가열'빛 통해 전류 증폭 '나노선 트랜지스터' 개발삼성전자 '파워건', LG 코드제로 A9 흡입력 '도전'좋아요0훈훈해요0슬퍼요0화나요0후속기사 원해요0기사제공 :""]"
4,삼성전자, 2017-08-2316:50,한국일보 ,수원 본사에 마지막 인사한 강진구 전 삼성전자 회장 영면,https://finance.naver.com/news/news_read.nhn?article_id=0000228529&office_id=469&mode=search&query=삼성전자&page=3,"['       수원 본사에 마지막 인사한 강진구 전 삼성전자 회장 영면      기사입력2017-08-23 16:50기사원문좋아요훈훈해요좋아요 평가하기공감좋아요0훈훈해요0슬퍼요0화나요0후속기사 원해요0댓글23일 경기 수원시 영통구 삼성전자 본사에서 직원들이 강진구 전 삼성전자 회장 운구 차량을 향해 애도를 표하고 있다. 삼성전자 제공글로벌 기업 삼성전자의 초석을 닦은 강진구 전 삼성전자 회장의 영결식이 23일 열렸다.지난 19일 숙환으로 별세한 강 전 회장 영결식은 이날 오전 서울 강남구 일원동 삼성서울병원에서 엄수됐다. 유족과 권오현 부회장 등 삼성전자 사장단이 고인의 마지막 길을 배웅했다. 김광호 전 삼성전자 회장은 “어떤 역경에도 전자산업 육성을 위해 헌신한 고인의 경영 감각과 추진력은 경영인들에게 큰 귀감이 됐다”고 회고했다.이어 운구 차량은 고인이 성장 기틀을 마련한 경기 수원시 영통구의 삼성전자 본사를 들렀다. 수원에서 근무하는 삼성전자 임직원 1,000여 명은 운구 차량이 이동한 1.5㎞ 구간에서 묵념으로 고인의 넋을 기렸다.1927년 경북 영주에서 태어난 강 전 회장은 서울대 전자공학과를 졸업한 뒤 동양방송 이사를 거쳐 1973년 삼성전자에 상무로 입사해 ‘삼성맨’이 됐다. 이후 기술자립을 진두지휘, 메모리 반도체 세계 1위를 비롯해 디스플레이 휴대폰 생활가전 등이 세계 일류로 도약하는 기반을 만들었다. 삼성전자ㆍ삼성전기 회장, 삼성그룹 구조조정위원 등을 역임했고 1995년 6월 ‘삼성 명예의 전당’ 설립과 동시에 첫 번째로 헌액됐다.김창훈 기자 chkim@hankookilbo.com▶한국일보 [페이스북] [카카오 친구맺기]▶자동차의 모든 것! [모클][ⓒ 한국일보(hankookilbo.com), 무단 전재 및 재배포 금지]한국일보 관련뉴스해당 언론사에서 선정하며 언론사 페이지(아웃링크)로 이동해 볼 수 있습니다.한명숙 전 총리, ""2년 동안 정말 가혹했던 고통""DDT 검출 농장주 ""닭과 계란 전량폐기, 농장문 닫겠다""한서희 ""대마초 처음 권유한 건 탑""김장겸 MBC 사장 ""공영방송 무너졌다? 대통령이 판단할 일 아니다""실미도 부대원들, 합동 봉안식…46년 만에 영면좋아요0훈훈해요0슬퍼요0화나요0후속기사 원해요0기사제공 :']"
5,삼성전자, 2017-08-2316:47,디지털타임스 ,"상가시장 불패, `항아리상권`‥지형을 알아야 투자가 보인다",https://finance.naver.com/news/news_read.nhn?article_id=0002418563&office_id=029&mode=search&query=삼성전자&page=3,"[""       상가시장 불패, `항아리상권`‥지형을 알아야 투자가 보인다      기사입력2017-08-23 16:47기사원문좋아요훈훈해요좋아요 평가하기공감좋아요0훈훈해요0슬퍼요0화나요0후속기사 원해요0댓글8.2 부동산 대책으로 서울, 수도권 등 신규 아파트에 대한 투자에 제동이 걸리면서 상대적으로 규제에서 자유로운 수익형 부동산에 대한 수요자들의 관심이 높아지고 있다.이에 따라 항아리상권이 다시 한번 조명받고 있다. 항아리상권은 상권 시장에서 '불패' 행진을 보이고 있었으나 8.2 부동산 대책으로 인해 다시 한번 무패의 가치를 인정받고 있는 것이다. 항아리상권은 지역 안에 대중소 유통업체, 각종 편의시설, 여가시설 등이 원스톱으로 갖춰져 지역 거주민들과 유동인구들이 다른 지역으로 빠져나가지 않고 지역 내에서 모든 생활을 해결하며 독립적인 상권을 유지하는 것을 뜻한다. 일반 상권에서 사람들이 흘러가는 곳은 영업이 부진할 경우 노력을 해도 실패할 확률이 높다. 하지만 항아리상권은 항아리에 물이 고이듯, 사람들이 외부로 이탈하지 않고 아파트 주택가의 입주민 등 풍부한 고정 배후수요가 상권 내에서 소비를 하기 때문에 안정적인 것이 특징이다.실제로 가치도 높다는 평가다. 한국감정원에 따르면 광주광역시 영산강 중심으로 형성된 항아리 상권인 양산지구는 지난해 연 5.93%의 수익률을 보였다. 반면 광주 도심지역인 금남로·충장로 일대는 같은 기간 4.95%의 임대수익률을 기록했다.이러한 항아리상권의 대표적인 곳으로 목동을 꼽을 수 있다. 목동에는 현대백화점과 행복한백화점, 이마트와 홈플러스, CGV와 메가박스, 교보문고와 반디앤루니스, SSG푸드마켓과 이팜 등 각종 업종들이 쌍벽을 이루는 상권 경쟁을 벌이고 있다. 이에 따라 주민들이 굳이 목동을 벗어나지 않고 쇼핑과 여가시설을 즐기고 있다. 이런 상권 형성은 지역 거주민들이 외부로 굳이 나가지 않게 환경을 조성해주기 때문에 전형적인 항아리상권의 모범 사례라고 할 수 있다.쇼핑 시설 외에도 이대 목동 병원과 홍익 병원, 공원, 체육시설 등 편의시설과 레저시설도 잘 갖춰져 있다. 대학학원, 종로학원, 청솔학원 등 명문 학원들도 몰려 있어 오히려 인근 지역에서 목동으로 유입되는 인구가 더 많은 곳이다. 서울에 목동이 있다면 경기도에는 '평택'이 있다. 평택은 이미 주한미군 기지 이전, 삼성전자가 단군 이래 최대규모인 120조 투자에 이어 LG전자가 60조 투자 등을 결정한 지역이다.이와 더불어 평택항, 황해경제자유구역과 더불어 포승국가산업단지 등을 통해 거대한 항아리 상권을 형성하고 있다. 포승국가산업단지 내 270여 개 기업을 통해 2만여 명의 배후수요를 확보할 수 있다. 삼성전자, LG전자를 포함하면 약 163조원의 생산 유발효과와 더불어 44만 명의 인구가 유입될 예정이다. 일부 지구는 지난해부터 입주를 시작해 현재 평택시 인구는 46만 3000여 명으로 2011년 대비 5만 명 가까이 증가했다. 평택시는 2020년이 되면 시 인구가 80만 명, 2025년이면 100만 명을 돌파할 것으로 판단하고 있다. 업계는 최근 정부의 강도 높은 주택·부동산시장 규제로 항아리상권의 가치가 뛴 것으로 평가한다. 따라서 시세차익을 노리던 뭉칫돈이 수익형부동산 중에서도 고정 배후수요가 풍부하고 상대적으로 수익률이 높은 항아리상권에 집중될 것으로 기대되고 있다.cskim@dt.co.kr 디지털타임스 홈페이지 바로가기/SNS 바로가기확바뀐 디지털타임스 연예·스포츠 섹션 바로가기인터넷 마케팅팀디지털타임스 관련뉴스해당 언론사에서 선정하며 언론사 페이지(아웃링크)로 이동해 볼 수 있습니다.LG전자, 미국에 285억 투자 전기차 부품공장 건설비타민 B6·B12 장기복용땐 폐암위험 급증… 무슨 이유 있길래'구글 어시스턴트' 한국어 버전 V30에 처음 적용한다중, 영업정지 롯데마트서 발전기·변전기 몰수해 경매처분도시바 막판 돌변 왜? 한미일연합 대신 WD와 반도체 매각협상좋아요0훈훈해요0슬퍼요0화나요0후속기사 원해요0기사제공 :""]"
6,삼성전자, 2017-08-2316:40,머니S ,"김진동 부장판사, 25일 이재용 1심 선고… '진경준 뇌물 무죄' 판결 이력",https://finance.naver.com/news/news_read.nhn?article_id=0000266664&office_id=417&mode=search&query=삼성전자&page=3,"['       김진동 부장판사, 25일 이재용 1심 선고… \'진경준 뇌물 무죄\' 판결 이력      기사입력2017-08-23 16:40기사원문좋아요훈훈해요좋아요 평가하기공감좋아요0훈훈해요0슬퍼요0화나요0후속기사 원해요0댓글본문 이미지 영역25일 이재용 삼성전자 부회장에 대한 1심 선고공판이 김진동 부장판사 심리로 열린다. /사진=뉴시스이재용 삼성전자 부회장의 1심 선고공판이 25일 열리는 가운데 김진동 판사에 대한 관심이 집중되고 있다. 김진동 부장판사(형사합의27부)는 서울중앙지법이 두번이나 사건을 재배당한 끝에 이 부회장 사건을 맡게 됐다.김진동 판사는 지난 7일 이 부회장 등 삼성그룹 전·현직 임직원 5명의 뇌물공여 등 혐의 결심 공판에서 ""이달 25일 오후 2시30분에 이 부회장의 선고를 진행하겠다""고 밝혔다. 이로써 이 부회장은 지난 2월27일 기소된 지 179일 만에, 지난 3월9일 첫 재판을 시작한 지 169일 만에 첫 선고를 받게 된다.이 부회장 사건은 배당부터 여러차례 우역곡절을 겪었다. 당초\xa0이 부회장에 대한 특검의 첫 번째 구속영장을 기각했던 조의연 판사에게 사건이 배당됐으나 조 부장판사 자신이 재배당을 요청해 이영훈 부장판사가 맡고 있는 형사합의33부로 사건이 넘어갔다. 그러나 이영훈 판사의 경우 최순실씨의 독일 정착을 도운 인물의 사위라는 의혹이 불거지면서 결국 법원이 재배당을 결정해 김 부장판사의 형사합의27부가 공판을 맡았다.이처럼 배당 과정에서도 법원이 논란을 의식한 사건 특성상 선고공판에서 재판부가 어떤 결정을 내릴지 주목된다. 김 부장판사는 지난해 12월 진경준 전 검사장 뇌물 수수혐의 재판 당시 진 전 검사장과 김정주 넥슨 대표의 뇌물 혐의에 대해 무죄를 선고한 바 있다. 진 전 검사장은 김 대표로부터 공짜주식을 받아 100억원대 시세차익을 얻은 혐의로 기소됐으나 김 부장판사가 직무관련성을 근거로 뇌물죄를 인정하지 않은 것이다. 당시 법조계에서는 뇌물죄의 범위를 너무 좁게 본 것 아니냐는 문제가 제기되기도 했다.한편 이 부회장은 경영권 승계를 위한 그룹 계열사 합병 등에 도움을 받는 대가로 박근혜 전 대통령과 최순실씨 일가에 뇌물을 제공한 혐의로 구속기소됐다. 박영수 특별검사팀은 결심공판에서 이 부회장에게 뇌물공여죄를 적용해 징역 12년을 구형했다.장영락 기자 ped19@mt.co.kr머니S 관련뉴스해당 언론사에서 선정하며 언론사 페이지(아웃링크)로 이동해 볼 수 있습니다.경찰, 근속승진 기간 단축 추진… ""업무 강도 높은데도 승진 불리""김태흠 ""범죄조직 우두머리 출소 연상""… 한명숙 전 총리 \'환영 분위기\' 비난문성현 전 민노당 대표, 노사정위원장 위촉… 대선서 \'문재인캠프\' 노동정책 관여최명길 의원, \'선거법 위반 혐의\' 2심서도 당선무효형… ""죄질 가볍지 않다""이재용 1심 선고 생중계 불허… ""공익 상당성 인정 어렵다""좋아요0훈훈해요0슬퍼요0화나요0후속기사 원해요0기사제공 :']"
7,삼성전자, 2017-08-2316:39,머니S ,"코스피, 개인·외인 매수로 0.05%↑… 2366.40 마감",https://finance.naver.com/news/news_read.nhn?article_id=0000266663&office_id=417&mode=search&query=삼성전자&page=3,"[""       코스피, 개인·외인 매수로 0.05%↑… 2366.40 마감      기사입력2017-08-23 16:39기사원문좋아요훈훈해요좋아요 평가하기공감좋아요0훈훈해요0슬퍼요0화나요0후속기사 원해요0댓글본문 이미지 영역코스피 상승. /자료사진=머니S DB코스피지수가 개인과 외국인의 매수세에 힘입어 강보합 마감했다. 23일 코스피는 전 거래일 대비 1.07포인트(0.05%) 상승한 2366.40으로 장을 마쳤다.투자자별 동향을 살펴보면 개인과 외국인이 각각 786억원, 1038억원 순매수했고 기관이 1983억원 순매도했다. 이날 거래량은 2억2508만주, 거래대금은 3조9183억원을 기록했다.업종별로는 혼조세를 나타냈다. 철강·금속이 2% 넘는 하락률을 보였고 증권, 의약품, 비금속광물, 종이·목재, 화학, 운수창고, 보험 등도 약세였다. 반면 의료정밀이 1% 이상 올랐고 섬유·의복, 전기·전자, 기계, 건설업 등도 강세였다.이날은 하나니켈 1호와 2호가 국제 니켈 가격 급등에 힘입어 동반 강세를 나타냈다. 밤 사이 런던 금속거래소에서 거래되는 니켈 선물가격이 연중 최고가를 기록하며 톤당 1만1430달러를 기록했다.시가총액상위권 종목들은 대부분 하락했다. POSCO, SK이노베이션이 2% 이상의 하락률을 보였다. 삼성바이오로직스, 삼성에스디에스, 롯데케미칼, SK, 삼성생명은 1% 이상의 하락률을 나타냈다. SK하이닉스, 현대차, 삼성생명, LG생활건강, 기아차 등도 약세였다.반면 LG전자는 미국 미시간주에 전기차 부품 공장을 설립하기로 했다는 소식에 2% 이상의 상승률을 보였다. 삼성전자는 하반기 전략 프리미엄폰인 ‘갤럭시노트8’ 공개를 하루 앞두고 1% 조금 넘는 상승률을 기록했다. NAVER는 이해진 글로벌투자책임자가 보유주식 11만주를 블록딜 방식으로 매각했다는 소식에 1% 미만으로 올랐다. 한국전력, LG화학, 삼성물산 등도 강세였다.이날 상승 종목 수는 상한가 종목 1개를 포함해 306개를 기록했다. 하락 종목 수는 479개로 집계됐다.박성필 기자 feelps@mt.co.kr머니S 관련뉴스해당 언론사에서 선정하며 언론사 페이지(아웃링크)로 이동해 볼 수 있습니다.[머니포커S] '유통공룡'에 칼 뽑은 공정위[J노믹스, 임대료를 잡아라] '임차인의 눈물' 사라질까[기자수첩] 대출자는 '볼모'가 아니다[박스권 유가] 피해업종 울지 않는 이유코스닥, 잠시 숨고르기로 약보합… 643.71 마감좋아요0훈훈해요0슬퍼요0화나요0후속기사 원해요0기사제공 :""]"
8,삼성전자, 2017-08-2316:38,파이낸셜뉴스 ,[갤럭시노트8 공개]최강 스펙으로 2년만에 돌아온 갤노트8,https://finance.naver.com/news/news_read.nhn?article_id=0003862777&office_id=014&mode=search&query=삼성전자&page=3,"[""       [갤럭시노트8 공개]최강 스펙으로 2년만에 돌아온 갤노트8      기사입력2017-08-23 16:38기사원문좋아요훈훈해요좋아요 평가하기공감좋아요0훈훈해요0슬퍼요0화나요0후속기사 원해요0댓글                 구분 스펙   화면크기 6.3인치   디스플레이 QHD+ 수퍼 아몰레드   화면 해상도 2960×1440   운영체제(OS) 안드로이드7.1 누가   애플리케이션 프로세서(AP) 스냅드래곤835(미국), 엑시노스8895(글로벌)   램(RAM) 6GB   내장메모리 최대 256GB   전면 카메라 800만 화소   후면 카메라 듀얼카메라, 1300만 화소   크기 162.5×74.6×8.5   생체인식 지문, 홍채, 안면   배터리 3300mAh   기타 삼성페이, IP68 방수방진, 빅스비 등           【뉴욕(미국)=이설영 기자】 삼성전자가 사활을 걸고 개발한 가을 전략 스마트폰 '갤럭시노트8'이 드디어 베일을 벗는다.  갤럭시노트8에 전 세계의 관심이 집중되면서 각종 신기능과 디자인이 잇따라 유출되고 있는데, 갤럭시노트8은 홍채, 지문 등 생체인식 시스템을 갖춘 데다 인공지능(AI) 비서 '빅스비'의 성능이 더해진 것으로 알려지고 있다. 특히 갤럭시노트의 대표적인 기능인 스타일러스펜 S펜도 한층 업그레이드 됐을 것으로 예상된다.  ▶관련기사 4면  삼성전자는 갤럭시노트8을 통해 지난해 단종된 갤럭시노트7의 오명을 씻어 내겠다는 포부다. 사실상 2년만에 공개하는 갤럭시노트 제품인만큼 안전성은 물론, 혁신을 담기 위해 심혈을 기울인 것으로 알려졌다.  삼성전자는 갤럭시노트8을 통해 글로벌 스마트폰 시장에서 독보적 1위 제조사임을 재확인하겠다는 전략이다. 시장 전문가들은 갤럭시노트8 출시 이후 삼성전자의 스마트폰 사업을 맡은 IM부문의 연간 영업이익이 10조원을 돌파할 것이라는 기대감도 내비치고 있다.   ■S펜 혁신에 '관심 집중' 삼성전자는 23일(현지시간) 오전 11시 미국 뉴욕 파크 애비뉴 아모리에서 갤럭시노트8을 공개한다. 이번 갤럭시노트8의 가장 혁신적인 기능은 단연코 S펜이 될 전망이다.  일단 삼성전자는 갤럭시노트8의 성능에 대해 일체 말을 아끼고 있다. 지난 3월 공개한 갤럭시S8의 경우 사전에 지능형 인터페이스인 '빅스비'를 탑재하고, 특장점에 대해 미리 밝힌 것과 대조된다.  다만 삼성전자는 최근 갤럭시노트8과 관련해 공개한 티저 동영상을 통해 '더 큰 일을 하세요(Do bigger things)'라는 메시지를 전달, 갤럭시노트8이 대화면 스마트폰(패블릿)의 대표주자에 걸맞는 혁신을 제공할 것이라고 암시 했다.  업계에서는 갤럭시노트8이 갤럭시노트 시리즈의 상징인 S펜을 통해 '더 큰 일'을 실현했다는 관측을 내놓고 있다.  특히 삼성전자가 지난 3월 갤럭시S8을 공개하면 스마트폰을 데스크톱PC 처럼 쓸 수 있는 '덱스' 기능을 깜짝 발표해 세계인의 관심을 끌었던 것처럼 갤럭시노트8에도 지금껏 드러나지 않은 깜짝 혁신 기능을 탑재했을 것이라는 기대감이 높아지고 있다.   ■갤럭시S8 '듀얼엣지' 디자인 계승 갤럭시노트8의 전체적인 디자인은 갤럭시S8과 큰 차이가 없을 것으로 보인다. 갤럭시S8의 경우 화면 테두리를 최소화하고(베젤리스), 18.5대 9 비율의 듀얼 엣지 디스플레이 등을 통해 깔금하고 세련된 외관을 표현했다. 갤럭시노트8에도 베젤리스 화면에 듀얼 엣지 디스플레이를 채택했을 것으로 보인다.  이 외에도 갤럭시노트8은 16㎝(6.3인치) 수퍼 아몰레드(AMOLED·능동형유기발광다이오드) 디스플레이를 지원할 가능성이 높다. 스마트폰의 두뇌라고 할 수 있는 애플리케이션 프로세서(AP)는 갤럭시S8에 적용한 것처럼 글로벌 모델은 엑시노스8895를, 미국 모델은 퀄컴의 스냅드래곤835를 채택했을 것으로 보인다.  배터리 용량은 올초에 나온 갤럭시S8+(3500mAh)보다 작은 3300mAh을 채택했을 것으로 보인다. S펜 탑재를 위한 공간이 필요하기 때문에 그만큼 배터리 용량을 줄였다는게 업계 추정이다. 또 삼성전자는 전략 스마트폰 갤럭시 시리즈 중 처음으로 갤럭시노트8에 듀얼카메라를 장착한 것으로 알려지고 있다. 이를 통해 2배 광학줌을 지원하고, S펜을 통한 카메라 편집 기능도 향상됐을 것으로 기대된다. 색상은 블루, 골드, 블랙, 실버의 4가지 색상으로 나올 것으로 전망된다.  한편 갤럭시노트8은 23일 공개 이후 다음달 중순경 정식 출시될 것으로 예상된다.   ronia@fnnews.com 이설영 기자   ▶ 세상의 모든 골 때리는 이야기 'fn파스'▶ 속보이는 연예뉴스 fn스타  ※ 저작권자 ⓒ  파이낸셜뉴스. 무단 전재-재배포 금지파이낸셜뉴스 관련뉴스해당 언론사에서 선정하며 언론사 페이지(아웃링크)로 이동해 볼 수 있습니다.세계서 가장 예쁜 기상캐스터, 몸매 때문에 시청률이..불륜녀로 찍힌 걸그룹 출신 여성의 최후별장에서 벌거벗은 男 웃는 사진, 꽃뱀의 최후대왕 여드름인 줄 알고 짰다가 1시간만에.. 뜻밖의 사태배고플 때 호두를 먹으면 생기는 놀라운 변화좋아요0훈훈해요0슬퍼요0화나요0후속기사 원해요0기사제공 :""]"
9,삼성전자, 2017-08-2316:27,연합뉴스 ,"'잭슨홀' 앞두고 코스피 관망세…2,360대 강보합(종합)",https://finance.naver.com/news/news_read.nhn?article_id=0009493831&office_id=001&mode=search&query=삼성전자&page=3,"['       \'잭슨홀\' 앞두고 코스피 관망세…2,360대 강보합(종합)      기사입력2017-08-23 16:27기사원문좋아요훈훈해요좋아요 평가하기공감좋아요0훈훈해요0슬퍼요0화나요0후속기사 원해요0댓글[연합뉴스 자료사진]외국인 이틀연속 \'사자\'…코스닥은 소폭 하락 (서울=연합뉴스) 전명훈 기자 = 코스피가 이틀 연속 상승했다. 국제 통화 정책 이벤트인 \'잭슨홀 미팅\'을 앞두고 관망세가 짙어져 상승 폭은 크지 않았다.    코스피는 23일 전 거래일보다 1.07포인트(0.05%) 오른 2,366.40으로 거래를 마감했다.    개장 때는 전날보다 11.20포인트(0.47%) 오른 2,376.53에 출발해 2,380선 돌파까지 넘봤지만, 기관의 매도세가 거세지면서 상승 폭을 대부분 반납했다.    이날 기관은 1천982억원 규모 순매도로 지수 상승을 억제했다.    외국인은 1천44억원 매수 우위였다. 이틀 연속 \'사자\'에 나선 외국인은 폐장 직전 순매수량을 크게 늘렸다. 장 마감 직전까지 약보합세를 보이던 코스피도 이 영향으로 하락세를 벗어났다.    개인 역시 778억원 순매수로 지수 상승에 힘을 보탰다.    이날 유가증권시장 거래대금은 3조9천억원으로 집계됐다. 올해 평균 거래대금(5조1천억원)보다 23.40% 낮은 수준이다. 거래량은 2억2천500만주로, 역시 올해 평균 거래량(3억6천만주)에 한참 미치지 못했다.    김대준 한국투자증권 수석연구원은 ""중요 국제통화 이벤트인 잭슨홀 미팅이 끝나기 전까지는 투자자들의 관망세가 짙어져 뚜렷한 방향 전환은 없을 것""이라며 ""정보기술(IT)주가 오른 것은 미국의 세제 개편 이슈가 다소 커진 점과 노트8 출시 기대감이 반영된 것""이라고 설명했다.    시가총액 상위주는 등락이 엇갈렸다.     갤럭시 노트8 발표를 앞둔 대장주 삼성전자는 1.02% 올랐다. 한국전력(0.46%), LG화학(0.83%), 삼성물산(2.28%), NAVER(0.78%), 신한지주(0.19%) 등이 함께 상승했다.    SK하이닉스(-0.29%), 현대차(-0.34%), 포스코(-2.79%), 현대모비스(-0.20%) 등은 약세로 장을 마쳤다.    업종별로는 유통업(1.17%), 의료정밀(1.06%), 전기전자(0.90%), 건설업(0.74%), 섬유의복(0.58%) 등이 상승한 반면, 철강금속(-2.10%), 증권(-1.03%), 의약품(-0.99%), 통신업(-0.75%), 비금속광물(-0.72%) 등은 하락했다.    이날 프로그램매매는 차익거래가 1천130억원 매도 우위, 비차익거래가 514억원 매수 우위를 나타냈다. 전체적으로는 616억원 매도 우위였다.    유가증권시장 전체에서 306종목이 상승했고 479종목은 하락했다. 87종목은 보합세로 장을 마쳤다. 하나니켈2호는 상한가를 기록했다.    코스닥지수는 전날보다 0.55포인트(0.09%) 하락한 643.71에 거래를 마쳤다.    코스닥지수는 3.53포인트(0.55%) 오르며 장을 출발했지만 장중 하락세로 돌아섰다.    시가총액 10위 내 종목 대부분이 하락한 영향이 컸다.    셀트리온(-1.97%), 셀트리온헬스케어(-0.41%), 메디톡스(-0.80%), CJ E&M(-1.69%), 휴젤(-2.04%), 코미팜(-0.81%), SK머티리얼즈(-0.11%) 등이 모두 약세였다.    다만 로엔(3.29%), 바이로메드(9.11%), 포스코컴텍(1.57%) 등은 상승했다.    코스닥시장 거래량은 5억5천만주, 거래대금은 2조6천억원이었다.    코넥스시장에서는 105종목이 거래됐다. 거래량은 17만주, 거래대금은 약 9억원 수준이었다.    서울 외환시장에서 원/달러 환율은 전 거래일보다 2.0원 내린 1,131.8원에 거래를 마쳤다.     id@yna.co.kr최신 유행 트렌드 총집결(클릭!)연합뉴스 관련뉴스해당 언론사에서 선정하며 언론사 페이지(아웃링크)로 이동해 볼 수 있습니다.\xa0칼 12자루 허리 차고 교사 협박하러 학교 간 이모\xa0배용준-박수진 ""둘째 가졌습니다…임신 초기""\xa0이영애, K-9 훈련 순직 李상사 아들 학비 전액지원\xa0야간훈련 예비군 13명 단체로 \'습격\' 받아…병원 치료\xa0성희롱 피해 신입 여경…되레 곤혹스런 처지, 왜?좋아요0훈훈해요0슬퍼요0화나요0후속기사 원해요0기사제공 :']"
10,삼성전자, 2017-08-2316:26,한국경제TV ,"[마감시황] 코스피, 1.07 포인트 오른 2366.40 마감 (0.05%)",https://finance.naver.com/news/news_read.nhn?article_id=0000569628&office_id=215&mode=search&query=삼성전자&page=3,"['       [마감시황] 코스피, 1.07 포인트 오른 2366.40 마감 (0.05%)      기사입력2017-08-23 16:26기사원문좋아요훈훈해요좋아요 평가하기공감좋아요0훈훈해요0슬퍼요0화나요0후속기사 원해요0댓글[한국경제TV 이가은 기자][동시호가]코스피, 기관 1500억 순매도 ... 보합권 등락코스닥, 기관 순매도 ... 643선 횡보LG이노텍, 하반기 스마트폰 신제품 출시 ... 매출 확대 전망삼양사, 화학부문 성장 · 원재료 가격 하락디엔에프, 3D낸드 소재 출하 확대 ... 3분기 실적개선 전망[마감시황]코스피, 1.07 포인트 (0.05) 오른 2366.40 마감코스닥, 0.54 포인트 (0.08) 내린 643.72 마감원·달러 환율 2.0원 하락 ... 1131.8원 마감삼성전자 1.02 상승 ... 237만4000원 마감이가은기자 ⓒ 한국경제TV, 무단 전재 및 재배포 금지한국경제TV 관련뉴스해당 언론사에서 선정하며 언론사 페이지(아웃링크)로 이동해 볼 수 있습니다.\'결혼2주년\' 배용준♥박수진 둘째 임신, ""그때보다 더 사랑해""아유미, \'성형설\'까지 돌았던 외모 4단 변신...최근 모습은?70대 할머니 성폭행 하려다 살해한 30대男, 변명이 기가 막혀김소영 아나운서, 알고보니 주당? \'네비맨\' 오상진 귀여운 애칭김성경이 폭로한 친언니 김성령 몸무게는? ""40kg대 아니야""좋아요0훈훈해요0슬퍼요0화나요0후속기사 원해요0기사제공 :']"
11,삼성전자, 2017-08-2316:24,동아일보 ,8.2 부동산대책 피한 ‘평택 소사벌 푸르지오’ 눈길,https://finance.naver.com/news/news_read.nhn?article_id=0003089178&office_id=020&mode=search&query=삼성전자&page=3,"['       8.2 부동산대책 피한 ‘평택 소사벌 푸르지오’ 눈길      기사입력2017-08-23 16:24기사원문좋아요훈훈해요좋아요 평가하기공감좋아요0훈훈해요0슬퍼요0화나요0후속기사 원해요0댓글8.2 부동산대책으로 인해 수도권 비규제 지역으로 수요자들의 관심이 집중되고 있다. 지난 2일 정부가 내놓은 ‘실수요 보호와 단기 투기수요 억제를 통한 주택시장 안정화 방안’에는 투기과열지구와 투기지역 지정을 시작으로 전매제한부터 다주택자 양도세 강화 및 투기지역 담보대출제한 강화까지 포함되는 등 강도 높은 규제가 담겼다. 이번 규제는 서울과 세종, 부산, 경기 성남, 하남, 남양주, 동탄2 등 일부 지역에 집중돼 있어 수도권 비규제 지역으로 이른바 ‘풍선효과’가 나타날 것으로 예상된다. 특히 이번 규제에서 제외된 경기도 평택이 반사이익을 누릴 것으로 보인다.경기도 평택은 서울 접근성뿐만 아니라 평택 미군기지 이전, 스타필드 안성, SRT지제역 개통 등 대형 개발호재가 많다. 주한미국기지 이전에 따른 ‘평택시 지원 특별법’으로 인해 전국서 청약이 가능한 점도 장점이다.대형건설사인 대우건설과 대림산업이 평택시 소사벌 택지지구 B-1블록에 시공하는 ‘평택 소사벌 푸르지오’가 성황리 분양 중이다. 평택 내 가장 큰 공공택지지구인 소사벌지구에 선보이는 ‘평택 소사벌 푸르지오’는 지하 1층 ~지상 25층 아파트 6개 동 규모로 조성된다. 주택형은 전용면적 83㎡ 단일형으로 구성됐다. 올해 개통된 수서발 고속철도(SRT) 평택지제역뿐만 아니라 삼성전자 고덕산업단지 조성(예정), 평택항 개발(예정), 주한미군기지 이전(예정), LG전자 진위산업단지 조성(예정) 등 대형 개발호재가 풍부하다. 아파트 인근에는 생활편의시설이 마련돼 있다. 뉴코아아울렛, CGV, 평택시청 등이 단지로부터 가깝고, 향후 스타필드 안성(2019년 예정)이 들어서면 주거인프라가 더욱 개선될 전망이다. 통복천과 배다리 생태공원이 단지 주변에 있어 주거환경이 쾌적하다. 비전중학교가 단지 바로 옆에 위치해 입주민 자녀의 안전통학이 가능하다. 교통망으로는 SRT 평택지제역을 통해 강남 수서역까지 20분대, 대전까지 1시간 내로 이동할 수 있고, 간선급행버스체계(BRT) 정류장도 예정돼 있다. 자동차 이용 시 경부고속도로 안성IC와 평택~화성간고속도로 오성IC가 인접해 접근이 용이하다. 단지 내부에는 전 가구에 4베이(Bay) 판상형 구조의 혁신 설계를 적용했고, 특히 전용 83㎡C타입은 탑상형 코너 타입 구조의 단점을 극복한 신평면을 적용했다. 이를 통해 채광과 통풍을 극대화한다. 분양가는 3.3㎡ 당 평균 900만 원 중반대이며, 계약금 정액제, 중도금 전액 무이자가 적용된다. 견본주택은 경기도 평택시 비전동 1030번지(비전고등학교 맞은편)에 있다. 입주예정일은 2019년 3월이다.동아닷컴 이은정 기자 ejlee@donga.com▶ 동아일보 단독 / 동아일보 공식 페이스북▶ \'아직도 당신만 모르나 VODA\'ⓒ 동아일보 & donga.com, 무단 전재 및 재배포 금지동아일보 관련뉴스해당 언론사에서 선정하며 언론사 페이지(아웃링크)로 이동해 볼 수 있습니다.프리터족 1년새 25% 증가…알바하는 성인남녀 56% ""난 프리터족""깨끗한 나라, 릴리안 생리대 전 제품 환불 조치""누가 조상 묘비에 총을 쐈을까""…두 번 죽이는 일\'고수익 미끼 동료 등에 11억 사기\' 법원 女공무원 법정구속독일서 \'트럼프 모양\' 엑스터시 5000정 압수좋아요0훈훈해요0슬퍼요0화나요0후속기사 원해요0기사제공 :']"
12,삼성전자, 2017-08-2316:16,파이낸셜뉴스 ,[갤럭시노트8 공개] 듀얼카메라-인피니티 디스플레이 '패블릿 제왕' 입증,https://finance.naver.com/news/news_read.nhn?article_id=0003862760&office_id=014&mode=search&query=삼성전자&page=3,"[""       [갤럭시노트8 공개] 듀얼카메라-인피니티 디스플레이 '패블릿 제왕' 입증      기사입력2017-08-23 16:16기사원문좋아요훈훈해요좋아요 평가하기공감좋아요0훈훈해요0슬퍼요0화나요0후속기사 원해요0댓글【뉴욕(미국)=이설영 기자】세계 정보기술(IT) 전문가들 사이에 갤럭시노트8이 '대화면 스마트폰(패블릿)의 제왕' 다운 최강의 기능을 갖췄을 것이라는 기대감이 굳어지고 있다. 갤럭시노트8 공개를 하루 앞둔 가운데 전문가들은 갤럭시노트8이 갤럭시 시리즈 중 처음으로 듀얼카메라를 장착하고 전면에 버튼을 완전히 없앤 인피니티 디스플레이로 화면 몰입감을 높이는 등 패블릿의 강점을 극대화할 수 있는 기능을 갖췄을 것으로 내다보고 있다.  삼성전자는 23일(현지시간) 미국 뉴욕에서 갤럭시노트8을 공개한다. 아직 삼성전자는 공식적으로 갤럭시노트8의 기능에 대한 정보를 내놓지 않고 있다.   ■티저 영상 통해 최강의 갤노트8 듀얼카메라 '귀띔'         후면 카메라의 듀얼렌즈 기능을 강조하고 있는 삼성전자의 갤럭시노트8 티저 영상   업계에서는 갤럭시노트8이 삼성전자의 패블릿 시장 최장자리를 굳히는 결정타가 될 것으로 예상하고 있다.  삼성전자는 최근 공개한 갤럭시노트8 관련 티저 동영상에서 듀얼렌즈를 통한 줌 기능과 화질을 강조했다. 전문가들은 갤럭시노트8의 후면 카메라에 2배(2X) 광학 줌(Zoom) 기능이 제공될 것으로 예측하고 있다. 스마트폰의 디지털 줌 기능은 줌인(Zoom in) 촬영 때 화질이 떨어지는 맹점이 있는데 광학 줌은 실제 렌즈가 이동하기 때문에 2배까지 사진을 확대해도 화질 저하 없이 선명한 사진을 찍을 수 있다. 전문가들은 갤럭시노트8의 카메라가 현존하는 스마트폰 카메라 중 최강의 성능을 보일 것으로 내다보고 있다.  또 갤럭시노트8은 갤럭시노트 시리즈의 상징인 'S펜'을 통해 창의적인 작업을 쉽고 간편하게 할 수 있도록 성능을 높였을 것으로 예상된다.   ■전면부에 홈 화면 없앴다 디자인에서도 갤럭시노트8은 기존 갤럭시노트 시리즈와 차별을 기할 것이라는 예상이 나오고 있다. 가장 큰 차이점은 홈버튼이 없어진 인피니티 디스플레이다. 갤럭시노트8은 기존 갤럭시 시리즈의 물리 홈버튼이 있던 자리까지 디스플레이로 채워 전면에는 카메라 렌즈와 홍채인식을 위한 적외선 렌즈만 남는 인피니티 디스플레이를 적용했을 것이라는게 시장의 예측이다.  지문 인식 스캐너 위치는 기기 뒷면으로 옮겨졌을 것으로 예상된다. 그야말로 갤럭시노트8 전면에는 영화를 보거나 문서작업을 하는데 방해가 되는 모든 것이 사라지는 셈이다.  디스플레이 크기도 전작인 갤럭시노트7 보다 커져 16㎝(6.3인치)가 됐을 것으로 예상된다.             (대)         2015년 2016년 2017년 2018년 2019년 2020년 2021년   4인치 이하 8560만 4380만 2270만 1310만 920만 700만 710만   4~5인치 6억1170만 4억2360만 3억6430만 3억3980만 3억1690만 2억9740만 2억9210만   5~5.5인치 4억4750만 5억7030만 6억3880만 6억8400만 7억2880만 7억6390만 7억9550만   5.5~7인치 2억9250만 4억3570만 5억910만 5억6600만 6억770만 6억5320만 6억7930만      (스태티스타)      ■ 커지는 패블릿 시장, 갤럭시노트가 주도한다 최근 세계 스마트폰 시장에서 13.97㎝(5.5 인치) 이상 화면크기의 패블릿폰의 수요는 급증하고 있다. 모바일 동영상족, 모바일 업무족들이 늘어나고 있기 때문이다. 통계전문 사이트인 스태티스타에 따르면 패블릿의 판매량은 올해 5억910만대로 5억대를 돌파한 뒤 2019년에는 6억대를 돌파할 것으로 예상된다. 12.7㎝(5인치) 이하 스마트폰 판매량은 줄어드는 대신 5인치 이상 스마트폰 판매량은 급속히 늘고 있는게 최근 스마트폰 시장의 추세다.  세계 스마트폰 시장에 패블릿이라는 영역을 만들어낸 주인공이 바로 갤럭시노트 시리즈다. 시장 전문가들은 패블릿 시장의 주인공인 갤럭시노트8이 최강의 기능과 2년의 대기수요까지 끌어안으면서 확고한 최강의 위치를 굳힐 것으로 기대하고 있다.  국내 증권가에서는 갤럭시노트8가 본격 출시되면 삼성전자 스마트폰 사업을 주도하는 IM부문의 연간 영업이익이 10조원을 넘어설 것이라는 예상도 나오고 있다.   ronia@fnnews.com 이설영 기자   ▶ 세상의 모든 골 때리는 이야기 'fn파스'▶ 속보이는 연예뉴스 fn스타  ※ 저작권자 ⓒ  파이낸셜뉴스. 무단 전재-재배포 금지파이낸셜뉴스 관련뉴스해당 언론사에서 선정하며 언론사 페이지(아웃링크)로 이동해 볼 수 있습니다.세계서 가장 예쁜 기상캐스터, 몸매 때문에 시청률이..불륜녀로 찍힌 걸그룹 출신 여성의 최후별장에서 벌거벗은 男 웃는 사진, 꽃뱀의 최후대왕 여드름인 줄 알고 짰다가 1시간만에.. 뜻밖의 사태배고플 때 호두를 먹으면 생기는 놀라운 변화좋아요0훈훈해요0슬퍼요0화나요0후속기사 원해요0기사제공 :""]"
13,삼성전자, 2017-08-2316:15,뉴스1 ,삼성생명-삼성전자 주식 쟁점 재부상…복잡한 셈법 딜레마,https://finance.naver.com/news/news_read.nhn?article_id=0002904767&office_id=421&mode=search&query=삼성전자&page=3,"['       삼성생명-삼성전자 주식 쟁점 재부상…복잡한 셈법 딜레마      기사입력2017-08-23 16:15기사원문좋아요훈훈해요좋아요 평가하기공감좋아요0훈훈해요0슬퍼요0화나요0후속기사 원해요0댓글삼성그룹 서초사옥 © News1보험사만 취득원가 인정하는 감독규정 특혜시비 반복당국 ""규정 개정 어려워, 법으로 해야""…국회로 공 넘겨(서울=뉴스1) 김영신 기자 = 삼성생명의 \'삼성전자 주식 매각\' 문제가 다시 주목받고 있다. 새 정부는 금융그룹 통합감독을 도입하는 등 대기업 계열 금융사에 대한 제재를 강화하는 정책 기조를 펼치고 있다. 여기에 더해 최근 정치권에서 삼성생명이 삼성전자 주식을 매각하면 삼성전자가 자사주로 사들일 수 있도록 하는 법안이 추진되고 있다. 삼성생명은 삼성전자 주식 매각을 둘러싼 딜레마에 빠져들고 있다.◇보험업법 특혜시비 반복…\'국정농단\'서도 등장현행 보험업법에 따르면 보험사는 대주주나 자회사의 채권·주식을 총자산의 3% 이하 금액에서만 소유할 수 있다. 삼성생명의 총자산은 올해 1분기 기준으로 199조원. 원칙적으로는 삼성전자 주식을 6조원 이하로만 가질 수 있다. 삼성생명의 삼성전자 주식 지분의 8.13%는 현재 시세로 30조원이 넘는다. 보험업법의 감독규정에서 보험사의 보유 주식 가치는 시가(공정가치)가 아니라 취득 원가로 평가하도록 규정한 덕이다. 삼성생명이 전자 주식을 샀을 당시 원가를 기준으로 하면 \'3%룰\'에 걸리지 않는 것이다.보험사의 보유 주식 가치는 취득 원가로 평가하는 보험업법 감독규정은 수년 넘게 삼성 특혜 시비 대상이었다. 국회에서는 보험사 주식도 시가로 평가하도록 하는 일명 \'삼성생명법\'(이종걸 의원 대표발의)도 추진되고 있다.삼성그룹이 금융지주사를 추진하면서 삼성생명의 전자 주식 매각 문제를 정부에 \'민원\'한 정황이 박근혜 전 대통령과 이재용 부회장 재판 과정에서 드러나기도 했다. 삼성생명을 금융지주사로 전환하면 금융지주회사법에 따라 삼성전자의 \'최대 주주\'가 아니어야 한다. 현재 최대 주주인 삼성생명이 2대 주주인 삼성물산(지분율 4.57%)보다 지분율을 낮추려면 현 지분 중 3.9%를 팔아야 한다. 역시 시세 가치로 10조원이 넘고, 매각 시 차익을 유배당 계약자들에게 돌려줘야 한다.1년 내 지분을 매각하면 배당 규모는 3조9000억원이지만, 7년에 걸쳐 매각하면 배당 규모는 1조8600억원으로 줄어든다. 삼성그룹은 삼성생명의 전자 주식 처분 기간을 7년으로 원했지만 금융당국이 받아들이지 않아 이 부회장이 박 전 대통령 독대에서 요청했다고 특검은 파악했다.국정농단 국면에서 삼성그룹은 금융지주사 전환을 보류하고, 삼성전자 자사주를 내년까지 소각한다고 지난 4월 밝혔다. 삼성전자의 자사주가 줄어들면 삼성생명의 지분율은 더 올라가고, 자연히 보험업법 감독 규정상 특혜 소지도 더 커진다.◇힘 못 받던 \'삼성생명법\', 이번엔 \'퇴로차단법\'…진통 예고박용진 더불어민주당 의원은 최근 법률 제·개정으로 특정 주주가 지분을 매각해야 할 때 매수자를 찾지 못하는 등 \'불가피한 사유\'가 있으면 특정 주주의 지분 매입을 허용하는 자본시장과 금융투자업법 개정안을 발의했다. 쉽게 말하면, 보험업법 개정으로 삼성생명이 삼성전자 지분을 팔아야 할 상황이 되면, 삼성전자가 즉시 살 수 있도록 하는 것이다. 삼성생명의 전자 주식 매각에 대해 \'막대한 주식이 시장으로 풀리면 마땅한 매수처가 없고 시장에 큰 혼란이 있다\'는 반론이 있었는데, 박 의원은 개정안에서 매입자는 즉시 매입 주식을 소각하도록 규정했다. 이런 이유에서 \'삼성 퇴로 차단법\'이라고 불린다. 언뜻 보면 삼성생명이 전자 주식을 매각하는 데 걸림돌이 사라진 것 같지만 삼성전자의 그룹 내 지분율이 떨어지고 삼성생명의 주식 매각 이익에 대한 세금과 배당 문제가 여전히 남는다.금융당국은 보험업법 감독규정 개정에 부정적이다. 최종구 금융위원장은 ""수십만명의 보험 계약자와 기업 지배구조가 너무 복잡하게 얽혀 있어 감독규정 조정보다는 법 개정으로 복잡한 문제를 다루는 게 타당하다""(21일 국회 정무위원회)라고 밝혔다. 공이 국회로 넘어간 셈인데 실제 법 개정까지 상당한 진통이 예고된다.eriwhat@▶ 여러분의 제보를 기다립니다. 제보하기(클릭!)[© 뉴스1코리아(news1.kr), 무단 전재 및 재배포 금지]뉴스1 관련뉴스해당 언론사에서 선정하며 언론사 페이지(아웃링크)로 이동해 볼 수 있습니다.""살충제 계란 먹어라"" 한명숙 출소현장에 \'박사모\' 출몰류여해 \'데이트폭력\' 강의계획서 논란에 ""라이브 토론하자""여자친구 엎드려 뻗치게 한뒤 장검으로 구타외출 미복귀 의경 투신…남겨진 \'의문의 유서\'도박장차려 수천만원 뜯어간 서면통합파 조폭좋아요0훈훈해요0슬퍼요0화나요0후속기사 원해요0기사제공 :']"
14,삼성전자, 2017-08-2316:15,조선비즈 ,"[마켓뷰] 코스피, 관망세 지속...외국인 이틀째 순매수",https://finance.naver.com/news/news_read.nhn?article_id=0000380702&office_id=366&mode=search&query=삼성전자&page=3,"['       [마켓뷰] 코스피, 관망세 지속...외국인 이틀째 순매수      기사입력2017-08-23 16:15기사원문좋아요훈훈해요좋아요 평가하기공감좋아요0훈훈해요0슬퍼요0화나요0후속기사 원해요0댓글 코스피지수는 오후 들어 기관의 매도 확대에 약세로 돌아섰지만, 외국인이 시간외 거래에서 뒷심을 발휘하며 소폭 상승 전환한 채 거래를 마쳤다. 그러나 거래금액 규모가 여전히 3조원대에 머물러 관망세는 지속되고 있다는 분석이다.네이버금융 캡쳐23일 코스피지수는 0.05%(1.07포인트) 오른 2366.40으로 장을 마쳤다. 오전에는 2370선을 넘어선 채로 장을 출발했지만, 오후 들어 2360선 초반까지 떨어지기도 했다.코스닥지수는 전날보다 0.09%(0.55포인트) 하락한 643.71로 마감했다.◆ 외국인 뒷심에 소폭 상승 전환…거래규모는 여전히 ‘관망’순매도로 장을 출발한 기관이 점차 그 규모를 늘리자 오후 들어 코스피지수는 하락세로 돌아섰다. 그러나 외국인이 오후 3시 31분 시간외거래에서 급격하게 순매수 규모를 확대하자 지수는 다시 상승 전환했다.이날 유가증권시장에서 외국인은 1038억원, 개인은 786억원 순매수했고, 기관은 1938억원 순매도했다.특히 기관의 순매도는 금융투자(증권사)가 1119억원, 국가·지자체의 물량이 1054억원을 기록했다. 국가·지자체에는 차익거래를하는 우정사업본부가 포함된다. 차익거래란 동일한 상품이 현물과 선물 두 개의 시장에서 각각 다른 가격으로 거래될 때 상대적으로 비싼 것을 매도하고 동시에 싼 것을 매수해 차익을 얻는 매매기법이다. 이날 프로그램 매매에서 국가·지자체의 차익 순매도는 1146억원을 기록했다.그러나 장 마감 즈음 외국인이 오전부터 순매수한 전기전자(IT)주에 대한 매수 규모를 대폭 늘리면서 상황이 역전됐다. 외국인은 오후 3시 21분 기준 전기전자 업종을 735억원어치 순매수했는데, 10분 뒤인 3시 31분 기준 순매수 금액은 1006억원을 기록했다. 이날 금액 기준 외국인의 순매수 업종 1위 종목은 삼성전자(005930)로 집계됐다. 이에 코스피 시가총액 1위 종목인 삼성전자는 전날 보다 1.02% 오른 237만4000원에 거래를 마쳤다.거래금액은 3일째 3조원(3조9183억원)대에 머물렀다. 박춘영 대신증권 연구원은 “아직 거래량이 회복되고 있지 않다”며 “을지훈련, 잭슨홀 연설 등에 대한 관망세가 이어지고 있는 것”이라고 말했다.다만, 박석현 유진투자증권 연구원은 “8월은 휴가 등이 많아 계절적으로 거래량이 적다”며 “심리적 요인에 의한 침체로만 보기는 어렵다”고 분석했다.◆ 미국 증시 추세적 상승 기대 약해…트럼프 강경 발언 “정부 폐쇄”전문가들은 이날 오전 지수가 2370선을 넘어서는 등 큰 상승폭을 보인 것이 트럼프 대통령의 정책 이행 기대감 때문이었지만, 이는 최근 하락세를 지속했던 미국 증시의 추세적인 반등을 의미한다고 보기는 힘들다고 분석했다.박석현 유진투자증권 연구원은 “전날 미국 증시의 상승을 주도했던 주요 요인은 트럼프 대통령과 공화당의 관계가 개선될 여지가 보이면서 세법 개정안 등 정책 이행에 대한 기대감이 커졌기 때문”이라며 “그러나 이는 최근 하락을 지속했던 미국 증시가 추세적인 반등을 지속할지에 대해서는 의문을 남기는 요소였다”고 설명했다.이런 상황에서 이날 오후 트럼프 대통령이 멕시코 장벽 건설에 필요하다면 연방정부 폐쇄도 불사할 수 있다는 뜻을 내비쳤다는 소식이 전해졌다. 그는 애리조나주 피닉스에서 열린 지지 집회에서 멕시코 장벽 건설에 반대하는 민주당 의원들을 ‘의사방해자(obstructionist)’라고 비판하면서 “우리는 어떤 방법으로든 그 장벽을 갖게 될 것”이라고 강경 입장을 밝혔다.민주당이 장벽 건설에 반대하면서 2018 회계연도(2017년 10월~2018년 9월) 예산안에 장벽건설 재원이 포함되지 못하면 정부 폐쇄를 감내하겠다는 의지를 보였다는 분석이다. 만약 9월 30일까지 미국 예산안이 통과되지 않으면 오는 10월 1일부터 미국 정부는 ‘셧다운(잠정 폐쇄)’에 들어가게 된다.서상영 키움증권 연구원은 “트럼프의 강경 발언으로 또 다시 정책 이행에 대한 불확실성이 커지면 국내 증시에도 부정적인 영향을 미칠 수 있다”고 말했다.[이선목 기자 letswin@chosunbiz.com]chosunbiz.com조선비즈 관련뉴스해당 언론사에서 선정하며 언론사 페이지(아웃링크)로 이동해 볼 수 있습니다.민영 교도소 차리고 \'떼돈\'…한해 매출 2.5조""3000만원 싸게"" 집 회수하는 다주택자들""한국 가지 말라니깐…"" 골치 아픈 중국무조건 사드 탓? 중국인에 난리 난 \'한국 제품\'""내 돈 어떡해""…용산땅 사들인 건설사 망연자실좋아요0훈훈해요0슬퍼요0화나요0후속기사 원해요0기사제공 :']"
15,삼성전자, 2017-08-2316:14,전자신문 ,"[미래기업포커스]쓰리에이씨, 실내 미세먼지·유해가스 걱정 '싹'",https://finance.naver.com/news/news_read.nhn?article_id=0002636147&office_id=030&mode=search&query=삼성전자&page=3,"[""       [미래기업포커스]쓰리에이씨, 실내 미세먼지·유해가스 걱정 '싹'      기사입력2017-08-23 16:14기사원문좋아요훈훈해요좋아요 평가하기공감좋아요0훈훈해요0슬퍼요0화나요0후속기사 원해요0댓글 삼성전자, 코웨이 등 국내 굴지의 가전업체가 선택한 필터 강소기업 쓰리에이씨(대표 채병화)가 새로운 도약의 계기를 맞았다. 지난해부터 전북 정읍시 첨단과학일반산업단지 내 9567㎡(약 2894평) 부지에 40억원을 투자해 신축한 공장이 이달부터 상업 생산에 들어갔다.쓰리에이씨 공기청정기용 탈취집진 복합필터.회사는 삼성전자와 코웨이 등과의 파트너십과 함께 기업간거래(B2B) 사업 체계를 갖췄다. 생산 시설을 현대화한 정읍 공장을 기반으로 글로벌 기업으로의 도약을 앞두고 있다.쓰리에이씨는 해외 시장 공략을 위해 태국 법인(2013년)과 중국 법인(2016년)을 신설, 운영하고 있다. 정읍 공장 준공을 기반으로 사업 다각화와 세계화에 속도를 낸다.쓰리에이씨는 '맑은 공기, 깨끗한 물, 쾌적한 환경'을 추구하는 기술과 제품 개발에 주력하는 강소기업으로, 핵심 분야는 공기필터다.공기청정기 필터는 '프리-탈취-헤파' 3단계로 이뤄진다. 프리필터는 큰 먼지를 걸러 주는 역할, 탈취필터는 유해가스 제거, 헤파필터는 미세먼지를 제거한다. 필터 기술 노하우는 낮은 압력 손실에서 높은 제거 효율을 보이느냐에 달려 있다. 쓰리에이씨는 이 두 가지 모두 우수한 성능을 갖춘 필터를 생산한다.쓰리에이씨 공기청정기용 프리필터.쓰리에이씨는 폴리에틸렌테레프탈레이트(PET)를 이용한 극세사 복합섬유를 이용해 더 낮은 압력 손실에서 더 좋은 집진 효율 성능을 갖춘 인서트 사출형 프리필터를 개발, 생산한다.탈취필터에는 활성탄 탈취 능력을 높이기 위해 두 가지 이상 탈취 능력이 있는 물질을 동시에 첨착하는 촉매를 특허 취득해 사용한다. 이 기술로 제조된 활성탄을 이용해 탈취필터를 제작한다. 품질이 일본 제품과 비교해도 동등 이상으로 과거 수입에 의존하던 첨착 활성탄을 국산화했다.쓰리에이씨 필터가 탑재된 제품은 지난해 소비자원의 공기청정기 성능과 안전성 관리비용 등 평가에서 가장 우수한 성능을 보였다.권석규 쓰리에이씨 사장은 “2020년까지 활성탄 고부가 가치화 연구와 해외 시장 공략을 통해 글로벌 강소기업으로 발돋움할 것”이라면서 “수출 주도형 중소기업으로 성장해 신소재·재료 분야로 사업을 확대·성장할 계획”이라고 밝혔다.쓰리에이씨 개요함봉균 산업정책부(세종) 기자 hbkone@etnews.com▶ 전자신문 인기 포스트▶ 전자신문 공식 페이스북▶ 전자신문 바로가기 [Copyright ⓒ 전자신문 & 전자신문인터넷, 무단전재 및 재배포 금지]전자신문 관련뉴스해당 언론사에서 선정하며 언론사 페이지(아웃링크)로 이동해 볼 수 있습니다.LG전자, 미국에 전기차 부품공장 세운다검색어 입력 없어도 검색...네이버 '스마트서치'로 진화LG이노텍, 광학솔루션 인력 6개월새 800명 충원 왜?3초만 불면 다이어트 효과 알 수 있는 측정기 등장보편요금제까지?...이통사 몰아붙이는 과기정통부좋아요0훈훈해요0슬퍼요0화나요0후속기사 원해요0기사제공 :""]"
16,삼성전자, 2017-08-2316:13,이데일리 ,`갤노트8`에 벌써 실망?…D데이에 하락한 IT부품株,https://finance.naver.com/news/news_read.nhn?article_id=0003904938&office_id=018&mode=search&query=삼성전자&page=3,"['       `갤노트8`에 벌써 실망?…D데이에 하락한 IT부품株      기사입력2017-08-23 16:13기사원문좋아요훈훈해요좋아요 평가하기공감좋아요0훈훈해요0슬퍼요0화나요0후속기사 원해요0댓글- 삼성전자, 오늘 밤 12시 미국서 언팩- 아이폰8 기대감에 밀린 갤노트8 수혜주- 하루새 차익실현 매도세 나선 투자자[이데일리 정수영 기자] 삼성전자의 하반기 전략 스마트폰인 `갤럭시노트8` 출시를 앞두고 일제히 상승세를 보이던 IT부품주(株)가 공개 당일인 23일 하락세로 돌아섰다. 갤노트8 기대감에 최근 며칠간 매수세가 이어졌지만 전력이 노출되면서 오히려 애플의 아이폰8 기대감에 밀리는 모양세다. 다만 하반기 갤노트8과 아이폰8뿐 아니라 LG전자의 V30, 중화권 업체의 전략모델까지 글로벌 스마트폰업체의 신모델 출시가 줄줄이 예정돼 있어 IT주 반등 기대감은 여전히 높은 상황이다. 삼성전자는 이날 자정(한국시간 24일 0시) 미국 뉴욕 파크애비뉴 아모리에서 ‘삼성 갤럭시 언팩 2017’ 행사를 통해 갤노트8을 공개한다. 출시가 임박해지자 주식시장에선 카메라모듈 분야가 수혜주로 떠올랐다. 삼성전자가 처음으로 듀얼 카메라를 채택해 싱글에서 듀얼로 카메라 전략 변화를 시작했기 때문이다. 수혜 대상은 삼성전기(009150) LG이노텍(011070) 대덕GDS(004130) 자화전자(033240) 옵트론텍(082210)으로 분류된다. 하지만 상당수가 이날 투자자들의 차익실현 움직임에 하락 마감했다. 갤노트8 듀얼카메라 수요의 80% 이상을 공급하는 삼성전기는 전날보다 1.41% 떨어진 9만7500원에 장을 마쳤다. 전날까지 6거래일 연속 상승세를 보이며 8.9% 오르자 입루 투자자들이 서둘러 차익실현에 나선 것이다. 옵트론텍도 6거래일 연속(21일 보합) 오름세를 이어간 후 이날 3.64% 떨어진 채 마감했다. 대덕GDS(-0.81%)도 상승 하루만에 하락세로 장을 마쳤다. 이는 갤노트8에 대한 실망감, 이후 나올 아이폰8에 대한 상대적 기대감이 커진 때문이다. 김지산 키움증권 연구원은 “언팩 행사 전에 갤노트8 정보가 인터넷에 노출되면서 기대치에 비해 다소 실망스런 분위기가 형성됐다”며 “이는 오히려 하반기 시장을 주도할 스마트폰은 아이폰8이 될 것이란 기대감을 높이는 결과로 이어졌다”고 분석했다. 실제 갤노트8의 수혜주이기도 하지만 아이폰8의 최대 수혜주로 꼽히는 LG이노텍의 경우 이날 주가가 2.61% 오른 17만7000원에 장을 마쳤다. 장 중 한 때 18만원까지 오르며 52주 최고가를 기록하기도 했다. 삼성SDI(006400)도 마찬가지로 이날 1.89% 오른 18만9000원에 장을 마쳤다. 다만 하반기 글로벌 기업들의 줄줄이 스마트폰 출시 분위기가 7월말부터 이탈 흐름을 보인 외국인의 IT주에 대한 관심을 다시 불러오는 매개 역할을 할 것이란 전망도 나온다. 박강호 대신증권 연구원은 “글로벌 스마트폰 업체의 경쟁적인 신모델 출시는 반도체, 카메라, PCB(연성), MLCC 등 부품업체의 매출 증가로 이어질 것”이라며 “이 3분기 IT 업종에 투자수요가 몰리는 결과로 이어질 수 있다”고 전망했다.정수영 (grassdew@edaily.co.kr)▶심쿵유발 스타 화보 [핫포토]▶[페이스북] 보러가기~♥ | [카카오톡] 플친 맺기~♥＜ⓒ종합 경제정보 미디어 이데일리 - 무단전재 & 재배포 금지＞이데일리 관련뉴스해당 언론사에서 선정하며 언론사 페이지(아웃링크)로 이동해 볼 수 있습니다.한명숙 새로운 세상 드디어 만나..당당하게 살아갈 것(종합)北김정은, 美공격시 부인 리설주 등 3명과 中으로 탈출..딸은 제외가게 팔아도 빚 못갚는 자영업자 12만 \'시한폭탄\'현대차 ""미국시장 겨냥 픽업트럭 출시""세끼 다먹으며 살 뺀다…요요걱정 없는 \'종이컵 다이어트\' 화제좋아요0훈훈해요0슬퍼요0화나요0후속기사 원해요0기사제공 :']"
17,삼성전자, 2017-08-2316:02,뉴시스 ,"'이재용 생중계' 공익 없다고 본 까닭···""무죄추정 고려""",https://finance.naver.com/news/news_read.nhn?article_id=0008136542&office_id=003&mode=search&query=삼성전자&page=3,"['       \'이재용 생중계\' 공익 없다고 본 까닭···""무죄추정 고려""       기사입력2017-08-23 16:02기사원문좋아요훈훈해요좋아요 평가하기공감좋아요0훈훈해요0슬퍼요0화나요0후속기사 원해요0댓글법원, 25일 이재용 1심 선고 생중계 \'불허\'공익 vs 사익···""생중계로 공익 인정 어려워"" 【서울=뉴시스】강진아 기자 = 사법 사상 최초의 생중계가 될 것으로 관심을 모았던 이재용(49) 삼성전자 부회장의 1심 선고 중계가 불발된 것은 피고인들이 입게 될 불이익보다 공익이 크다고 인정되지 않은 것으로 풀이된다. 이 부회장의 1심 사건을 맡은 서울중앙지법 형사합의27부(부장판사 김진동)는 23일 생중계 촬영 및 중계를 허용하지 않는 결정을 내리면서 그 이유로 공공의 이익이 피고인들의 손해보다 크다고 인정하기 어렵다고 밝혔다. 재판부가 생중계를 허용하게 되면 온 국민이 실시간으로 선고 과정을 지켜볼 수 있게 되는데, 이 경우 피고인인 이 부회장과 삼성 전직 임원들이 가질 부담 등을 고려한 것으로 분석된다. 국민들이 선고 과정을 모두 지켜볼 수 있어 결과에 대한 이해도가 높아질 수 있겠지만, 유죄가 선고될 경우 1심 결과만으로 확정 판결처럼 여길 수 있다는 우려가 따르기 때문이다. 재판부가 헌법에서 보장하고 있는 \'무죄추정의 원칙\'을 고려했다고 덧붙인 것도 같은 맥락이다. 헌법은 \'형사피고인은 유죄의 판결이 확정될 때까지 무죄로 추정된다\'고 정하고 있다. 또 이 부회장과 공범관계로 함께 재판에 넘겨진 미래전략실 최지성(66) 전 실장(부회장), 장충기(63) 전 차장(사장), 삼성전자 박상진(64) 전 사장, 황성수(55) 전 전무 등 삼성 전직 임원 4명이 입게 될 불이익도 고려사항 중 하나로 작용했다. 【서울=뉴시스】김선웅 기자 = 최지성 전 삼성그룹 미래전략실 실장이 7일 오후 서울 서초구 서울중앙지방법원에서 열린 \'최순실 뇌물\' 관련 결심 공판에 출석하고 있다. 2017.08.07. photo@newsis.com 이들이 삼성의 주요 직책을 지냈긴 하지만 삼성그룹 일가인 이 부회장과 달리 공중에 노출됐을 때 입을 불이익이나 손해가 크다고 판단한 것으로 보인다. 재판부는 ""선고의 촬영·중계로 이뤄질 공공의 이익과 피고인들이 입게 될 불이익 및 손해 등 피고인의 사익을 비교했을 때 생중계가 공공의 이익을 위한 것으로 상당하다고 인정하기 어렵다""고 설명했다. 당사자인 이 부회장 등 피고인들이 생중계에 동의하지 않은 것도 영향을 미친 것으로 판단된다.  이 부회장과 최 전 실장 등 5명은 이날 선고 재판의 촬영·중계에 모두 동의하지 않는다는 내용의 의견서를 재판부에 제출했다. 대법원은 1심과 2심의 주요사건 판결 선고의 중계가 가능하도록 규칙을 개정하면서 피고인의 동의가 없는 때에는 공공의 이익을 위해 상당하다고 인정되는 경우에만 할 수 있도록 규정했다. 앞서 재판부가 4월7일에 열린 이 부회장의 첫 공판 당시 언론의 촬영을 허가하지 않아 생중계가 어려울 것이란 관측도 나왔다. 최순실(61)씨 등 국정농단 사건이 사회적 관심을 받으면서 법원은 사건의 중요성 등을 고려해 첫 공판에서 재판 시작 전 언론의 촬영을 허용했다. 박근혜(65) 전 대통령과 최씨의 삼성 뇌물 사건, 최씨의 미르·K스포츠재단 및 한국동계스포츠영재센터 사건 등이다. 하지만 이 부회장 등 뇌물공여 사건과 김기춘(78) 전 대통령 비서실장 등 블랙리스트 사건은 당시 각 재판부에서 법정 촬영을 불허했다.【서울=뉴시스】최진석 기자 = 이재용 삼성전자 부회장의 1심 선고 공판 방청권 공개추첨일인 22일 오전 서울 서초구 서울회생법원 제1호 법정에서 법원 관계자들이 방청 응모권을 추첨하고 있다. 법원은 약 150석 규모의 417호 대법정 좌석에서 소송관계인과 취재진 등의 좌석을 제외한 나머지 자리를 추첨, 방청권은 이 부회장 선고일인 25일 오후 1시30분부터 법원종합청사 서관 1층 입구에서 배부한다. 좌석은 신분 확인을 거쳐 임의로 배정되며, 다른 사람에게 양도 또는 대여할 수 없다. 2017.08.22.  myjs@newsis.com이 외에 생중계로 진행될 경우 재판부가 안게 될 부담도 감안했을 것으로 관측된다.  이 부회장의 뇌물공여를 두고 여론이 첨예하게 갈리는 가운데 재판부가 어떤 결론을 내놓든 반대 입장 측으로부터 뭇매를 피하기 어렵기 때문이다. 한편 이 부회장의 1심 선고 생중계가 허용되지 않으면서 오는 10월 선고가 이뤄질 것으로 예상되는 박 전 대통령과 최씨의 1심 재판이 최초의 생중계가 될지 관심이 더욱 쏠리고 있다. akang@newsis.com▶ 뉴시스 빅데이터 MSI 주가시세표 바로가기 ▶ 뉴시스 SNS [페이스북] [트위터]뉴시스 관련뉴스해당 언론사에서 선정하며 언론사 페이지(아웃링크)로 이동해 볼 수 있습니다.이재용 선고 TV 생중계 안한다···""공익 인정 어려워""좋아요0훈훈해요0슬퍼요0화나요0후속기사 원해요0기사제공 :']"
18,삼성전자, 2017-08-2315:59,연합뉴스 ,"'잭슨홀' 앞두고 짙어지는 관망세…2,360선 지킨 코스피",https://finance.naver.com/news/news_read.nhn?article_id=0009493665&office_id=001&mode=search&query=삼성전자&page=3,"['       \'잭슨홀\' 앞두고 짙어지는 관망세…2,360선 지킨 코스피      기사입력2017-08-23 15:59기사원문좋아요훈훈해요좋아요 평가하기공감좋아요0훈훈해요0슬퍼요0화나요0후속기사 원해요0댓글[연합뉴스 자료사진]외국인 이틀연속 순매수에 강보합 마감…코스닥은 소폭 하락 (서울=연합뉴스) 전명훈 기자 = 코스피가 이틀 연속 상승했다. 국제 통화 정책 이벤트인 \'잭슨홀 미팅\'을 앞두고 관망세가 짙어져 상승 폭은 크지 않았다.    코스피는 23일 전 거래일보다 1.07포인트(0.05%) 오른 2,366.40으로 거래를 마감했다.    개장 때 전날보다 11.20포인트(0.47%) 오른 2,376.53에 출발해 2,380선 돌파까지 넘봤지만, 기관의 매도세가 거세지면서 상승 폭을 대부분 반납했다.    이날 기관은 1천983억원 규모 순매도로 지수 상승을 억제했다.    외국인은 1천38억원 매수 우위였다. 이틀 연속 \'사자\'에 나선 외국인은 폐장 직전 순매수량을 크게 늘렸다. 장 마감 직전까지 약보합세를 보이던 코스피도 이 영향으로 하락세를 벗어났다.    개인 역시 786억원 순매수로 지수 상승에 힘을 보탰다.    이날 유가증권시장 거래대금은 3조9천억원으로 집계됐다. 올해 평균 거래대금(5조1천억원)보다 23.40% 낮은 수준이다.     김대준 한국투자증권 수석연구원은 ""중요 국제통화 이벤트인 잭슨홀 미팅이 끝나기 전까지는 투자자들의 관망세가 짙어져 뚜렷한 방향 전환은 없을 것""이라며 ""정보기술(IT)주가 오른 것은 미국의 세제 개편 이슈가 다소 커진 점과 노트8 출시 기대감이 반영된 것""이라고 설명했다.    시가총액 상위주는 등락이 엇갈렸다.     갤럭시 노트8 발표를 앞둔 대장주 삼성전자는 1.02% 올랐다. 한국전력(0.46%), LG화학(0.83%), 삼성물산(2.28%), NAVER(0.78%), 신한지주(0.19%) 등이 함께 상승했다.    SK하이닉스(-0.29%), 현대차(-0.34%), 포스코(-2.79%), 현대모비스(-0.20%) 등은 약세로 장을 마쳤다.    업종별로는 유통업(1.17%), 의료정밀(1.06%), 전기전자(0.90%), 건설업(0.74%), 섬유의복(0.58%) 등이 상승한 반면, 철강금속(-2.10%), 증권(-1.03%), 의약품(-0.99%), 통신업(-0.75%), 비금속광물(-0.72%) 등은 하락했다.    코스닥지수는 전날보다 0.55포인트(0.09%) 하락한 643.71에 거래를 마쳤다.    코스닥지수는 3.53포인트(0.55%) 오르며 장을 출발했지만 장중 하락세로 돌아섰다.    시가총액 10위 내 종목 대부분이 하락한 영향이 컸다.    셀트리온(-1.97%), 셀트리온헬스케어(-0.41%), 메디톡스(-0.80%), CJ E&M(-1.69%), 휴젤(-2.04%), 코미팜(-0.81%), SK머티리얼즈(-0.11%) 등이 모두 약세였다.    다만 로엔(3.29%), 바이로메드(9.11%), 포스코컴텍(1.57%) 등은 상승했다.    id@yna.co.kr최신 유행 트렌드 총집결(클릭!)연합뉴스 관련뉴스해당 언론사에서 선정하며 언론사 페이지(아웃링크)로 이동해 볼 수 있습니다.\xa0칼 12자루 허리 차고 교사 협박하러 학교 간 이모\xa0배용준-박수진 ""둘째 가졌습니다…임신 초기""\xa0이영애, K-9 훈련 순직 李상사 아들 학비 전액지원\xa0야간훈련 예비군 13명 단체로 \'습격\' 받아…병원 치료\xa0성희롱 피해 신입 여경…되레 곤혹스런 처지, 왜?좋아요0훈훈해요0슬퍼요0화나요0후속기사 원해요0기사제공 :']"
19,삼성전자, 2017-08-2315:58,매일경제 ,"코스피, 잭슨홀 미팅 앞두고 강보합 마감",https://finance.naver.com/news/news_read.nhn?article_id=0004001375&office_id=009&mode=search&query=삼성전자&page=3,"['       코스피, 잭슨홀 미팅 앞두고 강보합 마감       기사입력2017-08-23 15:58기사원문좋아요훈훈해요좋아요 평가하기공감좋아요0훈훈해요0슬퍼요0화나요0후속기사 원해요0댓글 코스피가 \'잭슨홀 미팅\'을 앞두고 강보합으로 마감했다. 거래대금이 4조원에도 못 미치는 등 투자자들의 눈치보기 장세가 이어졌다.23일 코스피는 전일 대비 1.07포인트(0.05%) 오른 2366.40에 거래를 마쳤다. 이날 코스피는 11.20포인트 오른 2376.53에 개장한 후 낮 12시경 하락으로 돌아섰다. 대북 리스크가 심화되면서 지난 11일 2310선까지 하락했던 지수는 이달 중순부터 반등세를 보이며 2360선을 회복했다. 하지만 실적 시즌 종료되면서 별다른 모멘텀을 찾지 못해 관망심리가 강해지는 모습이다. 최근 일별 거래대금이 3조~4조원대에 머무르고 있고 이날도 거래대금이 3조9200억원에 그쳤기 때문이다. 글로벌 증시의 관심은 오는 25일부터 진행되는 미국 연방준비제도(Fed·연준)의 연례경제심포지엄 \'잭슨홀 미팅\'으로 쏠리고 있다. 특히 한국 시간으로 오는 27일 0시 연설에 나설 재닛 옐런 미국 연준 의장이 미국의 금리 인상 경로에 대해 어떤 견해를 내놓을지 주목된다. 앞서 벤 버냉키 의장은 2010년과 2012년 양적완화 규모를 확대할 때 잭슨홀 연설을 활용했다. 옐런 의장도 이번 연설에서 연내 금리인상 가능성을 부각시킬 것이란 전망이 우세하다. 김대준 한국투자증권 연구원은 ""관망심리가 확산된 것은 아무래도 2분기 어닝시즌이 종료한 영향이 크다. 실적 모멘텀이 사라졌기 때문""이라며 ""매년 8월마다 열리는 잭슨홀 심포지엄을 기점으로 주식시장 흐름이 급변했고 투자자들도 이러한 결과를 충분히 인식하고 있다""고 말했다. 이어 ""수급에서 확인되는 관망세가 이를 방증한다""라며 ""시장 참여자들은 예상보단 대응에 방점을 두고 있다""고 덧붙였다. 업종별로 유통업, 의료정밀, 전기·전자 등이 오른 반면, 철강금속, 증권, 의약품 등은 떨어졌다. 매매주체별로 외국인과 개인이 각각 1038억원, 786억원을 순매수했고 기관은 1983억원을 순매도했다. 프로그램 매매는 616억원 매도 우위를 나타냈다.시가총액 상위 종목들은 대체로 혼조세로 마감했다. 삼성전자, LG화학, 삼성물산, NAVER 등은 강세를 보였고 SK하이닉스, 현대차, POSCO는 내림세를 나타냈다.이날 유가증권시장에서는 1개 상한가를 포함해 306개 종목이 상승했고 479개 종목이 하락했다. 코스닥은 전일 대비 0.55포인트(0.09%) 내린 643.71에 마감했다. [디지털뉴스국 고득관 기자][매일경제 공식 페이스북] [오늘의 인기뉴스] [매경 프리미엄][ⓒ 매일경제 & mk.co.kr, 무단전재 및 재배포 금지]매일경제 관련뉴스해당 언론사에서 선정하며 언론사 페이지(아웃링크)로 이동해 볼 수 있습니다.아이비, \'8살 연하남친 고은성\' 홀린 특급 글래머 몸매[아하 이렇구나] 만약 전쟁나면 은행에 맡겨 둔 내 돈의 운명은?문지애 득남…""MBC 제작거부 아나운서 응원""인스타에서 \'명품 자랑\' 美재무장관 부인 결국…서예지, \'파격 노출\' 시선집중 ""베이글녀가 따로 없네""좋아요0훈훈해요0슬퍼요0화나요0후속기사 원해요0기사제공 :']"
0,삼성전자, 2017-08-2315:57,뉴시스 ,"[마감시황]코스피 강보합 마감···기관, 나 홀로 순매도",https://finance.naver.com/news/news_read.nhn?article_id=0008136498&office_id=003&mode=search&query=삼성전자&page=4,"[""       [마감시황]코스피 강보합 마감···기관, 나 홀로 순매도      기사입력2017-08-23 15:57기사원문좋아요훈훈해요좋아요 평가하기공감좋아요0훈훈해요0슬퍼요0화나요0후속기사 원해요0댓글【서울=뉴시스】추상철 기자 = 22일 오후 서울 중구 KEB하나은행 딜링룸.  2017.08.22. scchoo@newsis.com【서울=뉴시스】남빛나라 기자 = 23일 코스피가 소폭 상승 마감하며 2360선에서 장을 마쳤다. 이날 코스피는 미국 증시의 상승에 힘입어 전 거래일(2365.33)보다 11.2포인트(0.47%) 오른 2376.53으로 출발했다. 이후 2360선에서 등락을 거듭하다가 전일 대비 1.07포인트(0.05%) 오른 2366.40으로 마감했다. 철강 관련 주의 하락과 하루 만에 순매도세로 전환한 기관이 장 초반의 상승세를 눌렀다. 이날 유가증권시장(코스피)에서 개인(+782억원)과 외국인(+1040억원)은 순매수세였지만 기관은 1984억원 매도 우위를 나타냈다. 코스피를 업종별로 보면 유통업(+1.17%), 의료정밀(+1.06%), 전기전자(+0.90%), +건설업(+0.74%), 섬유의복(+0.58%), 제조업(+0.21%) 등이 올랐다.반면 철강금속(-2.10%), 증권(-1.03%), 의약품(-0.99%), 통신업(-0.75%), 비금속광물(-0.72%), 운수창고(-0.67%), 종이목재(-0.52%), 보험(-0.50%), 금융업(-0.49%) 등은 하락 마감했다.코스피 시가총액 상위종목을 보면 대장주 삼성전자는 1.02% 오른 237만4000원을 기록했다. 하반기 전략 프리미엄폰 '갤럭시노트8' 공개를 하루 앞둔 삼성전자는 이틀 연속 상승세를 이어갔다.삼성전자우(+1.40%), 한국전력(+0.46%), LG화학(+0.83%), 삼성물산(+2.28%), NAVER(+0.78%), 신한지주(+0.19%) 등은 빨간불(상승)을 켰다. SK하이닉스(-0.29%), 현대차(-0.34%), POSCO(-2.79%) 등은 약세였다. 깨끗한나라는 장중 한때 52주 신저가를 찍은 뒤 8.68% 내린 4210원으로 장을 마쳤다. 깨끗한 나라는 안전성 논란이 불거진 생리대 릴리안에 대한 환불 조치를 진행하겠다고 이날 장중 발표했다.창업자 이해진 전 의장이 보유주식 11만주(0.33%)를 블록딜로 처분한 네이버는 0.78% 상승한 77만3000원을 기록했다.코스닥지수는 전 거래일(644.26)보다 0.55포인트(0.09%) 내린 643.71로 마감했다.코스피 이전 상장에 대한 기대감이 모이면서 이틀 연속 상승했던 셀트리온은 1.97% 내린 11만4700원으로 장을 마쳤다. south@newsis.com▶ 뉴시스 빅데이터 MSI 주가시세표 바로가기 ▶ 뉴시스 SNS [페이스북] [트위터]뉴시스 관련뉴스해당 언론사에서 선정하며 언론사 페이지(아웃링크)로 이동해 볼 수 있습니다.공매도 규제 실효성 강화...개미 눈물 닦아줄까8·2대책 풍선효과···신용대출 등 은행 기타대출 최대[MSI급락주]신세계, 영업환경 부진 전망에 시장심리 급락[빅데이터MSI]오후 2시 주식시장 심리 3→4→4단계 '보통'[빅데이터MSI]시장심리 톱5...삼성전자·현대상선·한국가스공사·SK텔레콤·SK이노베이션좋아요0훈훈해요0슬퍼요0화나요0후속기사 원해요0기사제공 :""]"
1,삼성전자, 2017-08-2315:56,아시아경제 ,"코스피, 이틀 연속 상승 마감…개인·외국인 '사자'",https://finance.naver.com/news/news_read.nhn?article_id=0004060444&office_id=277&mode=search&query=삼성전자&page=4,"['       코스피, 이틀 연속 상승 마감…개인·외국인 \'사자\'      기사입력2017-08-23 15:56기사원문좋아요훈훈해요좋아요 평가하기공감좋아요0훈훈해요0슬퍼요0화나요0후속기사 원해요0댓글 [아시아경제 조강욱 기자] 코스피가 개인과 외국인의 매수세에 힘입어 이틀 연속 상승 마감했다.23일 코스피는 전 거래일 대비 1.07포인트(0.05%) 오른 2366.40에 거래를 마쳤다.이날 코스피는 미국발 훈풍 덕에 장 초반 상승세를 보이며 2370선을 회복했다. 하지만 이후 약세를 보이며 전 거래일보다 하락했으나 장 막판 반전하며 상승 마감했다.개인과 외국인의 매수세가 지수 상승을 뒷받침했다.이날 개인과 외국인은 각각 778억원, 1044억원을 순매수했다. 기관은 1982억원을 순매도했다.시가총액 기준으로는 혼조세를 보였다.삼성전자가 1.02% 상승했고 삼성물산도 2.28% 오르며 강세를 나타냈다. KB금융(0.89%), LG화학(0.83%), NAVER(0.78%), 한국전력(0.46%), 신한지주(0.19%) 등도 올랐다.반면, POSCO(-2.79%), SK(-1.31%), 삼성생명(-1.26%), SK텔레콤(-0.57%), 현대차(-0.34%), SK하이닉스(-0.29%), 현대모비스(-0.20%) 등은 떨어졌다.업종별로는 유통업(1.17%), 의료정밀(1.06%), 전기전자(0.90%), 건설업(0.74%), 섬유의복(0.58%) 등이 올랐고 철강금속(-2.10%), 증권(-1.03%), 의약품(-0.99%), 통신업(-0.75%), 비금속광물(-0.72%), 운수창고(-0.67%), 종이목재(-0.52%), 보험(-0.50%), 금융업(-0.49%) 등이 내렸다.이날 코스피 시장에선 상한가 1종목과 함께 306종목이 올랐다. 479종목이 내렸고 87종목은 보합권에 머물렀다.조강욱 기자 jomarok@asiae.co.kr▶ 뉴스가 재밌다! 세상의 모든 재미 [티잼]▶ 많이 본 기사아시아경제 관련뉴스해당 언론사에서 선정하며 언론사 페이지(아웃링크)로 이동해 볼 수 있습니다.[속보]""미군, 한국 승인 없이 북한 공격""\'이재용 선고\' 재판부 송곳질문이 결국…\'통 큰\' 북한 김정은, 번 돈 20% 한방에…""미국이 심상찮다"" 백악관 은밀히…이효리 일냈다…JTBC 대기록 \'초대박\'좋아요0훈훈해요0슬퍼요0화나요0후속기사 원해요0기사제공 :']"
2,삼성전자, 2017-08-2315:55,데일리안 ,"코스피 2366.40 마감…""외국인 사고 기관 팔고""",https://finance.naver.com/news/news_read.nhn?article_id=0002205824&office_id=119&mode=search&query=삼성전자&page=4,"['       코스피 2366.40 마감…""외국인 사고 기관 팔고""      기사입력2017-08-23 15:55기사원문좋아요훈훈해요좋아요 평가하기공감좋아요0훈훈해요0슬퍼요0화나요0후속기사 원해요0댓글23일 코스피지수는 전일대비 1.07포인트(0.05%) 오른 2366.40에 장을 마쳤다. ⓒ게티이미지뱅크코스피지수가 외국인 \'사자\'세에 소폭 상승 마감했다. 다만 기관의 매도세 확대로 상승세가 기를 펴지 못했다. 23일 코스피지수는 전일대비 1.07포인트(0.05%) 오른 2366.40에 장을 마쳤다. 코스피는 장 초반 뉴욕증시가 강세 영향으로 상승세로 출발했다. 22일(현지시간) 뉴욕증시에서 주요증시는 저가매수세와 함께 세제개편안 통과 가능성에 대한 기대가 반영되면서 상승마감했다. 다만 장 중 기관 투자가가 순매도세를 확대하면서 상승분을 모두 반납했다. 유가증권시장에서 개인과 외국인은 각각 787억원 1039억원을 순매수했다. 반면 기관은 1984억원을 순매도했다.  업종별로는 유통이 1.17% 오르며 가장 크게 상승했다. 이어 의료정밀(1.06%), 전기전자(0.90%), 건설(0.74%), 섬유의복(0.58%), 제조(0.21%), 전기가스(0.19%), 운송장비(0.11%)등도 올랐다. 반면 증권(-1.03%), 의약품(-0.99%), 통신(-0.75%), 비금속광물(-0.72%), 운수창고(-0.67%), 종이목재(-0.52%), 보험(-0.50%)등은 내렸다.시가총액 상위 종목은 다소 엇갈린 흐름을 나타냈다. 삼성전자는 전일대비 2만4000원(1.02%)오른 237만4000원에 장을 마쳤다. 반면 SK하이닉스는 전일대비 200원(0.29%)내린 6만8000원을 기록했다.이어 한국전력(0.46%), LG화학(0.83%), 삼성물산(2.28%), NAVER(-0.78%), 신한지주(0.19%), KB금융(0.89%), 아모레퍼시픽(0.18%), KT&G(0.45%), 하나금융지주(0.10%), 삼성SDI(1.89%), LG전자(2.38%)등은 상승했다.   반면 현대차(-0.34%), POSCO(-2.79%), 현대모비스(-0.20%), 삼성생명(-1.26%), SK텔레콤(-0.57%),  SK(-1.31%), 삼성바이오로직스(-1.75%), SK이노베이션(-2.01%), LG생활건강(-1.14%), 기아차(-0.85%), LG(-0.86%), 롯데케미칼(-1.51%), 삼성화재(-0.70%), S-Oil(-0.43%), 삼성에스디에스(-1.78%)등은 하락했다. 코스닥지수는 전 거래일 대비 0.55포인트(0.09%)내린 내린 643.71에 마감했다. 코스닥시장에서도 개인과 외국인이 58억원 136억원을 순매수했지만 기관이 142억원을 순매도했다. 한편 이날 원달러 환율은 2원 내린 1131.8원에 거래를 마쳤다.데일리안 한성안 기자ⓒ (주)데일리안 - 무단전재, 변형, 무단배포 금지좋아요0훈훈해요0슬퍼요0화나요0후속기사 원해요0기사제공 :']"
3,삼성전자, 2017-08-2315:53,서울경제 ,"[마감시황] 기관의 대량 매도에 코스피, 2,370선 탈환 못 해",https://finance.naver.com/news/news_read.nhn?article_id=0003097197&office_id=011&mode=search&query=삼성전자&page=4,"['       [마감시황] 기관의 대량 매도에 코스피, 2,370선 탈환 못 해      기사입력2017-08-23 15:53기사원문좋아요훈훈해요좋아요 평가하기공감좋아요0훈훈해요0슬퍼요0화나요0후속기사 원해요0댓글 [서울경제] 글로벌 증시 상승에 코스피도 오름세로 출발했던 코스피는 기관의 대량 매도세에 2,370선을 지키지 못했다. 오후 들어 외국인과 개인의 동반 매수세에 2,370선에서 등락을 거듭했으나, 결국 2,370선을 회복하지 못했다. 23일 코스피 지수는 전 거래일 보다 1.07포인트(0.05%) 상승한 2,365.18에 거래 중이다. 이날 코스피 지수는 전일 대비 11.20포인트(0.47%) 오른 2,376.53에 출발했다. 간밤 뉴욕증시는 미국의 세제개편 기대감에 상승 마감했다. 최근 주가 하락에 따른 저가매수세가 유입됐고, 장중 세제개편안 통과 가능성이 제기되며 상승했다는 분석이다. 폴 라이언 하원의장은 공화당이 의견 일치를 보이고 있다며 세제개편안이 실패했던 건강보험개혁안보다 통과가 쉬울 수 있음을 시사하기도 했다. 다우존스 30 산업평균지수는 전 거래일 대비 196.14포인트(0.90%) 상승한 2만1899.89를 기록했다. 스탠더드앤드푸어스(S&P) 500 지수는 24.14포인트(0.99%) 뛴 2452.51에, 기술주 중심의 나스닥 지수는 84.35포인트(1.36%) 오른 6297.48에 마감했다. 투자주체별로 살펴보면 코스피지수는 개인과 외국인이 783억원, 1,052억원을 사들이는 가운데 기관은 1,981억원어치를 매도했다. 대부분의 업종도 혼조세를 보였다. 유통업(1.17%),  의료정밀(1.06%), 전기전자(0.79%) 등이 상승했고, 철강금속(-2.1%), 증권(-1.03%), 의약품(-0.99%), 통신업(-0.75%) 등은 하락했다. 삼성전자(005930)를 비롯한 대장주들은 상승세다. 삼성전자는 전일보다 2만4,000원(1.02%) 오른 237만4,000원에 거래를 끝냈고, 삼성전자우(005935)(1.4%), 한국전력(015760)(0.46%), LG화학(0.83%), 삼성물산(2.28%)도 주가가 올랐다. 네이버는 창업자인 이해진 글로벌투자책임자(GIO)가 지난 22일 보유주식 11만주(0.33%)를 주당 74만3,990원에 블록딜로 처분했다는 공시에 6,000원(0.78%) 오른 77만3,000원에 거래를 마쳤다. 같은 시각 코스닥 지수는 전 거래일보다 0.55포인트(-0.09%) 내린 643.71에 거래를 끝냈다. 이날 코스닥지수는 전일 대비 3.53포인트(0.55%) 오른 647.79에 장을 시작했다. 서울 외환시장에서 원·달러 환율은 2원70전 내린 1,131원80전에 장을 마감했다. /박시진기자 see1205@sedaily.com[서울경제 바로가기]1997년 이래 대한민국 최고의 과학자 DB [바로가기]서울경제의 모든 연재물!... 서경Cube [바로가기▶]저작권자 ⓒ 서울경제, 무단 전재 및 재배포 금지서울경제 관련뉴스해당 언론사에서 선정하며 언론사 페이지(아웃링크)로 이동해 볼 수 있습니다.文 ""5·18 진상규명···전투기 출격대기 등 특별조사 지시""文, 5·18민주화운동때 헬기사격·전투기 출격대기 특별조사 지시\'릴리안 생리대\' 미개봉상품만 교환 가능? ""이젠 하다 하다 생리대까지"" 네티즌北 ""한마디에 미국의 위용 폴싹""···괌 위협영상 공개살충제 계란 파동에 되레 오른 文 지지율, 무슨 일이좋아요0훈훈해요0슬퍼요0화나요0후속기사 원해요0기사제공 :']"
4,삼성전자, 2017-08-2315:51,조선비즈 ,"[선고 앞둔 이재용 재판] D-2 숨죽인 재계...""반삼성 여론 영향 미쳐선 안돼...",https://finance.naver.com/news/news_read.nhn?article_id=0000380698&office_id=366&mode=search&query=삼성전자&page=4,"['       [선고 앞둔 이재용 재판] D-2 숨죽인 재계...""반삼성 여론 영향 미쳐선 안돼""      기사입력2017-08-23 15:51기사원문좋아요훈훈해요좋아요 평가하기공감좋아요0훈훈해요0슬퍼요0화나요0후속기사 원해요0댓글외신 “이 부회장 부재 길어지면 리더십 공백 불가피”일부 집단, 재판부까지 공격…“여론에 휩쓸려선 안돼” 박근혜 전 대통령에게 뇌물을 제공한 혐의 등으로 기소된 이재용 삼성전자(005930)부회장에 대한 판결이 이틀 앞으로 다가오면서, 삼성은 물론 국내외 투자자 등 전 세계가 선고 결과를 주목하고 있다. 이 부회장이 무죄를 받거나 집행유예로 풀려나면 그동안 미뤄왔던 경영 현안을 챙기고 조직을 추스를 수 있지만, 유죄를 받아 구속 기간이 길어지면 삼성 그룹 전반에 리더십 공백이 불가피하다. 8월 7일 오후 특검으로부터 12년형을 구형받은 이재용 삼성전자 부회장이 호송차에 탑승하고 있다./조선일보 DB◆ ""이 부회장 구속되면 ‘노트8’ 성공해도 빛바래"" 국내 최대 기업인 삼성전자는 23일(현지시각) 미국 뉴욕에서 갤럭시 노트8 공개할 예정이다. 노트8은 작년에 출시했다가 배터리 결함으로 조기 단종된 \'노트7\'의 후속작으로, 노트 시리즈의 부활 여부를 가늠할 수 있는 중요한 제품이다.해외 언론들은 노트8이 성공해도 이 부회장이 25일 유죄 선고를 받고 구속 기간이 길어지면 삼성이 웃을 수 없을 것이라고 보도했다. 호주 매체인 ‘ITwire’는 ‘삼성 노트8과 계승자 판결 이번주 예정’이라는 기사에서 “노트8은 애플이 신제품으로 시장의 관심을 끌기 전에 삼성이 빛을 발할 마지막 기회”라며 “삼성이 (노트7과 같은) 실수를 반복할 것 같지는 않지만, 이 부회장이 구속되면 어떤 기쁨도 없을 것”이라고 보도했다.이 부회장이 구속되면 경영 공백이 발생할 것이라는 우려는 해외에서도 나온다. 미국 유력 경제지인 월스트리트저널은 “이 부회장의 운명은 삼성 제국(Samsung empire)에 거대한 영향을 미친다”며 “이 부회장의 장기 부재는 스마트폰, 테마파크, 바이오의약품을 포괄하는 대기업에 리더십 공백을 야기할 수 있다”고 했다.재계는 이 부회장의 부재가 길어지면 삼성전자를 비롯한 삼성 그룹 전반의 경영에 차질이 생길 수밖에 없을 것으로 보고 있다. 실제 대규모 투자, 인수합병 등을 논의하는 삼성전자 경영위원회는 작년 2분기에 4차례 열렸으나 올해 2분기에는 두 차례에 불과했다. 작년 2분기에 열린 경영위원회에서는 인수합병 사안이 논의됐는데, 올해는 신규 사업에 대한 투자 내용이 아예 없었다.재계 관계자는 “이 부회장이 세세한 일까지 신경 쓰지 않는다고 해도 임기가 있는 전문경영인이 몇 년 뒤를 내다보고 과감한 의사 결정을 하기에는 한계가 있을 수밖에 없다”고 말했다. 8월 7일 이재용 부회장의 결심공판을 앞두고 시민들이 방청권을 받기 위해 기다리고 있다. 일부 시민들은 방청권을 받기 위해 밤을 새우기도 했다./조선일보 DB◆ ""反삼성 여론, 재판부에 영향 미쳐선 안돼""  이재용 부회장 재판에 대한 국민적 관심이 커지면서 재계에서는 재판부가 여론에 영향을 받지 않을까 걱정하는 목소리가 나온다. 삼성에 적대적인 감정을 가진 일부 네티즌과 집단들은 재판부까지 공격하고 있기 때문이다.조의연 서울중앙지법 부장판사는 올해 1월 19일 오전 4시53분쯤 특검이 신청한 이재용 부회장에 대한 첫 구속영장을 기각했다. 조 부장판사는 18시간 동안 고심한 뒤에 “뇌물범죄의 요건이 되는 대가관계와 부정한 청탁 등에 대한 현재까지의 소명 정도, 각종 지원 경위에 관한 구체적 사실관계와 그 법률적 평가를 둘러싼 다툼의 여지, 관련자 조사를 포함해 현재까지 이루어진 수사 내용과 진행 경과 등에 비추어 볼 때, 현 단계에서 구속의 사유와 필요성, 상당성을 인정하기 어렵다”고 밝혔다.그러나 일부 네티즌들은 기각 결정에 반발해 조 부장판사를 ‘재벌 영장 기각 전문 판사’라고 비아냥댔고, 조 부장판사의 과거 판결까지 들추며 “애초 구속할 마음이 없었다. 대기업 앞에서는 법이 존재하지 않는다”며 근거 없이 비난했다. 당시 서울중앙지법에는 조 부장판사를 찾는 항의 전화가 수십 통 걸려온 것으로 알려지기도 했다.재판부도 선고를 앞두고 극심한 스트레스를 받는 것으로 알려졌다. 어떤 결정을 내리든 한쪽에서는 비난을 받을 가능성이 크기 때문이다. 익명을 요구한 대기업 임원은 “요즘엔 자기 뜻대로 결과가 안 나오면 판사 자녀들이 어느 학교에 다니는지까지 신상을 공개하니 판사 입장에서는 부담이 될 것 같다”며 “재판부가 여론에 휩쓸리지 않고 법리에 따라서 잘 판단해주길 기대하는 수밖에 없는 상황”이라고 했다.[전재호 기자 jeon@chosunbiz.com]chosunbiz.com조선비즈 관련뉴스해당 언론사에서 선정하며 언론사 페이지(아웃링크)로 이동해 볼 수 있습니다.민영 교도소 차리고 \'떼돈\'…한해 매출 2.5조""3000만원 싸게"" 집 회수하는 다주택자들""한국 가지 말라니깐…"" 골치 아픈 중국무조건 사드 탓? 중국인에 난리 난 \'한국 제품\'""내 돈 어떡해""…용산땅 사들인 건설사 망연자실좋아요0훈훈해요0슬퍼요0화나요0후속기사 원해요0기사제공 :']"
5,삼성전자, 2017-08-2315:51,머니투데이 ,"[시황종합]코스피, 2360대 강보합...관망심리 팽팽",https://finance.naver.com/news/news_read.nhn?article_id=0003923744&office_id=008&mode=search&query=삼성전자&page=4,"['       [시황종합]코스피, 2360대 강보합...관망심리 팽팽       기사입력2017-08-23 15:51기사원문좋아요훈훈해요좋아요 평가하기공감좋아요0훈훈해요0슬퍼요0화나요0후속기사 원해요0댓글 [머니투데이 송선옥 기자] [장 막판 외인 순매수 규모 키워... 삼성전자, 갤노트8 공개 앞두고 1% 상승 ]코스피 시장이 23일 기관의 매도 공세에도 장 막판 상승전환에 성공, 강보합 마감했다. 세제개편 기대감과 기술주 급등으로 미국 뉴욕증시가 상승 마감했다는 소식에 코스피 지수는 오름세로 출발, 개장초 2380선까지 근접하기도 했다. 그러나 기관이 매도 규모를 키우고 주요 시가총액 상위종목들이 하락 전환하면서 코스피 지수는 장중 내내 약세를 이어갔다. 장 막판 외국인이 순매수 규모를 키우면서 지수가 상승으로 돌아섰다. 김대준 한국투자증권 연구원은 “을지프리덤가디언(UFG) 훈련과 삼성그룹 선고공판, 잭슨홀 심포지엄 등을 앞두고 시장의 관망심리가 확대된 상태”라며 “미 연방준비제도의 자산축소가 본격화되기 전까지 달러 약세를 염두에 둘 필요가 있다”고 말했다. ◇장 막판 외국인 매수 키워=코스피 지수는 전일대비 1.07포인트(0.05%) 오른 2366.40으로 마감했다. 코스피 지수는 개장초 2379.59까지 올랐으나 2060.71까지 빠지기도 했다. 코스피 시장에서는 이틀째 ‘사자’인 외국인이 1043억원 순매수다. 개인이 776억원 순매수이나 기관이 1980억원 순매도다. 외국인은 이날 전기전자 업종만 1011억원 순매수했다. 프로그램 매매는 차익거래 1130억원 순매도, 비차익거래 514억원 순매수 등 전체 616억원 매도 우위다. 지수선물 시장에서는 외국인이 5321계약 순매도다. 기관과 개인이 각각 3767계약, 2598계약 순매수다. 업종 중에서는 의료정밀 유통업이 각각 1.06%, 1.17% 올랐으며 전기전자가 0.90% 상승했다. 섬유의복 기계 전기가스업 건설업 등이 상승마감했다. 철강금속이 2.10% 내린 가운데 화학 의약품 비금속광물 운수창고 통신업 은행 증권 보험 등이 하락했다. 시가총액 상위종목 중에서는 삼성전자가 하반기 전략 스마트폰 ‘갤럭시노트8’ 공개를 앞두고 1.02% 상승했다. 삼성전자는 이날 밤 자정 미국 뉴욕 파크애비뉴 아모리에서 ‘삼성 갤럭시 언팩 2017’ 행사를 열고 갤노트8을 공개한다. SK하이닉스가 외국인의 차익실현 매물에 0.29% 하락, 6만8000원으로 마감했다. 7거래일만의 하락이다.  POSCO가 2.79% 내렸으며 현대모비스 현대차 삼성생명 SK텔레콤 SK 등이 하락했다. 삼성물산이 이재용 삼성전자 부회장의 선고공판을 앞두고 2.28% 상승마감했다.  NAVER가 이해진 NAVER 글로벌투자책임자(GIO)겸 창업자의 지분 블록딜 성공 소식에 0.78% 상승했다. 이 GIO는 지난 22일 보유주식 11만주(0.33%)를 시간외 대량매매(블록딜)로 처분했다. 한 주당 매각단가는 22일 종가에서 3% 할인된 74만3990원으로 처분 규모는 818억3890만원이다. 이에 따라 이 창업자의 지분율은 4.6%에서 4.31%로 하락했다. 한국전력 LG화학 신한지주 KB금융 등이 올랐다. LG전자가 미국 미시간주에 전기차 부품 공장을 설립한다는 소식에 2.38% 올랐다. 갤노트8 수혜 기대감에 상승하던 삼성전기가 차익실현 매물 출현으로 1.41% 내렸다. 7거래일만의 하락이다. LG이노텍이 하반기 실적개선 기대감에 2.61% 올랐다. LG이노텍은 한때 18만원을 터치하며 52주 신고가를 경신했다. 깨끗한나라가 생리대 부작용 논란에 8.68% 내렸다. 깨끗한나라는 장중 4130원을 기록하며 52주 최저가를 갈아치웠다. 하나니켈2호이 유일하게 상한가다. 306개 종목이 상승, 479개 종목이 하락이다. ◇바이로메드 9% 급등=코스닥 지수는 0.55포인트(0.09%) 내린 643.71로 마감했다. 코스닥 지수는 상승 출발했으나 장중 하락 전환했다.  코스닥 시장에서는 외국인과 개인이 각각 136억원, 58억원 순매수이나 기관이 142억원 순매도다. 업종별로는 등락이 엇갈렸다. IT종합 디지털컨텐츠 정보기기 반도체 IT부품 출판매체복제 비금속 기계장비 일반전기전자 등이 올랐다. 컴퓨터서비스 제약 금속 의료정밀기기 등이 내렸다. 시총 상위종목 중에서는 바이로메드가 9.11% 급등했다. 코스피 이전 기대감에 전일 5% 이상 상승했던 셀트리온이 1.97% 내렸으며 셀트리온헬스케어 메디톡스 CJ E&M 휴젤 코미팜 신라젠 컴투스 GS홈쇼핑 등이 하락했다. 로엔 포스코컴텍 서울반도체 등이 올랐다. 감마누가 에스엠브이의 연결 자회사 지분 취득 소식에 3.33% 올랐다. 감마누는 이날 에스엠브이의 자회사인 천계국제여행사 신룡국제여행사 해피고 등 3개사의 지분을 취득했다고 밝혔다. 지분 취득규모는 150억원이다. 에스엠브이는 오는 25일 제3자배정 유상증자 납입을 마무리하고 감마누의 최대주주가 될 예정이다. 가상화폐 관련주인 퓨전데이타가 12.94% 급등했다. 퓨전데이타는 지난달 24일 유니와이드테크놀로지와 36억7000만원 규모의 전자화폐시스템 파트 공급계약을 체결했다고 공시했다. 리켐이 자회사 와이즈플래닛의 지분 전량을 취득한다는 소식에 18.53% 올랐다. 상승, 하락 종목은 각각 451개, 677개다. 한편 원/달러 환율은 서울 외국환시장에서 전일대비 2.00원(0.18%) 내린 1131.80원으로 마감했다. 코스피200 지수선물 9월물은 0.10포인트(0.03%) 내린 309.95를 기록했다. TOM칼럼-깊이있는 투자정보▶무료 만화 즐기고~ 선물타자!▶ 빵빵한 차&레이싱걸▶ 송선옥 기자 oops@mt.co.kr머니투데이 관련뉴스해당 언론사에서 선정하며 언론사 페이지(아웃링크)로 이동해 볼 수 있습니다.[포토is] ""깜짝이야!""… 여기는 지하철 대테러 훈련 현장[단독]檢 ""\'주식부자 이희진\' 피해자, 200여명 더""배우 송선미 남편, 변호사 사무실서 흉기 찔려 사망현대차 임원급여 10% 자진삭감, 과장급 동결..노조는 7%↑?\'292억 사기혐의\' 이희진 과거 언행…""집 건축비만 130억""좋아요0훈훈해요0슬퍼요0화나요0후속기사 원해요0기사제공 :']"
6,삼성전자, 2017-08-2315:51,노컷뉴스 ,전문경영인 자사주 1위 최양하 한샘 회장…1600억 원,https://finance.naver.com/news/news_read.nhn?article_id=0003003407&office_id=079&mode=search&query=삼성전자&page=4,"['       전문경영인 자사주 1위 최양하 한샘 회장…1600억 원      기사입력2017-08-23 15:51기사원문좋아요훈훈해요좋아요 평가하기공감좋아요0훈훈해요0슬퍼요0화나요0후속기사 원해요0댓글500대 기업 전문경영인 자사주 가치 총 2413억 원[CBS노컷뉴스 이전호 선임기자]최양하 한샘 회장. (사진=한샘 제공)국내 500대 기업 전문경영인 중 자사주 가치 1위는 최양하 한샘 회장으로 조사됐다. 최 회장의 자사주 가치는 1600억 원으로, 2위인 이재경 두산 부회장의 20배에 달했다.권영식 넷마블게임즈 집행임원은 회사 상장으로 단숨에 13위에 올랐고, 20위를 차지한 한성숙 네이버 사장은 유일한 여성 CEO였다.23일 기업 경영성과 평가사이트 CEO스코어(대표 박주근)가 국내 500대 기업 CEO 중 오너일가를 제외하고 자사주를 보유한 전문경영인 166명의 자사주 가치를 조사한 결과 총 2413억 원(보통주+우선주)으로 집계됐다.자사주 가치가 1억 원 이상인 전문경영인은 111명으로 전체의 66.9%였고, 5억 원 이상은 23.5%(39명), 10억 원 이상은 11.4%(19명)였다. 166명 중 금융권 전문경영인은 14.5%(24명)로 7명 중 1명꼴이었다.자사주 가치 1위는 최양하 한샘 회장으로 무려 1585억 원에 달했다. 이는 111명 전체의 3분의 2에 해당하는 금액일 뿐 아니라, 2위인 이재경 두산 부회장(79억 원)의 20배에 달하는 규모다.3위는 61억 원의 차석용 LG생활건강 부회장이다. 차 부회장은 2013년 6월 말 자사주 가치가 250억 원이었지만, 2013~2014년 보통주 4만여 주를 매각하면서 순위가 한 계단 하락했다.이 외 전문경영인 주식부호 ‘톱10’에는 김정남 동부화재 사장(56억 원), 김용범 메리츠화재 사장(37억 원), 최현만 미래에셋대우 수석부회장(34억 원), 권오현 삼성전자 부회장(30억 원), 이윤재 흥아해운 회장(23억 원), 박진수 LG화학 부회장(22억 원), 박재구 BGF리테일 사장(22억 원)이 포함됐다.조웅기 미래에셋대우 사장(15억 원), 박윤식 한화손보 사장(14억 원)이 그 뒤를 이었고, 권영식 넷마블게임즈 집행임원(14억 원)은 지난 5월 회사 상장과 함께 단숨에 13위로 뛰어올랐다.뒤이어 정유성 삼성SDS 사장(13억 원), 김신 삼성물산 상사부문 사장(12억 원), 강학서 현대제철 사장(12억 원), 이강훈 오뚜기 사장(11억 원), 이원희 현대자동차 사장(10억 원), 서승화 한국타이어 부회장(10억 원), 한성숙 네이버 사장(10억 원)이 ‘톱20’에 올랐다. 한성숙 사장은 조사대상 전문경영인 116명 중 유일한 여성 CEO였다.자사주 가치 상위 10명 중 6명은 각 사(계열사 포함)에서 10년 이상 재직한 전문경영인으로 나타났다. 김정남 사장(8년), 김용범 사장(7년), 권오현 부회장(6년), 박재구 사장(6년)도 재임 기간이 5년 이상으로 긴 편에 속했다.그룹별로는 50위 내에 삼성이 7명, LG가 6명 각각 포진해 가장 많았다. 삼성은 권오현 부회장(7위), 정유성 사장(14위), 김신 사장(15위), 전영현 삼성SDI 사장(8억9000만 원, 22위), 이윤태 삼성전기 사장(4억9000만 원, 40위)이 포함됐고, LG는 차석용 부회장(3위), 박진수 부회장(9위), 한상범 LG디스플레이 부회장(9억8000만 원, 21위), 조성진 LG전자 부회장(8억8000만 원, 23위), 권영수 LG유플러스 부회장(6억1000만 원, 33위)이 포함됐다.한국항공우주산업(KAI) 방산비리 사태로 지난달 사임해 현재 검찰 수사를 받고 있는 하성용 전 사장은 자사주 가치가 5억5000만 원으로 38위에 해당됐다.이밖에 전문경영인 166명 중 최연소는 38세의 임지훈 카카오 사장으로, 자사주 가치가 4억9000만 원(41위)이었고, 반대로 최고령은 이윤재 흥아해운 회장(72세)으로 자사주 가치가 23억 원(8위)이었다.올 초 대비 자사주 가치가 가장 많이 늘어난 전문경영인은 김용범 메리츠화재 사장으로 21억 원(139.7%)이 늘었다. 권영식 넷마블게임즈 사장은 신규 상장과 함께 14억 원이 늘어 증가액 2위를 차지했다. 이어 이재경 두산 부회장이 13억 원(19.7%), 김정남 동부화재 사장이 11억 원(24.6%) 늘었고, 전영현 삼성SDI 사장은 올해 대표이사로 취임하면서 8억9000만 원 규모의 자사주를 처음 사들였다.j1234@cbs.co.kr저작권자 © CBS 노컷뉴스(www.nocutnews.co.kr) 무단전재 및 재배포 금지노컷뉴스 관련뉴스해당 언론사에서 선정하며 언론사 페이지(아웃링크)로 이동해 볼 수 있습니다.""할 것 다했다""라더니…들통난 \'우병우 부실 수사\'회식 자리서 술잔 폭행…국회사무처 갈데까지 갔다""옆방에 혜정이가 고이 자고 있으니 이렇게 좋네요""식약처장 혼낸 김승희, 알고보니 \'그때 그때 달라요\'""피해제보 2200건 생리대포비아…기저귀·탐폰도 걱정""좋아요0훈훈해요0슬퍼요0화나요0후속기사 원해요0기사제공 :']"
7,삼성전자, 2017-08-2315:49,헤럴드경제 ,"[마감시황]코스피, 눈치보기 장세에 2360선 보합",https://finance.naver.com/news/news_read.nhn?article_id=0001280821&office_id=016&mode=search&query=삼성전자&page=4,"['       [마감시황]코스피, 눈치보기 장세에 2360선 보합      기사입력2017-08-23 15:49기사원문좋아요훈훈해요좋아요 평가하기공감좋아요0훈훈해요0슬퍼요0화나요0후속기사 원해요0댓글 [헤럴드경제=정경수 기자] 코스피와 코스닥 지수가 23일 보합권에서 장을 마쳤다.이날 코스피는 전날보다 1.07포인트(0.05%) 오른 2366.40에 장을 마감했다.미 증시 훈풍으로 2370선을 웃돌며 출발한 지수는 점차 오름폭을 줄여 강보합으로 마감했다. [사진=게티이미지]외국인과 개인은 각각 1040억원, 782억원을 순매수했고 기관은 1984억원어치 주식을 팔았다.업종별로는 유통업이 1.17% 상승했고 의료정밀(1.06%), 전기전자(0.90%), 건설업(0.74%), 섬유의복(0.58%) 등이 올랐다.반면 철강금속(-2.10%), 증권(-1.03%), 의약품(-0.99%), 통신업(-0.75%), 비금속광물(-0.72%) 등은 내렸다.시가총액 상위종목 가운데는 삼성전자(1.02%), 한국전력(0.46%), LG화학(0.83%), 삼성물산(2.28%), NAVER(0.78%), 신한지주(0.19%)는 강세 마감했다. SK하이닉스(-0.29%)를 비롯한 현대차(-0.34%), POSCO(-2.79%), 현대모비스(-0.20%)는 약세 마감했다.이 밖에 애플사의 전략스마트폰 ‘아이폰8’의 대표적인 수혜주인 LG이노텍은 장중 18만원에서 52주 신고가를 다시 썼다.깨끗한나라는 ‘릴리안 생리대’ 논란에 4130원에서 52주 신저가를 기록했다.코스닥은 전일대비 0.55포인트(-0.09%) 낮은 643.71로 장을 마쳤다.기관은 홀로 142억원어치 주식을 팔아치웠다. 소폭 매수 우위를 보인 외국인은 136억원, 개인은 58억원을 순매수했다. 로엔(3.29%), 바이로메드(9.11%), 포스코켐텍(1.57%)을 제외한 시가총액 상위종목은 내림세를 기록했다.셀트리온(-1.97%), 셀트리온헬스케어(-0.41%), 메디톡스(-0.80%), CJ E&M(-1.69%), 휴젤(-2.04%), 코미팜(-0.81%), SK머티리얼즈(-0.11%)는 하락 마감했다.이날 서울외환시장에서 원/달러 환율은 전일 대비 2.00원(-0.18%) 하락한 1131.80원을 기록했다.kwater@heraldcorp.com▶영감이란 불꽃에 타오르게할 스토리(INSPIRE)▶앞서가는 젊은 경제신문 친구맺기 ▶오늘의 운세 날씨 - Copyrights ⓒ 헤럴드경제 & heraldbiz.com, 무단 전재 및 재배포 금지 -헤럴드경제 관련뉴스해당 언론사에서 선정하며 언론사 페이지(아웃링크)로 이동해 볼 수 있습니다.김성경 ""어릴 땐 언니보다 예뻐""…김성령 향한 열등감이사강 사마귀턱,쌍꺼풀에 \'성형 의혹\' 재부상송선미 부군상 발인…""남편 사망, 유산상속 분쟁 X""UFC \'비양심 챔프\' 존 존스, 또 약물…박탈 초읽기[단독] 대마, 대형포털 쇼핑서 버젓이 팔린다좋아요0훈훈해요0슬퍼요0화나요0후속기사 원해요0기사제공 :']"
8,삼성전자, 2017-08-2315:48,한국경제 ,"코스피, 이틀 연속 2360선 상승 마감…외국인·개인 '사자'",https://finance.naver.com/news/news_read.nhn?article_id=0003813477&office_id=015&mode=search&query=삼성전자&page=4,"['       코스피, 이틀 연속 2360선 상승 마감…외국인·개인 \'사자\'      기사입력2017-08-23 15:48기사원문좋아요훈훈해요좋아요 평가하기공감좋아요0훈훈해요0슬퍼요0화나요0후속기사 원해요0댓글사진=게티이미지뱅크코스피가 이틀째 2360선에서 상승 마감했다. 장 초반 2370선을 웃돌았지만 기관의 매도 물량에 상승분을 대부분 반납했다. 코스닥은 하락 마감했다.23일 코스피지수는 전거래일보다 1.07포인트(0.05%) 오른 2366.40에 마감됐다. 지수는 이날 2376.53으로 상승 출발해 장 초반 2379.59까지 치솟았지만 정오께 하락 반전해 상승분을 토해냈다. 장중 저가는 2360.71이다. 간밤 뉴욕증시는 3대 지수가 동반 강세를 나타냈다. 저가매수세와 함께 세제개편안 통과 가능성에 대한 기대가 지수를 밀어올렸다. 도널드 트럼프 미국 대통령이 아프가니스탄에 미군을 추가 파병할 것이라고 밝힌 점도 정치 불확실성을 완화시켰다. 공화당과 트럼프 대통령의 정책 간극이 축소될 가능성이 높아졌다는 분석이다.이날 코스피 시장에서는 개인과 외국인이 동반 순매수를 보였다. 개인이 786억원, 외국인은 1038억원어치를 사들였다. 기관은 1983억원을 팔았다. 프로그램으로는 616억원어치 물량이 시장에 쏟아졌다.업종별로는 유통업 의료정밀 전기전자 건설업 섬유의복 제조업 전기가스업 등이 올랐다. 보험 금융업 화학 서비스업 은행 등은 내렸다.시가총액 상위 종목에서는 삼성물산 삼성전자 LG화학 KB금융 네이버 한국전력 등이 상승했다. 포스코 삼성바이오로직스 삼성생명 현대차 SK하이닉스 등은 하락했다.삼성전자의 \'갤럭시노트8\' 공개를 앞두고 삼성전자가 1.02% 올랐다. 삼성SDI는 1.89% 상승했다. 반면 깨끗한나라의 주가가 릴리안 생리대 부작용 논란에 8% 하락했다. 4일 연속 내림세를 기록했다.코스닥지수는 전거래일보다 0.55포인트(0.09%) 내린 643.71에 마감됐다. 5거래일 연속 640선을 지켰다.개인이 57억원, 외국인이 136억원을 순매수했다. 기관은 141억원어치를 내다팔았다.시가총액 상위 종목 중에서는 신라젠 휴젤 셀트리온 코미팜 메디톡스 셀트리온헬스케어 등이 떨어졌다. 바이로메드 로엔 포스코켐텍 서울반도체 등은 올랐다.컬러레이는 중국 내 자회사 지분을 전량 취득한다는 소식에 6% 뛰었다. 비아트론은 하반기 실적 개선 기대감에  4% 상승 마감했다.서울 외환시장에서 원·달러 환율은 2.00원(0.18%) 내린 1131.80원을 기록했다.김은지 한경닷컴 기자 eunin11@hankyung.com[한경닷컴 바로가기] [글방] [모바일한경 구독신청] ⓒ 한국경제 & hankyung.com, 무단전재 및 재배포 금지한국경제 관련뉴스해당 언론사에서 선정하며 언론사 페이지(아웃링크)로 이동해 볼 수 있습니다.(마감)코스닥, 0.55p 내린 643.71(마감)삼성전자 237만4000원…1.02%↑""年 1500억씩 더 나갈 판""…발칵 뒤집힌 서울시중고차 내놓자마자 불티나게 팔린 車 정체가…""전자담배 아이코스, 너마저…"" 무슨 일이?좋아요0훈훈해요0슬퍼요0화나요0후속기사 원해요0기사제공 :']"
9,삼성전자, 2017-08-2315:45,파이낸셜뉴스 ,[갤럭시노트8 공개] 최강 기능-안전 보장...갤럭시노트8 구매대기자 몰린다,https://finance.naver.com/news/news_read.nhn?article_id=0003862732&office_id=014&mode=search&query=삼성전자&page=4,"['       [갤럭시노트8 공개] 최강 기능-안전 보장...갤럭시노트8 구매대기자 몰린다      기사입력2017-08-23 15:45기사원문좋아요훈훈해요좋아요 평가하기공감좋아요0훈훈해요0슬퍼요0화나요0후속기사 원해요0댓글【뉴욕(미국)=이설영 기자】 삼성전자가 올 가을 세계 스마트폰 시장의 최강자 자리를 굳히겠다고 벼르고 있는 갤럭시노트8에 대한 시장의 기대감이 극대화되고 있다. 갤럭시노트8 공개 하루 전이지만 세계 정보기술(IT) 관계자들의 시선은 일제히 갤럭시노트8이 베일을 벗는 뉴욕을 향하고 있다.  삼성전자는 갤럭시노트8을 개발하면서 지난해 갤럭시노트7의 조기단종 사태로 발생한 소비자들의 불신 해소에 가장 공을 들였다. 일치감치 스마트폰 제조 전 과정에 다중 안전관리 체계를 도입했고, 배터리 안전성 검사도 더욱 세심하게 진행 중이다.  갤럭시노트 시리즈의 강점인 최강의 기능과 디자인에 안전성에 대한 신뢰까지 확보해 세계 최고의 자리를 굳히겠다는 전략이다.   ■8단계 안전성 검사...""더이상 불안은 없다""        삼성전자는 올초부터 스마트폰 배터리에 대해 총 8단계의 안전성 검사인 \'8 포인트 배터리 안전성 검사\'를 실시하고 있다. 8 포인트 배터리 안전성 검사 중 극판 이상 유무 확인 등 배터리 내부 확인을 위한 \'X 레이\' 검사를 하고 있다.     23일(현지시간) 미국 뉴욕에서 갤럭시노트8을 공개하는 삼성전자는 갤럭시노트7을 단종한 후 올초 스마트폰이 이용자의 안전을 위협하는 사태가 재발하지 않도록 배터리에 대해 총 8단계의 안전성 검사인 \'8 포인트 배터리 안전성 검사\'를 실시하는 등 소비자 신뢰확보에 최선을 다했다고 강조했다.  배터리 안전성 검사는 △배터리의 안전성과 내구성 △배터리 외관 이상 여부를 표준견본과 비교 평가 △배터리 내부의 극판 눌림을 사전에 발견하기 위한 X-레이 검사 △배터리 내부 융착 상태나 절연 상태 등을 확인하기 위한 배터리 해체검사 △배터리 누액이 발생할 경우 감지하는 검사 △배터리 전압에 따른 이상 유무 검사 △충.방전 반복검사 △소비자 사용환경에 맞춘 집중 검사 등으로 구성된다.  또 삼성전자는 스마트폰 기획 단계부터 안전을 최우선으로 하는 \'다중 안전장치\'를 마련했다. 설계 단계에서 배터리 공간을 여유 있게 확보해 스마트폰이 떨어져도 배터리에 가해지는 물리적 충격을 최소화하고 충전 온도와 전류, 충전 속도에 대해 더 안전한 알고리즘을 적용했다.  실제 삼성전자는 이번 갤럭시노트8의 배터리 용량을 전작(3500mAh)보다 줄인 3300mAh로 설계한 것으로 알려졌다. S펜 탑재 공간을 고려한 조치다.   ■갤럭시노트8에 시장 기대감 증폭...사전예약자 몰려          (%)   (스트래티지 애널리틱스(SA), IDC)       구분 2016년 1분기 2분기 3분기 4분기 2017년 1분기 2분기   삼성 23.6 22.8 20.1 17.7 22.7 23.3   애플 15.3 11.9 12.1 17.8 14.4 12.0   화웨이 8.5 9.4 9 10.2 9.8 11.3   오포 4.6 5.3 5.8 6.7 7.8 8.1   비보(샤오미) 4.4 4.3 4.9 5.8 6.3 6.2   기타 43.6 46.3 48.2 41.7 39.1 39.0          신뢰 회복을 위한 삼성전자의 노력에 시장도 화답했다. 시장조사업체 IDC에 따르면 지난 2·4분기 세계 스마트폰 시장에서 삼성전자는 출하량 기준 시장점유율 23.3%로 전분기 대비 0.6%포인트, 전년 동기 대비 0.5%포인트 점유율이 상승했다. 올초 출시한 갤럭시S8의 꾸준한 인기와 중저가폰의 판매량 증가 덕이다.  또 스트래티지 애널리틱스(SA)에 따르면 지난 2·4분기 북미 휴대폰 시장에서 삼성전자는 33.3%로 2위인 애플(24.0%)과 10%포인트 가까이 격차를 벌렸다. 전분기 대비 삼성전자의 시장점유율은 8.4%포인트나 올랐다. 반면 애플의 시장점유율은 전분기 대비 8.7%포인트나 떨어졌다.  SA는 ""삼성은 지난 2·4분기 전 세계 스마트폰시장에서도 1위 자리를 유지했다""며 ""프리미엄 시장에서는 갤럭시S8, 중저가 시장에서는 갤럭시A, 갤럭시J, 갤럭시온 같은 제품이 꾸준한 인기를 끌고 있다""고 말했다.  삼성전자는 중남미 스마트폰 시장에서도 선전 중이다. 시장조사업체 카운터포인트리서치에 따르면, 삼성전자는 지난 2·4분기 중남미 스마트폰 시장에서 각각 40.9% 점유율을 기록해 압도적인 1위 자리에 올랐다.  갤럭시노트8에 대한 소비자들의 구매욕도 확산되고 있다. 지난해 갤럭시노트7 조기단종으로 2년이나 기다린 갤럭시노트 마니아들의 대기수요가 몰린데다 듀얼카메라, 홈 화면 버튼을 없앤 인피니티 디스플레이 같은 혁신적 디자인에 대한 소문이 확산되면서 소비자들이 제품도 보지 않고 갤럭시노트8을 사겠다고 줄을 서는 것이다.  업계에 따르면 갤럭시노트8 예약판매를 받아달라는 소비자들의 요청이 잇따르자 서울시내 일부 휴대폰 유통점들이 일찌감치부터 예약신청을 받고 있다. 제품이 공개되기도 전에 사전예약이 이뤄지는 진풍경이 연출되고 있는 것이다.  서울 시내 한 휴대폰 유통매장 관계자는 ""갤럭시노트8은 대화면 고성능 폰이어서 굳이 실제 제품을 보지 않고도 구매하는 마니아층이 생겼다""며 ""매장 규모에 따라 다르겠지만 서울시내 주요 유통점에는 보통 10~30명 정도 갤럭시노트8을 예약가입자를 이미 확보해 놓고 있는 것으로 안다""고 귀띔했다.   ronia@fnnews.com 이설영 기자   ▶ 세상의 모든 골 때리는 이야기 \'fn파스\'▶ 속보이는 연예뉴스 fn스타  ※ 저작권자 ⓒ  파이낸셜뉴스. 무단 전재-재배포 금지파이낸셜뉴스 관련뉴스해당 언론사에서 선정하며 언론사 페이지(아웃링크)로 이동해 볼 수 있습니다.세계서 가장 예쁜 기상캐스터, 몸매 때문에 시청률이..불륜녀로 찍힌 걸그룹 출신 여성의 최후별장에서 벌거벗은 男 웃는 사진, 꽃뱀의 최후대왕 여드름인 줄 알고 짰다가 1시간만에.. 뜻밖의 사태배고플 때 호두를 먹으면 생기는 놀라운 변화좋아요0훈훈해요0슬퍼요0화나요0후속기사 원해요0기사제공 :']"
10,삼성전자, 2017-08-2315:45,파이낸셜뉴스 ,[fn 마감시황]코스피 기관매도에 2360선 유지,https://finance.naver.com/news/news_read.nhn?article_id=0003862735&office_id=014&mode=search&query=삼성전자&page=4,"[""       [fn 마감시황]코스피 기관매도에 2360선 유지      기사입력2017-08-23 15:45기사원문좋아요훈훈해요좋아요 평가하기공감좋아요0훈훈해요0슬퍼요0화나요0후속기사 원해요0댓글  코스피지수가 기관의 매도에 2360선을 유지했다.  23일 코스피지수는 전날보다 1.07포인트(0.05%) 오른 2366.40에 장을 마감했다. 이날 코스피는 전날보다 11.20포인트(0.47%) 오른 2376.53으로 출발하고 한때 2379.59까지 올라 2380선까지 넘봤다. 하지만 기관의 1588억원 순매도 영향으로 하락세로 돌아섰다. 개인은 947억원, 외국인은 499억원 순매수했다.  시가총액 상위 종목 중에는 SK하이닉스(-0.44%), 포스코(-2.06%), 삼성생명(-1.67%), SK(-0.56%)가 매도세다. 삼성전자(0.77%), 현대차(0.34%), 한국전력(0.23%), LG화학(0.28%) 등은 매수세를 유지했다.  업종별로 철강·금속(-2.10%), 의약품(-0.99%), 비금속광물(-0.72%)이 매도세를 보였고, 유통업(1.17%), 건설업(0.74%) 등은 매수세를 기록했다.   ggg@fnnews.com 강구귀 기자   ▶ 세상의 모든 골 때리는 이야기 'fn파스'▶ 속보이는 연예뉴스 fn스타  ※ 저작권자 ⓒ  파이낸셜뉴스. 무단 전재-재배포 금지파이낸셜뉴스 관련뉴스해당 언론사에서 선정하며 언론사 페이지(아웃링크)로 이동해 볼 수 있습니다.세계서 가장 예쁜 기상캐스터, 몸매 때문에 시청률이..불륜녀로 찍힌 걸그룹 출신 여성의 최후별장에서 벌거벗은 男 웃는 사진, 꽃뱀의 최후대왕 여드름인 줄 알고 짰다가 1시간만에.. 뜻밖의 사태배고플 때 호두를 먹으면 생기는 놀라운 변화좋아요0훈훈해요0슬퍼요0화나요0후속기사 원해요0기사제공 :""]"
11,삼성전자, 2017-08-2315:45,뉴스1 ,[시황종합] 돌변한 기관 탓에 코스피 2370 돌파 실패,https://finance.naver.com/news/news_read.nhn?article_id=0002904616&office_id=421&mode=search&query=삼성전자&page=4,"['       [시황종합] 돌변한 기관 탓에 코스피 2370 돌파 실패      기사입력2017-08-23 15:45기사원문좋아요훈훈해요좋아요 평가하기공감좋아요0훈훈해요0슬퍼요0화나요0후속기사 원해요0댓글달러/원 환율 사흘 연속 하락…1131.8원 마감(서울=뉴스1) 김민성 기자 = 국내 기관 투자가가 대규모 매도 물량을 쏟아내면서 코스피지수가 상승 폭을 모두 반납하며 2370선 돌파에 실패했다. 달러/원 환율은 3거래일 연속 하락하며 1131.8원에 마감했다. 23일 코스피는 전날보다 1.07포인트(0.05%) 오른 2366.40에 마감했다. 코스피는 장 시작과 동시에 2376.53으로 상승 출발했지만, 정오부터 하락했다. 매수세를 보였던 기관이 대량으로 \'팔자\'로 돌아섰다. 기관이 1983억원 순매도했고, 외국인과 개인이 각각 1038억원, 786억원 순매수했다. 간밤 뉴욕증시는 미국의 세제개편 기대감에 상승 마감했다. 최근 주가 하락에 따른 저가매수세가 유입됐고, 장 중 세제개편안 통과 가능성이 제기되며 상승했다는 분석이다. 삼성전자는 이틀 연속 상승했다. 삼성전자는 전날보다 2만4000원 오른 237만4000원에 마감했다. 이해진 전 네이버 의장이 지난 22일 보유주식 11만주(0.33%)를 블록딜(시간 외 매매)하면서, NAVER 주가는 소폭 올랐다. NAVER는 전날보다 6000원 오른 77만3000원에 마감했다. 코스닥도 650선을 넘지 못하고, 5거래일 째 640선에 머물러 있다. 코스닥은 전날보다 0.54포인트(0.08%) 내린 643.72에 마감했다. 코스닥도 오후 1시를 넘어서면서 하락했다. 코스닥 지수 하락도 기관이 이끌었다. 기관이 142억원 순매도했고, 외국인과 기관이 137억원, 58억원 순매수했다. 시가총액 상위 종목은 대부분 하락했다. 셀트리온은 3거래일 만에 하락했다. 셀트리온은 전날보다 2300원 하락한 11만4700원에 마감했다. 휴젤은 2%대 하락했고, 셀트리온헬스케어와 코미팜, SK머티리얼즈는 소폭 하락했다.달러/원 환율은 3거래일 연속 하락했다. 달러/원 환율은 2.0원 내린 1131.8원 마감했다.ms@▶ 여러분의 제보를 기다립니다. 제보하기(클릭!)[© 뉴스1코리아(news1.kr), 무단 전재 및 재배포 금지]뉴스1 관련뉴스해당 언론사에서 선정하며 언론사 페이지(아웃링크)로 이동해 볼 수 있습니다.""살충제 계란 먹어라"" 한명숙 출소현장에 \'박사모\' 출몰류여해 \'데이트폭력\' 강의계획서 논란에 ""라이브 토론하자""여자친구 엎드려 뻗치게 한뒤 장검으로 구타외출 미복귀 의경 투신…남겨진 \'의문의 유서\'도박장차려 수천만원 뜯어간 서면통합파 조폭좋아요0훈훈해요0슬퍼요0화나요0후속기사 원해요0기사제공 :']"
12,삼성전자, 2017-08-2315:44,서울경제 ,"삼성, 미얀마에 '모바일 교육버스'",https://finance.naver.com/news/news_read.nhn?article_id=0003097187&office_id=011&mode=search&query=삼성전자&page=4,"['       삼성, 미얀마에 \'모바일 교육버스\'      기사입력2017-08-23 15:44기사원문좋아요훈훈해요좋아요 평가하기공감좋아요0훈훈해요0슬퍼요0화나요0후속기사 원해요0댓글지난 21일 미얀마 양곤의 한 공장을 방문한 ‘삼성 모바일 교육 버스’에서 미얀마 어린이들이 영어, 수학 등 기초 교육을 받으며 즐거워 하고 있다. 삼성전자는 2015년 미얀마에서 ‘삼성 모바일 교육 버스’를 시작했으며, 이달부터 수업 공간에 별도의 주방 공간까지 갖춘 신형 교육 버스와 스마트 TV, 갤럭시 탭을 추가로 지원해 총 3대의 교육 버스를 운영한다고 23일 밝혔다./사진제공=삼성전자[서울경제] 지난 21일 미얀마 양곤의 한 공장을 방문한 ‘삼성 모바일 교육 버스’에서 미얀마 어린이들이 영어·수학 등 기초 교육을 받으며 즐거워하고 있다. 삼성전자는 2015년 미얀마에서 삼성 모바일 교육 버스를 시작했으며 이달부터 수업 공간에 별도의 주방 공간까지 갖춘 신형 교육 버스와 스마트 TV, 갤럭시 탭을 추가로 지원해 총 3대의 교육 버스를 운영한다고 23일 밝혔다./사진제공=삼성전자[서울경제 바로가기]1997년 이래 대한민국 최고의 과학자 DB [바로가기]서울경제의 모든 연재물!... 서경Cube [바로가기▶]저작권자 ⓒ 서울경제, 무단 전재 및 재배포 금지서울경제 관련뉴스해당 언론사에서 선정하며 언론사 페이지(아웃링크)로 이동해 볼 수 있습니다.文 ""5·18 진상규명···전투기 출격대기 등 특별조사 지시""文, 5·18민주화운동때 헬기사격·전투기 출격대기 특별조사 지시\'릴리안 생리대\' 미개봉상품만 교환 가능? ""이젠 하다 하다 생리대까지"" 네티즌北 ""한마디에 미국의 위용 폴싹""···괌 위협영상 공개살충제 계란 파동에 되레 오른 文 지지율, 무슨 일이좋아요0훈훈해요0슬퍼요0화나요0후속기사 원해요0기사제공 :']"
13,삼성전자, 2017-08-2315:44,파이낸셜뉴스 ,"삼성전자·LG전자, 미국 바이어들이 투표한 '올해의 최고 제품' 석권",https://finance.naver.com/news/news_read.nhn?article_id=0003862731&office_id=014&mode=search&query=삼성전자&page=4,"[""       삼성전자·LG전자, 미국 바이어들이 투표한 '올해의 최고 제품' 석권      기사입력2017-08-23 15:44기사원문좋아요훈훈해요좋아요 평가하기공감좋아요0훈훈해요0슬퍼요0화나요0후속기사 원해요0댓글      삼성전자와 LG전자가 21일 미국 소비자잡지 TWICE에서 선정한 ‘올해의 최고 제품(TWICE VIP Awards)에서 각각 10개, 7개의 상을 석권했다.    삼성전자와 LG전자가 미국 유통·소매업자들에게 높은 제품력으로 인정받았다.  23일 업계에 따르면, 삼성전자와 LG전자는 21일 미국 소비자잡지 TWICE에서 선정한 ‘올해의 최고 제품(TWICE VIP Awards)에서 각각 10개, 7개의 상을 석권했다. 이 상은 미국 현지의 유통업자와 소매업자들이 각각 50:50의 비율로 투표해 선정됐다.  삼성전자는 앱&소프트웨어 부문, 스마트폰, 태블릿, 가상현실(VR), 카메라 악세서리, 액션 캠, 홈 자동화 허브, 스마트기기, TV(40~57형), 스마트워치 부문에서 최고 상품을 차지했다.  LG전자는 게이밍 모니터, 사운드바, 방범 카메라, 전자레인지, 냉장고, 홈케어 기기, TV(58형 이상)에서 최고 상품으로 선정됐다.  특히 삼성전자와 LG전자는 TV 부문에서 나란히 최고 제품으로 선정돼 눈길을 끌었다. 삼성전자의 ‘더 프레임 TV’은 40~57형에서, LG전자의 ‘LG 시그니처 올레드 TV’는 58형 이상 크기 부문에서 제품력을 인정받았다.  ktop@fnnews.com 권승현 기자   ▶ 세상의 모든 골 때리는 이야기 'fn파스'▶ 속보이는 연예뉴스 fn스타  ※ 저작권자 ⓒ  파이낸셜뉴스. 무단 전재-재배포 금지파이낸셜뉴스 관련뉴스해당 언론사에서 선정하며 언론사 페이지(아웃링크)로 이동해 볼 수 있습니다.세계서 가장 예쁜 기상캐스터, 몸매 때문에 시청률이..불륜녀로 찍힌 걸그룹 출신 여성의 최후별장에서 벌거벗은 男 웃는 사진, 꽃뱀의 최후대왕 여드름인 줄 알고 짰다가 1시간만에.. 뜻밖의 사태배고플 때 호두를 먹으면 생기는 놀라운 변화좋아요0훈훈해요0슬퍼요0화나요0후속기사 원해요0기사제공 :""]"
14,삼성전자, 2017-08-2315:40,이데일리 ,"[마감]코스피, 기관 매도 탓 뉴욕發 훈풍 영향 미미",https://finance.naver.com/news/news_read.nhn?article_id=0003904917&office_id=018&mode=search&query=삼성전자&page=4,"['       [마감]코스피, 기관 매도 탓 뉴욕發 훈풍 영향 미미      기사입력2017-08-23 15:40기사원문좋아요훈훈해요좋아요 평가하기공감좋아요0훈훈해요0슬퍼요0화나요0후속기사 원해요0댓글- 1.07포인트 오른 2366.40 마감- 포스코, 공급 과잉 우려로 3% 가까이 하락[이데일리 박형수 기자] 코스피 지수가 소폭 올랐다. 간밤 뉴욕증시가 상승 마감한 영향을 받아 장 초반 2380선에 근접했던 지수는 기관 투자가가 순매도 물량을 쏟아내면서 상승 폭을 대부분 반납했다. 23일 마켓포인트에 따르면 현재 코스피지수는 전 거래일보다 1.07포인트(0.05%) 오른 2366.40을 기록했다. 이날 지수는 11포인트 이상 오르며 거래를 시작하며 장중 2379.59까지 반등하기도 했으나 상승 흐름을 지속하지 못했다. 금융투자와 국가·지자체가 각 1000억원이 넘는 순매도를 기록하면서 지수의 발목을 잡았다. 유가증권 시장에서 개인과 외국인은 각각 786억원, 1038억원 순매수를 기록했다. 반면 기관은 1983억원 매도 우위를 보였다. 금융투자와 국가·지자체에서 각각 1119억원, 1054억원 규모의 순매도 물량을 쏟아냈다. 프로그램 매매는 616억원 어치 순매도를 기록하고 있다.뉴욕증시에서 주요 지수는 트럼프 정부의 세제개편안 통과 기대로 상승했다. 22일(미국시간) 뉴욕증권거래소(NYSE)에서 다우존스 30 산업평균지수는 전날보다 196.14포인트(0.90%) 오른 2만1899.89로 거래를 마쳤다. 스탠더드앤드푸어스(S&P) 500 지수는 0.99% 올랐고 기술주 중심의 나스닥 지수는 1.36% 상승했다.시가총액 상위 종목은 희비가 엇갈렸다. 삼성전자(005930)가 전날보다 1.02% 오른 237만4000원으로 거래를 마친 가운데 한국전력(015760) LG화학(051910) 삼성물산(028260) 네이버(035420) 신한지주(055550) KB금융(105560) 등이 올랐다. SK하이닉스(000660) 현대차(005380) 삼성생명(032830) SK텔레콤(017670) 삼성바이오로직스(207940) 등은 내렸다. 최근 약세를 보였던 네이버 주가는 이해진 전 의장이 보유 중인 주식 가운데 11만주를 외국인에게 시간 외 대량매매(블록딜)로 매도했다는 소식이 전해진 뒤로 반등했다. 포스코는 지난달 중국 조강생산량이 전년 동월 대비 10% 증가했다는 소식에 공급과잉 우려가 불거지며 3% 가까이 내렸다.개별 종목 가운데 일진머티리얼즈(020150)는 전기차용 2차전지 시장 확대 기대로 상승 흐름을 이어갔다. 이구산업(025820)은 구리가격 강세로 실적 개선 기대감이 확산되면서 5%가량 올랐다. 깨끗한나라는 안전성 논란과 함께 환불을 결정하면서 8% 이상 하락했다.  업종별로는 유통 의료정밀 업종이 1% 이상 올랐고 건설 섬유·의복 업종 등도 강세를 보였다. 철강·금속 업종이 2.1% 내렸고 증권(-1.03%) 의약품(-0.99%) 통신(-0.75%) 비금속광물(-0.72%) 업종 등도 하락했다.이날 거래량은 2억2509만주, 거래대금은 3조9183억원으로 집계됐다. 상한가 종목 1개를 포함해 306개 종목이 올랐다. 하한가 없이 479개 종목은 내렸다. 87개 종목은 보합권에 머물렀다.박형수 (parkhs@edaily.co.kr)▶심쿵유발 스타 화보 [핫포토]▶[페이스북] 보러가기~♥ | [카카오톡] 플친 맺기~♥＜ⓒ종합 경제정보 미디어 이데일리 - 무단전재 & 재배포 금지＞이데일리 관련뉴스해당 언론사에서 선정하며 언론사 페이지(아웃링크)로 이동해 볼 수 있습니다.한명숙 새로운 세상 드디어 만나..당당하게 살아갈 것(종합)北김정은, 美공격시 부인 리설주 등 3명과 中으로 탈출..딸은 제외가게 팔아도 빚 못갚는 자영업자 12만 \'시한폭탄\'현대차 ""미국시장 겨냥 픽업트럭 출시""세끼 다먹으며 살 뺀다…요요걱정 없는 \'종이컵 다이어트\' 화제좋아요0훈훈해요0슬퍼요0화나요0후속기사 원해요0기사제공 :']"
15,삼성전자, 2017-08-2315:36,디지털타임스 ,"국내 디스플레이 업계, 중국 시장서 밀리고 패널가격 하락에 `이중고`",https://finance.naver.com/news/news_read.nhn?article_id=0002418535&office_id=029&mode=search&query=삼성전자&page=4,"['       국내 디스플레이 업계, 중국 시장서 밀리고 패널가격 하락에 `이중고`      기사입력2017-08-23 15:36기사원문좋아요훈훈해요좋아요 평가하기공감좋아요0훈훈해요0슬퍼요0화나요0후속기사 원해요0댓글 [디지털타임스 박슬기 기자] 중화권(중국·대만) 디스플레이 제조사들이 올 상반기 TV용 패널 출하량을 늘린 데 반해 국내 디스플레이 업체들은 수요 감소로 출하량이 줄어든 것으로 나타났다. 중화권 디스플레이 제조사들은 국내 TV 제조사 공급 의존도를 낮추고, 중국 현지 TV 제조사에 공급을 크게 늘리며 시장 장악력을 높이고 있다. 이에 비해 중화권 시장에서 가격 경쟁력에서 밀리고 있는 국내 디스플레이 제조사들은 최근 패널 가격 하락 등으로 부담이 가중되고 있다.23일 시장조사업체 IHS마킷에 따르면 대만의 AUO와 이노룩스, 중국의 차이나스타 등 중화권 디스플레이 업계는 올해 상반기 TV용 액정표시장치(LCD)·유기발광다이오드(OLED) 패널을 지난해 동기보다 5% 늘어난 7928만대를 출하했다. 특히 중국의 CEC판다와 차이나스타의 출하량은 지난해 상반기와 비교해 각각 61.3%, 22.4% 증가했다.하지만 LG디스플레이와 삼성디스플레이를 포함한 국내 디스플레이 업계는 올 상반기 TV용 패널을 4436만대 출하해 지난해 동기보다 7% 줄었다.이처럼 한국과 중화권 디스플레이 업계 간 출하량 증감 차이를 불러온 것은 중국 현지 TV 제조사가 중화권 디스플레이 패널을 많이 채택했기 때문이다. 중화권 디스플레이 업체들은 수요가 늘고 있는 중국 TV 제조사에 공급을 집중했다. 하지만 삼성전자, LG전자 등 한국 TV 제조사들은 올해 출하량을 하향 조정했고, 이에 따라 패널 수요가 급감해 한국 디스플레이 업체들의 출하량도 덩달아 줄어들 수밖에 없었다.올 3~4분기에도 하이센스와 TCL, 스카이워스 등 중국 상위 6개 TV 제조사들은 패널 구매량을 전 분기보다 각각 17%, 14% 늘릴 전망이지만, 삼성전자와 LG전자는 각각 12%, 13%씩 줄일 것으로 추정됐다.중국 TV 시장에선 중화권 디스플레이 업계가 가격 경쟁력을 무기로 영역을 확장하고 있지만, 국내 디스플레이 업체들은 해외 주요 매출처를 잃을 상황에 놓였다. 실제 LG디스플레이의 중국지역 매출 비중은 지난해 2분기 69%에서 64.6%로 4.4%포인트 하락했다.하반기부터 떨어지고 있는 TV용 패널 가격도 국내 디스플레이 업계의 전망을 불투명하게 하고 있다. 시장조사업체 위츠뷰에 따르면 이달 TV용 LCD 패널 평균 가격은 192달러로 전월보다 약 4% 하락했다. 200달러를 밑돈 것은 10개월 만이다.업계 관계자는 ""국내 디스플레이 업체들은 안방 시장에서 삼성·LG의 TV 출하량 감소로 어려움을 겪고 있고, 중국 TV 제조사들이 현지 디스플레이 패널을 주로 사용하면서 대형 LCD 패널 시장에서 고전하고 있다""고 말했다. 박슬기기자 seul@dt.co.krTV용 패널 출하량.(단위: 대)     디지털타임스 홈페이지 바로가기/SNS 바로가기확바뀐 디지털타임스 연예·스포츠 섹션 바로가기박슬기디지털타임스 관련뉴스해당 언론사에서 선정하며 언론사 페이지(아웃링크)로 이동해 볼 수 있습니다.LG전자, 미국에 285억 투자 전기차 부품공장 건설비타민 B6·B12 장기복용땐 폐암위험 급증… 무슨 이유 있길래\'구글 어시스턴트\' 한국어 버전 V30에 처음 적용한다중, 영업정지 롯데마트서 발전기·변전기 몰수해 경매처분도시바 막판 돌변 왜? 한미일연합 대신 WD와 반도체 매각협상좋아요0훈훈해요0슬퍼요0화나요0후속기사 원해요0기사제공 :']"
16,삼성전자, 2017-08-2315:34,한국경제 ,"[분석플러스]반도체주, 3분기에도 실적 불패?",https://finance.naver.com/news/news_read.nhn?article_id=0003813466&office_id=015&mode=search&query=삼성전자&page=4,"['       [분석플러스]반도체주, 3분기에도 실적 불패?      기사입력2017-08-23 15:34기사원문좋아요훈훈해요좋아요 평가하기공감좋아요0훈훈해요0슬퍼요0화나요0후속기사 원해요0댓글(사진=게티이미지뱅크)반도체 \'슈퍼 호황\'에 힘입어 지난 2분기 최대 실적을 거둔 삼성전자와 SK하이닉스 주가가 이달 들어 지지부진한 흐름을 이어가고 있다. 그러나 전문가들은 탄탄한 반도체 업황이 주가 하단을 지켜줄 것으로 기대하고 있다.금융투자업계에서는 3분기 D램 메모리 시장의 비트그로스(비트당 출하량 증가율)가 직전 분기대비 10%대 증가할 것으로 전망하고 있다. 모바일을 비롯한 정보기술(IT) 제품의 성수기 진입이 긍정적이란 평가다. 특히 애플의 아이폰 10주년 모델 등 하반기 스마트폰 신제품이 견인하는 D램 메모리 수요가 양호할 것이란 기대되고 있다. 김록호 하나금융투자 연구원은 23일 ""메모리 가격이 올 4분기에도 하락할 가능성이 낮다""며 ""며 ""중국 기업의 스마트폰 신모델 출시가 2분기 후반에 집중된 만큼 물량 증가는 3분기에 집중될 가능성이 높다""고 내다봤다.최근 증가하고 있는 서버 관련 메모리 수요가 꾸준히 늘어나면서 반도체기업에 유리한 수급 구조가 지속될 것이란 관측이다. 도현우 미래에셋대우 연구원은 ""데이터센터 처리 능력 증가는 머신러닝 등 수요를 자극할 수 있다""며 ""이는 전체 반도체 수요에 긍정적으로 작용할 전망""이라고 내다봤다.황민성 삼성증권 연구원은 ""일각에서는 장기 관점에서 삼성전자의 반도체 공급 증가에 대해 우려하는 시각이 있지만 이는 과대 평가된 것""이라며 ""삼성전자의 생산목표를 현실 수준에 맞추면 공급과잉이 부족으로 바뀔 전망들이 대다수""라고 평가했다.전문가들은 삼성전자와 SK하이닉스의 3분기 실적이 양호할 것으로 점치고 있다. 증권정보업체 에프앤가이드에 따르면 삼성전자의 3분기 매출과 영업이익 컨센서스(국내 증권사 전망치 평균)은 61조5323억원, 14조682억원으로 집계됐다. 매출은 사상 최대치인 2분기 당시보다 0.87% 늘어나고 영업이익은 유사한(0.01% 증가) 수준이다. 삼성전자의 경우 디스플레이와 IM(IT모바일) 사업부 실적이 직전 분기 감소하겠지만, 반도체 실적은 꾸준히 증가세를 이어갈 것으로 기대되고 있다.김 연구원은 ""삼성전자의 3분기 영업이익은 14조3060억원으로 예상되고, 실적 개선이 내년까지도 지속 가능할 것""이라고 내다봤다. 최근 주가 하락으로 밸류에이션(실적 대비 주가 수준) 매력도 부각될 수 있는 구간이란 평가다.도 연구원은 ""현재 삼성전자 주가는 올해 예상 실적 기준 주가수익비율(PER) 9.0배, 주가순자산비율(PBR) 1.6배""라며 ""이는 글로벌 경쟁사 대비 저평가된 수준""라고 진단했다.SK하이닉스의 3분기 매출과 영업이익 컨센서스는 7조8316억원, 3조7300억원으로 나타났다. 사상 최대치인 2분기보다 매출은 17.0%, 영업이익은 22.26% 늘어날 것이란 관측이다. 오정민 한경닷컴 기자 blooming@hankyung.com[한경닷컴 바로가기] [글방] [모바일한경 구독신청] ⓒ 한국경제 & hankyung.com, 무단전재 및 재배포 금지한국경제 관련뉴스해당 언론사에서 선정하며 언론사 페이지(아웃링크)로 이동해 볼 수 있습니다.""年 1500억씩 더 나갈 판""…발칵 뒤집힌 서울시중고차 내놓자마자 불티나게 팔린 車 정체가…""전자담배 아이코스, 너마저…"" 무슨 일이?""정부서 안 갚아도 된다고…"" 채무자들 \'으름장\'서울 대학가 원룸 월세 가장 비싼 동네 봤더니…좋아요0훈훈해요0슬퍼요0화나요0후속기사 원해요0기사제공 :']"
17,삼성전자, 2017-08-2315:33,한국경제 ,(마감)삼성전자 237만4000원…1.02%↑,https://finance.naver.com/news/news_read.nhn?article_id=0003813463&office_id=015&mode=search&query=삼성전자&page=4,"['       (마감)삼성전자 237만4000원…1.02%↑      기사입력2017-08-23 15:33기사원문좋아요훈훈해요좋아요 평가하기공감좋아요0훈훈해요0슬퍼요0화나요0후속기사 원해요0댓글 한경닷컴[한경닷컴 바로가기] [글방] [모바일한경 구독신청] ⓒ 한국경제 & hankyung.com, 무단전재 및 재배포 금지한국경제 관련뉴스해당 언론사에서 선정하며 언론사 페이지(아웃링크)로 이동해 볼 수 있습니다.갤럭시노트8 내일 0시 공개… 노트 시리즈 \'부활\' 알릴까코스피, 외국인·개인 \'사자\'에 이틀째 상승…2370선은 반납""年 1500억씩 더 나갈 판""…발칵 뒤집힌 서울시중고차 내놓자마자 불티나게 팔린 車 정체가…""전자담배 아이코스, 너마저…"" 무슨 일이?좋아요0훈훈해요0슬퍼요0화나요0후속기사 원해요0기사제공 :']"
18,삼성전자, 2017-08-2315:31,뉴시스 ,"키움증권, 연11.4% 추구 삼성전자·페이스북 ELS 판매",https://finance.naver.com/news/news_read.nhn?article_id=0008136417&office_id=003&mode=search&query=삼성전자&page=4,"[""       키움증권, 연11.4% 추구 삼성전자·페이스북 ELS 판매       기사입력2017-08-23 15:31기사원문좋아요훈훈해요좋아요 평가하기공감좋아요0훈훈해요0슬퍼요0화나요0후속기사 원해요0댓글 【서울=뉴시스】정옥주 기자 =키움증권은 세전 연 11.4%의 수익을 추구하는 삼성전자·페이스북 ELS(주가연계증권)를 출시한다고 23일 밝혔다.이번에 출시되는 '제92회 글로벌 100조 클럽 ELS'의 기초자산은 삼성전자와 페이스북 두 종목이다. 추구수익률은 세전 연 11.4%이고 만기는 3년이다. 발행 후 6개월마다 조기상환기회가 주어지며 조기상환 평가일에 두 기초자산이 모두 최초 기준가격의 90%(6·12·18개월), 85%(24·30·36개월) 이상인 경우 최고 34.2%(연 수익률 11.4%·세전) 수익으로 상환된다. 투자기간 동안 기초자산 중 하나가 최초기준가격의 60% 미만으로 떨어진 적이 있다면 원금손실이 발생할 수 있다.청약 마감은 오는 25일 오후 1시이다. channa224@newsis.com▶ 뉴시스 빅데이터 MSI 주가시세표 바로가기 ▶ 뉴시스 SNS [페이스북] [트위터]뉴시스 관련뉴스해당 언론사에서 선정하며 언론사 페이지(아웃링크)로 이동해 볼 수 있습니다.공매도 규제 실효성 강화...개미 눈물 닦아줄까8·2대책 풍선효과···신용대출 등 은행 기타대출 최대[MSI급락주]신세계, 영업환경 부진 전망에 시장심리 급락[빅데이터MSI]오후 2시 주식시장 심리 3→4→4단계 '보통'[빅데이터MSI]시장심리 톱5...삼성전자·현대상선·한국가스공사·SK텔레콤·SK이노베이션좋아요0훈훈해요0슬퍼요0화나요0후속기사 원해요0기사제공 :""]"
19,삼성전자, 2017-08-2315:30,머니투데이 ,"[스팟]삼성전자, 2만4000원(1.02%) 오른 237만4000원 마감",https://finance.naver.com/news/news_read.nhn?article_id=0003923713&office_id=008&mode=search&query=삼성전자&page=4,"['       [스팟]삼성전자, 2만4000원(1.02%) 오른 237만4000원 마감      기사입력2017-08-23 15:30기사원문좋아요훈훈해요좋아요 평가하기공감좋아요0훈훈해요0슬퍼요0화나요0후속기사 원해요0댓글 [머니투데이 하세린 기자] 23일 삼성전자 마감.TOM칼럼-깊이있는 투자정보▶무료 만화 즐기고~ 선물타자!▶ 빵빵한 차&레이싱걸▶ 하세린 기자 iwrite@mt.co.kr머니투데이 관련뉴스해당 언론사에서 선정하며 언론사 페이지(아웃링크)로 이동해 볼 수 있습니다.[포토is] ""깜짝이야!""… 여기는 지하철 대테러 훈련 현장[단독]檢 ""\'주식부자 이희진\' 피해자, 200여명 더""배우 송선미 남편, 변호사 사무실서 흉기 찔려 사망현대차 임원급여 10% 자진삭감, 과장급 동결..노조는 7%↑?\'292억 사기혐의\' 이희진 과거 언행…""집 건축비만 130억""좋아요0훈훈해요0슬퍼요0화나요0후속기사 원해요0기사제공 :']"
0,삼성전자, 2017-08-2315:30,한국경제 ,"[분석플러스]삼성전자, 호재와 악재 뒤섞인 한 주…주가 향방은?",https://finance.naver.com/news/news_read.nhn?article_id=0003813461&office_id=015&mode=search&query=삼성전자&page=5,"['       [분석플러스]삼성전자, 호재와 악재 뒤섞인 한 주…주가 향방은?      기사입력2017-08-23 15:30기사원문좋아요훈훈해요좋아요 평가하기공감좋아요0훈훈해요0슬퍼요0화나요0후속기사 원해요0댓글삼성전자가 운명을 가를 한 주를 맞았다. 오는 23일(현지시간) 신규 스마트폰 갤럭시노트8을 공개하는 가운데 오는 이재용 부회장의 1심 선고가 오는 25일 내려진다. 총수인 이 부회장의 선고 재판과 하반기 스마트폰 사업을 책임질 신제품 공개가 이번주에 함께 이뤄지면서 삼성전자의 주가 전망도 엇갈린 방향성을 나타내고 있다.◆ ""갤노트8·반도체 덕분에 하반기 성장세 이어져""23일 오후 3시10분 현재 유가증권시장에서 삼성전자는 전날보다 2만2000원(0.94%) 오른 237만2000원에 거래되고 있다. 갤노트8 공개를 하루 앞두고 신제품에 대한 기대감이 높아지면서 주가는 오름세를 보이고 있다.갤노트8은 하반기 스마트폰 시장의 최대 기대작이다. 삼성전자는 미국 뉴욕에서 갤럭시노트8을 공개한 후 다음달 1일 국내 예약 판매를 시작한다. 정식 출시는 다음달 15일로 예정돼있다.증권가에서는 갤노트8의 판매량이 연말까지 1100만대 수준에 이를 것으로 전망하고 있다. 역대 노트시리즈와 비교하면 두 번째로 높은 판매량이다. 같은 기간 갤럭시노트3는 1200만대로역대 가장 많이 팔렸으며, 갤럭시노트1은 100만대, 노트2는 850만대, 노트4와 노트5는 각각 800만대와 850만대 판매량을 기록한 것으로 알려졌다,김동원 KB증권 연구원은 ""애플 아이폰8 10주년 모델 출시 1~2개월 전까지 갤노트8은 대화면 프리미엄폰 대기 수요를 선점할 것""이라며 ""갤노트8 호조에 힘입어 하반기 IM(IT·모바일) 사업부의 실적이 크게 오르면서 주가도 긍정적인 방향을 보일 것""이라고 내다봤다.반도체 업황 호조도 하반기 내내 이어질 것으로 증권가는 예상했다. 실적 성장세가 이어지면서 밸류에이션(실적 대비 주가 수준) 매력도 충분하다는 게 전문가들의 판단이다. 이베스트투자증권은 3분기 반도체 부문이 9조4000억원대의 역대 최대 영업이익을 올릴 것이라고 봤다.하반기 동안 이어지는 대내외적 호재성 소식에 주가 상승세가 쉽게 꺾이지 않을 것이라는 의견이 많다. 이익 증가세가 계속되는 가운데 펀더멘털(기초체력)까지 뒷받침되고 있어 상승 동력이 크다는 것이다. 윤태호 한국투자증권 연구원은 ""연초 이후 총수의 구속, 지주 전환 포기, 컨트롤타워인 미래전략실 해체 등 위기 상황에서도 주가는 올랐다""며 ""양호한 펀더멘털로 기업에 대한 예측 가능성이 높아지면서 투자자들은 기업의 경쟁력과 실적에 기반한 평가를 내렸다""고 설명했다.◆ ""이 부회장 1심 선고 지켜봐야""반면 악재성 소식도 예정되면서 단기적으로는 주가 조정세를 피할 수 없다고 본 전문가도 있었다. 노트8이 공개된 다음 날 이 부회장을 포함한 삼성전자의 전·현직 임원의 뇌물 혐의 등에 대한 1심 선고가 내려진다. 그간 시장에서는 이 부회장에 대한 특검의 행보에 따라 1~2%대의 단기적인 주가 하락세가 나타났다. 지난 1월 이 부회장에 대한 구속영장이 청구됐을 때 삼성전자 주가는 2.14% 하락했었다. 2월 특검이 이 부회장을 피의자 신분으로 재소환 조사를 진행할 당시에도 주가는 1.04% 떨어졌다. 3월 구속영장 재청구 당시에는 1% 내렸다.윤 연구원은 ""현재 상황이 삼성전자에 우호적이지는 않기에 뉴스에 따라 주가는 짧지만 변동성을 보이고 있다""고 전했다.재판 결과에 따라 주가 방향성이 결정될 수 있다는 관측이 우세하다. 특히 유죄 판결이 확정될 경우 주가 하락세는 피할 수 없다는 의견이 나왔다. 경영 공백이 현실화되면서 삼성전자의 주요 경영 전략과 대규모 투자, 인수·합병(M&A) 등에 제동이 걸릴 수 있기 때문이다.정다이 메리츠종금증권 연구원은 ""지난 7일 특검이 이 부회장에 12년을 구형하며 오너리스크가 재부각됐다""며 ""오는 25일 선고를 지켜봐야한다""고 조언했다.안혜원 한경닷컴 기자 anhw@hankyung.com[한경닷컴 바로가기] [글방] [모바일한경 구독신청] ⓒ 한국경제 & hankyung.com, 무단전재 및 재배포 금지한국경제 관련뉴스해당 언론사에서 선정하며 언론사 페이지(아웃링크)로 이동해 볼 수 있습니다.갤럭시노트8 내일 0시 공개… 노트 시리즈 \'부활\' 알릴까코스피, 외국인·개인 \'사자\'에 이틀째 상승…2370선은 반납""年 1500억씩 더 나갈 판""…발칵 뒤집힌 서울시중고차 내놓자마자 불티나게 팔린 車 정체가…""전자담배 아이코스, 너마저…"" 무슨 일이?좋아요0훈훈해요0슬퍼요0화나요0후속기사 원해요0기사제공 :']"
1,삼성전자, 2017-08-2315:23,한국경제 ,"미래에셋대우, 텐센트-삼성전자 기초자산 ELS 판매",https://finance.naver.com/news/news_read.nhn?article_id=0003813456&office_id=015&mode=search&query=삼성전자&page=5,"['       미래에셋대우, 텐센트-삼성전자 기초자산 ELS 판매      기사입력2017-08-23 15:23기사원문좋아요훈훈해요좋아요 평가하기공감좋아요0훈훈해요0슬퍼요0화나요0후속기사 원해요0댓글 미래에셋대우는 텐센트와 삼성전자 주식을 기초자산으로 하는 ELS(주가연계증권)를 판매한다고 23일 밝혔다. 오는 25일까지 판매하는 ‘제21508회 텐센트(Tencent)-삼성전자 원금 90% 부분지급 조기상환형 해외주식 ELS’는 만기 1년 상품이다. 조기상환평가일(3, 6, 9개월)에 모든 기초자산이 최초기준가격의 102% 이상이면 연 15%의 수익을 제공한다.조기상환조건을 충족시키지 못한 경우 만기평가일(12개월)에 두 기초자산(텐센트, 삼성전자)의 만기평가가격이 모두 최초기준가격보다 상승했다면, 기초자산 상승률이 낮은 종목의 상승률 만큼을 수익으로 지급한다.만기평가일에 두 기초자산 중 어느 하나라도 만기 평가가격이 최초 기준가격보다 떨어졌다면 최대 10%까지 원금 손실이 있을 수 있다.이번 상품은 홍콩증권거래소에 상장한 해외주식이 기초자산이지만 원화로 청약하고 원화로 만기상환을 받기 때문에 해외 통화 환전이 필요 없다. 별도의 환헤지가 필요 없고 환율에 의한 수익 변동도 없다.미래에셋대우 관계자는 ""글로벌 투자로 자산을 배분하면서 혹시 모를 하락 위험도 관리할 필요가 있다""며 ""원금 90% 부분지급 조기상환형 해외주식 ELS는 위험관리가 가능하면서 4차 산업혁명으로 대표되는 글로벌 우량주식에 투자해 수익을 추구할 수 있는 투자솔루션""이라고 말했다.이번 상품은 오는 25일 오후 1시 30분까지 최소 100만원부터 100만원 단위로 청약이 가능하다.이민하 한경닷컴 기자 minari@hankyung.com[한경닷컴 바로가기] [글방] [모바일한경 구독신청] ⓒ 한국경제 & hankyung.com, 무단전재 및 재배포 금지한국경제 관련뉴스해당 언론사에서 선정하며 언론사 페이지(아웃링크)로 이동해 볼 수 있습니다.미래에셋대우, 여의도영업부·분당WM 투자설명회미래에셋대우, 온라인 전용 ELS 판매""年 1500억씩 더 나갈 판""…발칵 뒤집힌 서울시중고차 내놓자마자 불티나게 팔린 車 정체가…""전자담배 아이코스, 너마저…"" 무슨 일이?좋아요0훈훈해요0슬퍼요0화나요0후속기사 원해요0기사제공 :']"
2,삼성전자, 2017-08-2315:23,머니투데이 ,청소기도 프리미엄화…무선청소기 '大戰',https://finance.naver.com/news/news_read.nhn?article_id=0003923699&office_id=008&mode=search&query=삼성전자&page=5,"['       청소기도 프리미엄화…무선청소기 \'大戰\'      기사입력2017-08-23 15:23기사원문좋아요훈훈해요좋아요 평가하기공감좋아요0훈훈해요0슬퍼요0화나요0후속기사 원해요0댓글 [머니투데이 김성은 기자] [英 다이슨 이어 삼성·LG도 100만원대 무선 핸디스틱 청소기 속속 출시…흡입력·편의성·사용시간 등 \'관건\'](왼쪽부터)삼성전자 \'파워건\'과 LG전자 \'코드제로 A9\', 다이슨 \'V8\' /사진=각사 홈페이지 등100만원에 달하는 무선 핸디스틱 청소기가 국내에 속속 출시되고 있다. 청소기에 대해서도 소비자들의 프리미엄 요구가 반영되고 있다는 분석이다. 23일 가전업계에 따르면 삼성전자는 오는 9월 중 무선 핸디스틱 청소기 \'파워건\'을 출시한다. 출시 전이어서 가격은 아직 확정되지 않았지만 80만~130만원 수준이 될 것이란 관측이다. 삼성전자가 100만원대 무선 핸디스틱 청소기를 내놓는 것은 이번이 처음이다. \'파워건\'은 편의성은 물론 그동안 경량의 무선 핸디스틱 청소기의 약점으로 꼽혔던 약한 흡입력 등을 두루 개선했다는 평가다. 삼성전자가 자체 검증한 흡입력은 150와트(W·흡입력 단위)로 현재 국내 출시된 무선 핸디스틱 청소기 가운데 최고 수준이다.앞서 LG전자도 지난 6월 무선 핸디스틱 청소기 \'코드제로 A9\'을 출시했다. 가격은 89만~129만원선이다. LG전자는 자체 제작한 \'스마트 인버터 모터 P9\'을 탑재해 140W의 강력한 흡입력을 갖춘 점을 장점으로 내세웠다. 분당 모터 회전속도는 11만5000RPM으로 이는 항공기의 제트엔진보다 16배 빠른 속도라는 설명이다.삼성전자와 LG전자가 잇따라 고가의 청소기를 내놓는 것은 시장성이 충분하다는 판단에서다. 모터가 바닥이 아닌 손잡이 근처에 있는 \'상중심\' 형태의 무선 핸디스틱 청소기 시장에서 먼저 유명세를 탔던 제품은 영국 브랜드 다이슨이다. 다이슨은 2012년 \'디지털 슬림 DC35\'를 국내에 출시한 것을 시작으로 꾸준히 신제품을 선보이며 지난해 6월 \'V8\'을 내놨다. V8은 출시 당시 130만원대 높은 가격으로 눈길을 끌었다. V8의 흡입력은 115 에어와트(AW)로 출시 당시만 하더라도 국내 업계 최고 수준이었다. AW란 유럽식 표기로 국내에서는 AW 대신 W가 주로 쓰이며 산출 방식은 비슷한 것으로 알려졌다. 가전업계에 따르면 다이슨은 신제품 출시 때마다 가격을 높이는 고가전략을 고수했음에도 불구하고 매년 판매량은 전년 대비 약 2배씩 늘어난 것으로 파악됐다. 업계에 따르면 지난해 전체 청소기 시장은 180만대 가량으로 추정, 이 중 무선 청소기 시장 비중은 36%로 분석되는데 이 시장 크기는 해마다 늘어날 것이란 관측이다. 무선 핸디스틱 청소기가 편의성은 높지만 부피가 큰 유선 청소기에 비해 흡입력이 약하다는 점, 충전 후 사용시간이 짧다는 점, 무겁다는 점 등이 약점으로 지적돼 왔다. 이같은 약점을 극복해 삼성전자와 LG전자의 최신 제품은 탈부착이 가능한 배터리를 사용하는데 각각 270분, 210분씩의 충전을 거치면 배터리 1개당 최대 40분씩 사용이 가능토록 했다. 다이슨 \'V8\'은 300분 충전해 최대 40분 사용이 가능하다. 단 배터리 교체는 안된다. 무게도 중요한데 삼성전자는 2.95㎏, 다이슨은 2.6㎏, LG전자는 2.7㎏으로 최신 제품 전반이 2k~3㎏ 수준이다. 이밖에 삼성전자는 업계 최고 수준의 흡입력을, LG전자는 벽을 뚫지 않고도 설치할 수 있는 자립 충전대 등을 장점으로 내세웠다. 국내 업체들로서는 이런 약점을 보완할 기술력을 갖췄다 할지라도 고가의 비용이들기 때문에 이를 시장에서 소화시킬 수 있을지에 대한 고민이 있어왔다. 한 가전업계 관계자는 ""고가임에도 불구하고 최근 들어 소비자 니즈가 충분히 있다고 판단, 관련 제품이 속속 출시되고 있는 것으로 보인다""고 설명했다. TOM칼럼-깊이있는 투자정보▶무료 만화 즐기고~ 선물타자!▶ 빵빵한 차&레이싱걸▶ 김성은 기자 gttsw@mt.co.kr머니투데이 관련뉴스해당 언론사에서 선정하며 언론사 페이지(아웃링크)로 이동해 볼 수 있습니다.[포토is] ""깜짝이야!""… 여기는 지하철 대테러 훈련 현장[단독]檢 ""\'주식부자 이희진\' 피해자, 200여명 더""배우 송선미 남편, 변호사 사무실서 흉기 찔려 사망현대차 임원급여 10% 자진삭감, 과장급 동결..노조는 7%↑?\'292억 사기혐의\' 이희진 과거 언행…""집 건축비만 130억""좋아요0훈훈해요0슬퍼요0화나요0후속기사 원해요0기사제공 :']"
3,삼성전자, 2017-08-2315:22,스포츠조선 ,"삼성전자, '모바일 교육 버스'로 미얀마 어린이 꿈 지원",https://finance.naver.com/news/news_read.nhn?article_id=0003140766&office_id=076&mode=search&query=삼성전자&page=5,"['       삼성전자, \'모바일 교육 버스\'로 미얀마 어린이 꿈 지원      기사입력2017-08-23 15:22기사원문좋아요훈훈해요좋아요 평가하기공감좋아요0훈훈해요0슬퍼요0화나요0후속기사 원해요0댓글 삼성전자가 미얀마 소외 계층 어린이들을 위해 특별한 교육 프로그램인 \'삼성 모바일 교육 버스\'를 확대 운영한다고 23일 밝혔다. 삼성전자는 2015년부터 미얀마에서 삼성 모바일 교육 버스를 운영하고 있으며 이달부터 수업 공간에 별도의 주방 공간까지 갖춘 신형 교육 버스와 스마트 TV, 갤럭시 탭을 추가로 지원해 총 3대의 교육 버스를 운영한다.삼성전자는 버스에 마련된 주방 공간에서 아이들이 직접 음식을 만들고 먹는 요리 프로그램을 운영하고, 동시에 미얀마 소외 지역의 여성들에게도 식품 안전과 위생, 요리 수업을 실시할 예정이다.삼성 모바일 교육 버스는 약 400만명에 달하는 미얀마 소외 계층 어린이들이 학교에 가지 못하고 일하고 있는 현실에서 착안됐다. 삼성 모바일 교육 버스는 전문교사와 함께 미얀마어, 영어, 수학, 컴퓨터 등 정규 교육과 함께 일상 생활에 지친 어린이들을 위해 다양한 놀이 수업도 병행 실시하고 있다.이상철 삼성전자 부사장은 ""미래 성장 가능성이 높은 미얀마 뿐만 아니라 동남아 지역의 소외 계층 지원을 위해 최선을 다할 것""이라고 말했다.김세형 기자 fax123@sportschosun.com▶마감직전토토, 실시간 정보 무료! [스포츠조선 바로가기] [스포츠조선 페이스북]- Copyrightsⓒ 스포츠조선(http://sports.chosun.com/), 무단 전재 및 재배포 금지좋아요0훈훈해요0슬퍼요0화나요0후속기사 원해요0기사제공 :']"
4,삼성전자, 2017-08-2315:17,스포츠조선 ,"LG유플러스-두산건설,두산위브에 홈IoT 플랫폼 구축",https://finance.naver.com/news/news_read.nhn?article_id=0003140764&office_id=076&mode=search&query=삼성전자&page=5,"['       LG유플러스-두산건설,두산위브에 홈IoT 플랫폼 구축      기사입력2017-08-23 15:17기사원문좋아요훈훈해요좋아요 평가하기공감좋아요0훈훈해요0슬퍼요0화나요0후속기사 원해요0댓글LG유플러스가 두산건설이 시공하는 프리미엄 신축 주상복합아파트 \'구서역 두산위브 포세이돈\' 330세대에 홈IoT 플랫폼을 구축한다고 23일 밝혔다. LG유플러스에 따르면 제휴 건설사 중 부산지역 최초로 구서역 두산위브 포세이돈에 IoT 센서와 통신모듈을 탑재한 IoT 공기질 측정기를 설치가 된다. 집 앞 공기환경을 측정 및 분석해 행동가이드를 제안하는 등 입주민들의 건강과 편의성을 높일 수 있게 된 셈이다. 입주민들이 IoT 공기청정기 및 IoT 실내 공기질 센서를 구매해 연동할 경우 세대 내/외부 공기질 비교를 통해 환기시점 알림, 빌트인 전열교환기 및 공기청정기 자동 작동 등 공기질 케어 서비스 이용도 가능하다.입주민들은 또 단지 내 놀이터, 산책로, 커뮤니티센터 등에서 측정된 미세먼지와 초미세먼지 농도, 온도, 습도 등을 LG유플러스 IoT 전용앱인 \'IoT@home\'과 PC에서 24시간 365일 실시간으로 확인할 수 있다. 홈IoT 플랫폼은 주상복합아파트에 들어가는 홈 네트워크와 LG유플러스의 홈IoT 서비스를 하나의 애플리케이션으로 사용할 수 있도록 통합한 시스템으로, 입주민들은 스마트폰 앱에서 입주 시 설치된 조명, 난방, 가스 및 유선 기반의 기존 빌트인 시스템은 물론 개별 구매하는 LG전자, 삼성전자 등 IoT 생활 가전을 연동해 통합적으로 제어할 수 있게 된다. LG유플러스 관계자는 ""국내 최다인 30여개 건설사들과 사업협약을 맺고 건설시장에서 홈IoT 플랫폼을 확산시키고 있다""며 ""실질적으로 IoT 공기질 측정기와 같이 아파트 입주민들의 건강과 주거 편의성을 극대화할 수 있는 IoT 기기들을 지속적으로 공급해 나갈 계획""이라고 말했다.김세형 기자 fax123@sportschosun.com▶마감직전토토, 실시간 정보 무료! [스포츠조선 바로가기] [스포츠조선 페이스북]- Copyrightsⓒ 스포츠조선(http://sports.chosun.com/), 무단 전재 및 재배포 금지좋아요0훈훈해요0슬퍼요0화나요0후속기사 원해요0기사제공 :']"
5,삼성전자, 2017-08-2315:11,문화일보 ,‘삼성 모바일 교육버스’ 확대,https://finance.naver.com/news/news_read.nhn?article_id=0002325121&office_id=021&mode=search&query=삼성전자&page=5,"['       ‘삼성 모바일 교육버스’ 확대      기사입력2017-08-23 15:11기사원문좋아요훈훈해요좋아요 평가하기공감좋아요0훈훈해요0슬퍼요0화나요0후속기사 원해요0댓글삼성전자가 미얀마 소외 계층 어린이들을 위한 교육 프로그램인 ‘삼성 모바일 교육 버스’(사진)를 확대 운영한다고 23일 밝혔다.삼성전자는 8월부터 수업공간에 별도의 주방까지 갖춘 신형 교육 버스 3대를 투입해 운영하고 이 버스에 스마트 TV, 갤럭시 탭도 추가로 지원한다. 삼성전자는 2015년부터 미얀마에서 ‘삼성 모바일 교육 버스’를 운영하고 있다.권도경 기자 kwon@munhwa.com[ 문화닷컴 바로가기 | 소설 서유기 | 모바일 웹 ][Copyrightⓒmunhwa.com \'대한민국 오후를 여는 유일석간 문화일보\' 무단 전재 및 재배포 금지(구독신청:02)3701-5555)]문화일보 관련뉴스해당 언론사에서 선정하며 언론사 페이지(아웃링크)로 이동해 볼 수 있습니다.""김정은, 美공격시 부인·전문가와 中으로 탈출 원격지휘""알몸에 스키부츠… 우즈-본 연인 시절 누드 사진·동영상 유출""F-35 스텔스기, 北심장부 겨냥 \'목의 가시\'로 등장""대법원 한명숙 유죄판결이 \'사법적폐\'라는 與이영애, K-9 훈련 순직 장병 유족에 위로금 기탁좋아요0훈훈해요0슬퍼요0화나요0후속기사 원해요0기사제공 :']"
6,삼성전자, 2017-08-2315:10,파이낸셜뉴스 ,[fn 오후시황]기관 매도에 코스피 2360선 밀려,https://finance.naver.com/news/news_read.nhn?article_id=0003862702&office_id=014&mode=search&query=삼성전자&page=5,"[""       [fn 오후시황]기관 매도에 코스피 2360선 밀려      기사입력2017-08-23 15:10기사원문좋아요훈훈해요좋아요 평가하기공감좋아요0훈훈해요0슬퍼요0화나요0후속기사 원해요0댓글  코스피지수가 기관의 매도에 2360선까지 밀렸다.  23일 오후 2시 53분 현재 코스피지수는 전날보다 3.14포인트(0.13%) 하락한 2362.19를 기록 중이다.  이날 코스피는 전날보다 11.20포인트(0.47%) 오른 2376.53으로 출발하고 한때 2379.59까지 올라 2380선까지 넘봤다. 하지만 기관의 1588억원 순매도 영향으로 하락세로 돌아섰다. 개인은 947억원, 외국인은 499억원 순매수했다.  시가총액 상위 종목 중에는 SK하이닉스(-0.44%), 포스코(-2.06%), 삼성생명(-1.67%), SK(-0.56%)가 매도세다. 삼성전자(0.77%), 현대차(0.34%), 한국전력(0.23%), LG화학(0.28%) 등은 매수세를 유지하고 있다.  업종별로 철강·금속(-2.25%), 의약품(-1.13%), 비금속광물(-0.87%)이 매도세를 보였고, 유통업(1.07%), 건설업(0.72%) 등은 매수세를 기록했다.   ggg@fnnews.com 강구귀 기자   ▶ 세상의 모든 골 때리는 이야기 'fn파스'▶ 속보이는 연예뉴스 fn스타  ※ 저작권자 ⓒ  파이낸셜뉴스. 무단 전재-재배포 금지파이낸셜뉴스 관련뉴스해당 언론사에서 선정하며 언론사 페이지(아웃링크)로 이동해 볼 수 있습니다.세계서 가장 예쁜 기상캐스터, 몸매 때문에 시청률이..불륜녀로 찍힌 걸그룹 출신 여성의 최후별장에서 벌거벗은 男 웃는 사진, 꽃뱀의 최후대왕 여드름인 줄 알고 짰다가 1시간만에.. 뜻밖의 사태배고플 때 호두를 먹으면 생기는 놀라운 변화좋아요0훈훈해요0슬퍼요0화나요0후속기사 원해요0기사제공 :""]"
7,삼성전자, 2017-08-2315:07,파이낸셜뉴스 ,"키움증권, 세전 연11.4% 추구 삼성전자 & 페이스북 ELS 판매",https://finance.naver.com/news/news_read.nhn?article_id=0003862695&office_id=014&mode=search&query=삼성전자&page=5,"[""       키움증권, 세전 연11.4% 추구 삼성전자 & 페이스북 ELS 판매      기사입력2017-08-23 15:07기사원문좋아요훈훈해요좋아요 평가하기공감좋아요0훈훈해요0슬퍼요0화나요0후속기사 원해요0댓글          키움증권은 세전 연11.4%의 수익을 추구하는 삼성전자&페이스북 ELS(주가연계증권)를 출시한다고 23일 밝혔다. 청약 마감은 오는 25일까지다.  이번에 출시되는 '제92회 글로벌 100조 클럽 ELS'의 기초자산은 삼성전자와 페이스북 두 종목이다. 추구수익률은 세전 연 11.4%이고 만기는 3년이다. 발행 후 6개월마다 조기상환기회가 주어지며 조기상환 평가일에 두 기초자산이 모두 최초 기준가격의 90%(~18개월), 85%(~36개월) 이상인 경우 최고 34.2%(연 수익률 11.4%, 세전) 수익으로 상환된다. 투자기간 동안 기초자산 중 하나가 최초기준가격의 60% 미만으로 떨어진 적이 있다면 원금손실이 발생할 수 있다. ▶ 세상의 모든 골 때리는 이야기 'fn파스'▶ 속보이는 연예뉴스 fn스타  ※ 저작권자 ⓒ  파이낸셜뉴스. 무단 전재-재배포 금지파이낸셜뉴스 관련뉴스해당 언론사에서 선정하며 언론사 페이지(아웃링크)로 이동해 볼 수 있습니다.세계서 가장 예쁜 기상캐스터, 몸매 때문에 시청률이..불륜녀로 찍힌 걸그룹 출신 여성의 최후별장에서 벌거벗은 男 웃는 사진, 꽃뱀의 최후대왕 여드름인 줄 알고 짰다가 1시간만에.. 뜻밖의 사태배고플 때 호두를 먹으면 생기는 놀라운 변화좋아요0훈훈해요0슬퍼요0화나요0후속기사 원해요0기사제공 :""]"
8,삼성전자, 2017-08-2315:07,파이낸셜뉴스 ,"미래에셋대우, 조기상환형 해외주식 ELS 판매",https://finance.naver.com/news/news_read.nhn?article_id=0003862696&office_id=014&mode=search&query=삼성전자&page=5,"[""       미래에셋대우, 조기상환형 해외주식 ELS 판매       기사입력2017-08-23 15:07기사원문좋아요훈훈해요좋아요 평가하기공감좋아요0훈훈해요0슬퍼요0화나요0후속기사 원해요0댓글  미래에셋대우는 오는 8월 25일까지 텐센트와 삼성전자 주식을 기초자산으로 하는 주가연계증권(ELS)를 판매하고 있다고 23일 밝혔다.  이번에 판매하는 ‘제21508회 텐센트(Tencent)-삼성전자 원금 90% 부분지급 조기상환형 해외주식 ELS’는 만기 1년 상품으로 조기상환평가일(3, 6, 9개월)에 모든 기초자산이 최초기준가격의 102% 이상이면 연 15%의 수익을 제공한다.  조기상환조건을 충족시키지 못한 경우 만기평가일(12개월)에 두 기초자산(텐센트, 삼성전자)의 만기평가가격이 모두 최초기준가격보다 상승했다면, 기초자산 상승률이 낮은 종목의 상승률 만큼을 수익으로 지급한다.  만기평가일에 두 기초자산 중 어느 하나라도 만기 평가가격이 최초 기준가격보다 떨어졌다면 최대 10%까지 원금 손실이 있을 수 있다.  이번 상품은 홍콩증권거래소에 상장된 해외주식을 기초자산으로 하지만 원화로 청약하고 원화로 만기상환을 받기 때문에 해외 통화 환전이 필요 없다. 또한, 별도의 환헤지가 필요 없고 환율에 의한 수익 변동도 없다.  미래에셋대우 관계자는 “글로벌 투자로 자산을 배분하면서 혹시 모를 하락 위험도 관리할 필요가 있다.”며 “원금 90% 부분지급 조기상환형 해외주식 ELS는 위험관리가 가능하면서 4차 산업혁명으로 대표되는 글로벌 우량주식에 투자해 수익을 추구할 수 있는 투자솔루션” 이라고 말했다. kjw@fnnews.com 강재웅 기자   ▶ 세상의 모든 골 때리는 이야기 'fn파스'▶ 속보이는 연예뉴스 fn스타  ※ 저작권자 ⓒ  파이낸셜뉴스. 무단 전재-재배포 금지파이낸셜뉴스 관련뉴스해당 언론사에서 선정하며 언론사 페이지(아웃링크)로 이동해 볼 수 있습니다.세계서 가장 예쁜 기상캐스터, 몸매 때문에 시청률이..불륜녀로 찍힌 걸그룹 출신 여성의 최후별장에서 벌거벗은 男 웃는 사진, 꽃뱀의 최후대왕 여드름인 줄 알고 짰다가 1시간만에.. 뜻밖의 사태배고플 때 호두를 먹으면 생기는 놀라운 변화좋아요0훈훈해요0슬퍼요0화나요0후속기사 원해요0기사제공 :""]"
9,삼성전자, 2017-08-2315:02,한국경제TV ,"[빅데이터증시] 디엔에프, 반도체 소재주 Top-pick 제시",https://finance.naver.com/news/news_read.nhn?article_id=0000569607&office_id=215&mode=search&query=삼성전자&page=5,"['       [빅데이터증시] 디엔에프, 반도체 소재주 Top-pick 제시      기사입력2017-08-23 15:02기사원문좋아요훈훈해요좋아요 평가하기공감좋아요0훈훈해요0슬퍼요0화나요0후속기사 원해요0댓글[한국경제TV 김수아 기자]▶ 디엔에프:오늘 IT대형주와 반도체 장비주 강세를 보이는 가운데 IT업종에서 가장 많은 리포트가 나왔습니다.오늘 투자의견과 목표가가 상향된 리포트들 살펴보시죠. OLED 장비주 가운데 비아트론에 대해 강력매수 리포트가 있었구요.한온시스템, 디엔에프, LG이노텍에 대해서는 목표가 상향 리포트가 나왔습니다.이가운데 반도체 소재주 의 리포트 함께 살펴보시죠.3분기 영업이익은 전년동기 대비 50% 이상 증가가 예상되고 있는데요.삼성전자가 디램 케파 확보를 위해 화성 공장 일부 낸드라인을 디램라인으로 전환한다고 하면서현재 삼성전자의 디램용 소재를 독점 공급하고 있는 디엔에프의 수혜가 예상되고 있습니다.한국투자증권에서는 디엔에프를 반도체소재업종 내 최선호주로 제시를 했는데요.목표주가도 20% 상향조정을 하면서 오늘 장 강세를 보이고 있습니다.김수아기자 ⓒ 한국경제TV, 무단 전재 및 재배포 금지한국경제TV 관련뉴스해당 언론사에서 선정하며 언론사 페이지(아웃링크)로 이동해 볼 수 있습니다.\'결혼2주년\' 배용준♥박수진 둘째 임신, ""그때보다 더 사랑해""아유미, \'성형설\'까지 돌았던 외모 4단 변신...최근 모습은?70대 할머니 성폭행 하려다 살해한 30대男, 변명이 기가 막혀김소영 아나운서, 알고보니 주당? \'네비맨\' 오상진 귀여운 애칭김성경이 폭로한 친언니 김성령 몸무게는? ""40kg대 아니야""좋아요0훈훈해요0슬퍼요0화나요0후속기사 원해요0기사제공 :']"
10,삼성전자, 2017-08-2314:53,연합뉴스 ,갤럭시노트8 공개 임박…이통 3사 마케팅 경쟁 돌입,https://finance.naver.com/news/news_read.nhn?article_id=0009493272&office_id=001&mode=search&query=삼성전자&page=5,"['       갤럭시노트8 공개 임박…이통 3사 마케팅 경쟁 돌입      기사입력2017-08-23 14:53기사원문좋아요훈훈해요좋아요 평가하기공감좋아요0훈훈해요0슬퍼요0화나요0후속기사 원해요0댓글[그래픽] 삼성 \'노트\' 야심작 갤럭시노트8 뉴욕서 공개내일부터 주요 지점 체험존 운영…15일 개통 행사(서울=연합뉴스) 고현실 기자 = 삼성전자의 하반기 전략 스마트폰 갤럭시노트8 공개에 맞춰 이동통신 3사가 대대적인 마케팅에 돌입한다.    23일 관련 업계에 따르면 SK텔레콤·KT·LG유플러스는 24일부터 서울 시내 주요 지점을 시작으로 전국 오프라인 매장에서 갤노트8 체험존을 운영한다.     체험존은 역대 최대 규모가 될 전망이다.     지난 4월 갤럭시S8 출시 당시 SK텔레콤은 1천200여개, KT는 680여개, LG유플러스는 500여개의 체험존을 운영했다. 이보다 규모가 더 늘어날 것이라는 게 업계 관계자들의 전언이다.      삼성전자 역시 별도의 체험존을 운영할 것으로 알려졌다.    이통사와 삼성전자의 체험존은 갤노트8의 슈퍼 아몰레드(AMOLED) 디스플레이와 듀얼 카메라를 강조하는 방향으로 구성될 것으로 보인다.    예약 판매는 다음 달 7일부터 일주일간 진행하는 것으로 최종 조율 중이다.    예약 구매자 대상의 사전 개통은 공식 출시일이자 25% 요금할인 시행 예정일인 15일부터 진행될 것으로 알려졌다.     애초 15일 이전에 사전 개통을 시작할 계획이었지만, 25% 요금할인 시행을 앞두고 개통 수요가 거의 없을 것으로 보고 일정을 조정한 것으로 전해졌다.    이통 3사는 15일에 맞춰 개통 행사를 준비하고 있다. 구체적인 내용과 규모는 아직 논의 중이지만, 선착순으로 1호 개통자를 선정하는 기존 방식이 과도한 줄 세우기 경쟁을 불러온다는 지적을 고려해 새로운 방안을 검토 중인 것으로 알려졌다.깔끔한 디자인 갤럭시S8(서울=연합뉴스) 하사헌 기자 = 주말을 맞아 삼성전자의 신형 스마트폰 갤럭시S8 체험존이 운영되고 있는 홍대입구역 삼성디지털프라자에서 방문객들이 갤럭시S8을 살펴보고 있다. 2017.4.2    toadboy@yna.co.kr    okko@yna.co.kr최신 유행 트렌드 총집결(클릭!)연합뉴스 관련뉴스해당 언론사에서 선정하며 언론사 페이지(아웃링크)로 이동해 볼 수 있습니다.\xa0자폐증 초등학생 집에서 초코파이 먹다 질식사\xa0클린턴 ""트럼프 내 목에 입김 불어…닭살 돋을 만큼 불쾌""\xa0복싱-격투기 최강의 \'맞짱\'…누가 이길까\xa0사고로 불타는 차 안에 쓰러진 남성을 구한 사람 보니\xa0청소부가 자폐소년에게 건네준 깜짝 선물좋아요0훈훈해요0슬퍼요0화나요0후속기사 원해요0기사제공 :']"
11,삼성전자, 2017-08-2314:49,머니투데이 ,"""수익성 신뢰 여전…IT주 못 살 이유 없다""",https://finance.naver.com/news/news_read.nhn?article_id=0003923667&office_id=008&mode=search&query=삼성전자&page=5,"['       ""수익성 신뢰 여전…IT주 못 살 이유 없다""       기사입력2017-08-23 14:49기사원문좋아요훈훈해요좋아요 평가하기공감좋아요0훈훈해요0슬퍼요0화나요0후속기사 원해요0댓글 [머니투데이 송선옥 기자] [[Mr.마켓]서동필 BNK투자증권 리서치선터장 ]“국내 IT(정보기술) 업종의 수익률이 가파르게 떨어지면서 미국 대만 IT 업종과의 수익률 괴리가 거의 사라졌습니다. 이제 IT 못 살 이유가 없습니다” 서동필 BNK투자증권 리서치선터장.서동필 BNK투자증권 리서치센터장은 삼성전자 SK하이닉스의 하락으로 촉발된 조정장으로 주도주로서의 IT에 대한 의문이 제기되고 있는 상황이지만 IT에 대한 신뢰가 여전했다. 올해 MSCI(모간스탠리캐피털인터내셔널) 기준 IT 업종 수익률을 살펴보면 IT주의 상승세는 신흥국 선진국 가릴 것 없이 공통의 현상이다. 그런데 지난 7월말 유난히 한국 IT업종이 강한 조정을 받으면서 코스피 지수는 2400선을 내어줬다. 때마침 북한 리스크가 도출된 것도 조정장에 기름을 부었다. “대만 IT기업들의 경우 미국과 달리 서비스업 아닌 제조업 기반이라 한국과 수평적 비교가 가능한데 유독 한국 IT기업들의 조정이 과했습니다. 그 이유는 바로 한국 IT기업들의 수익률이 연초대비 40%로 대만 상승률 20%를 크게 상회했다는 데 있습니다. 오른 만큼 차익실현 욕구가 컸다는 얘기죠. 다만 주가 하락에도 수익성에 대한 신뢰가 여전하기에 국내 IT 기업들의 밸류에이션은 큰 변화가 없습니다. 결국 이익이 뒷받침된다면 일정 수준 숨고르기가 끝난 후 제자리를 찾아가는 것이 당연합니다” 주목해야 할 것은 당연히 이익이다. 올 1분기 2분기 코스피 순이익만 합쳐도 70억원으로 이미 지난해 1~3분기 이익을 합친 78억원에 육박한다. 이익이 증가하면 코스피 지수도 이익 증가분만큼 오르는게 당연하다. 문제는 올해 이익 추정치가 조금씩 하락하고 있다는 점이다. 코스피 이익추정치가 최고치에 달한 순간이 바로 코스피 지수가 사상최고치(2453.17)를 기록했던 7월25일 즈음으로 이후 이익 추정치가 아래로 꺾이기 시작하면서 코스피 지수가 조정 받았다. “이익의 수준이 과거와 확연히 달라졌습니다. 과거 5년과 같은 수준으로의 하락을 걱정할 필요는 전혀 없습니다. 단순하게 봐도 2014~2016년 상장사들의 경우 이익은 늘어도 매출은 제자리였습니다. 기업들이 장사가 안 되도 구조조정, 비용관리로 이익을 맞췄다는 의미죠. 올해는 매출이 뛰고 있습니다. 기업들이 구조조정, 비용관리를 마친 상태에서 매출이 늘어나면 이익관리는 쉬울 수 밖에 없습니다. 그러나 올해 코스피 고점을 이미 본 것 아니냐는 우려도 있는 만큼 당분간 이익추정치 추이를 살펴볼 필요는 있습니다” 관심업종으로는 IT외에 이익증가가 뚜렷한 화학 등 산업재, 금리인상 수혜가 기대되는 은행업종 등을 꼽았다. 파생상품 애널리스트 출신인 서 센터장은 올 1월 BNK투자증권에 합류했다. “저는 최근 수년간 시장을 좋게 본 적이 없습니다. 기업 이익이 늘 박스권에 머물러 왔으니까요. 하지만 올해는 다릅니다. 미 금리인상이 12월이 되야 가능할 것으로 보이는데 저금리 환경 지속은 위험자산인 주식의 강세를 의미합니다. 원/달러 환율이 북한 리스크에도 1150원을 뚫지 못했다는 점에서 환율도 올해 좁은 박스권을 횡보할 것으로 진단됩니다. 금리 환율이 이렇게 다 묶여 있는데 굳이 주식을 안할 이유가 있을까요?” TOM칼럼-깊이있는 투자정보▶무료 만화 즐기고~ 선물타자!▶ 빵빵한 차&레이싱걸▶ 송선옥 기자 oops@mt.co.kr머니투데이 관련뉴스해당 언론사에서 선정하며 언론사 페이지(아웃링크)로 이동해 볼 수 있습니다.[포토is] ""깜짝이야!""… 여기는 지하철 대테러 훈련 현장[단독]檢 ""\'주식부자 이희진\' 피해자, 200여명 더""배우 송선미 남편, 변호사 사무실서 흉기 찔려 사망현대차 임원급여 10% 자진삭감, 과장급 동결..노조는 7%↑?\'292억 사기혐의\' 이희진 과거 언행…""집 건축비만 130억""좋아요0훈훈해요0슬퍼요0화나요0후속기사 원해요0기사제공 :']"
12,삼성전자, 2017-08-2314:46,경향신문 ,"대형호재에 착한 분양가 더해진 평택 ‘효성해링턴 플레이스’, 수요자 발길 몰려",https://finance.naver.com/news/news_read.nhn?article_id=0002812756&office_id=032&mode=search&query=삼성전자&page=5,"['       대형호재에 착한 분양가 더해진 평택 ‘효성해링턴 플레이스’, 수요자 발길 몰려      기사입력2017-08-23 14:46기사원문좋아요훈훈해요좋아요 평가하기공감좋아요0훈훈해요0슬퍼요0화나요0후속기사 원해요0댓글최근 자신의 생활 패턴에 맞춘 조건의 아파트를 찾는 소비자들이 늘었다. 이에 따라 교통과 생활, 문화 등의 인프라가 형성된 곳의 선호도가 높다. 경기도 남부권이 평택을 중심으로 인구유입이 빠르게 진행 중으로 수요자와 투자자들의 많은 관심이 평택 부동산에 집중되고 있는 이유이기도 하다. 평택 신흥주거벨트의 중심인 소사지구에 들어서는 ‘효성해링턴 플레이스’는 소사벌택지지구와 용죽지구, 현촌지구 등 평택 남부권의 신흥주거지역과 인접해 생활기반편의시설 이용이 편리한 장점이 있다. 평택 ‘효성해링턴 플레이스’는 다양한 개발호재와 뛰어난 미래가치로 부상하고 있는 평택 지역의 3,240세대 대단지 아파트로 현재 90% 마감율로 59㎡, 72㎡ 타입이 분양 마감됐으며, 나머지 84㎡, 103㎡ 타입 잔여세대에 한해서 선착순 분양 중이라고 밝혔다. 이 아파트는 지하 2층 ~ 지상 최고 30층, 40개동 건물로 다양한 개발호재와 뛰어난 생활인프라를 자랑하며, 인기리에 조기 마감될 것으로 예상되고 있다. 또한 최고급 호텔의 부대시설과 비교해도 손색없는 단지 내 대규모 커뮤니티시설이 들어설 예정이어서 뛰어난 생활인프라로 입주민의 만족도를 극대화 했다는 평가를 받고 있다. 우선 단지 인근에 원거리 방문객과 가족 친지들을 위한 게스트하우스 5개실도 마련된다. 게스트하우스 옆에는 아이들 생일파티와 돌잔치 등의 행사를 할 수 있는 연회장도 들어서며, 호텔식 라운지 컨셉의 고급스러운 외부 카페테리아도 조성될 계획이다. 그리고 지역 내 최대규모의 커뮤니티시설로 골프연습실, 퍼팅그린, 스크린골프, 샤워실과 탈의실, G/X룸과 피트니스 공간까지 확보한 운동 공간, 키즈 도서관과 주민회의실, 독서실 등이 완비된 문화공간 등이 마련될 예정이다. 단지 내 어린이집을 갖춘데다 단지 앞에는 유치원이 개교할 예정이어서 어린 자녀를 둔 학부모들이 주택 선정 시 고려하는 요인 중 하나인 학세권도 갖추고 있다. 더불어 실내는 특화설계를 적용했으며 타입 별 4베이 설계로 채광을 극대화했고, 팬트리, 드레스룸, 3면 발코니 등 생활에 편리한 혁신설계를 통해 실사용면적을 넓혀 쾌적한 주거환경을 구현했다. ‘효성해링턴 플레이스’ 인근에는 경기도 평택시가 추진중에 있는 대규모 개발사업들이 있다. 고덕신도시, 삼성반도체, 미군기지이전, 신세계복합쇼핑몰, 브레인시티 개발 등이 대표적 개발호재다. 특히 평택 고덕산업단지 내 삼성전자 반도체공장이 본격 가동에 들어감에 따라 ‘삼성효과’도 기대된다.  또한 주한미군의 주축인 미 8군 사령부가 평택으로 이전하면서, 여의도 5배가 넘는 면적의 군사시설뿐만 아니라 아파트와 종합병원, 대형PX까지 기존 미군 편의시설을 그대로 갖추고 있다. 뿐만 아니라, 신세계복합쇼핑몰개발사업 ‘스타필드 안성(가칭)’이 올 하반기 본격 착공될 전망으로, 총사업지 약 6000억 원을 투입해 20만3561㎡ 규모로 복합유통시설을 건립할 예정이다. 아울러, 최근 10여년간 표류했던 평택 ‘브레인시티’ 개발사업이 사업시행자 변경으로 탄력을 받을 전망이다.이처럼 다양한 개발호재로 인해 평택시 인구 또한 2020년 90만, 2035년 120만명 이상 꾸준히 상승할 것으로 경기도의 마지막 신도시라는 평가를 받고있다. 이와 더불어 출퇴근에 용이한 최적의 교통망도 갖추고 있다. 차량으로 15분 거리에 있는 수서발 KTX인 SRT평택지제역이 지난해 개통하여 강남권인 수서역까지 20분대로 쾌속진입이 가능하고 경부고속도로와 안성IC와도 가까워 평택 내 이동이 편리하다. 또한 용서고속도로와 이어지는 동부고속화도로(2020년예정) 착공 계획으로 교통이 한층 개선될 전망이다. 한편, 평택 ‘효성해링턴 플레이스’는 3.3㎡ 당 평균 분양가 800만원 후반대로 책정되어 현재 평택에 공급되는 아파트 중 가장 저렴하다. 더불어 중도금 무이자 혜택과 1회차 계약금 500만원 정액제도를 실시 중이며, 초기 자금 부담이 적다는 특징이 있다. 입주 예정시기는 2019년 6월이며, 견본주택은 평택시 소사동 107-9번지(평택대학교 인근)에 위치한다.▶ [경향비즈 바로가기], 경향비즈 SNS [페이스북]  ▶ [인기 무료만화 보기][©경향신문(www.khan.co.kr), 무단전재 및 재배포 금지]경향신문 관련뉴스해당 언론사에서 선정하며 언론사 페이지(아웃링크)로 이동해 볼 수 있습니다.[단독] 2012년 한나라 선거홍보 업체가 \'문재인 비방 삽화\' 알선실미도 공작원 유해, 46년 만에 영면··· 오늘 \'합동 봉안식\'문 대통령, 5·18 \'전투기 대기·헬기 기총소사\' 특별조사 지시[팩트체크]김진표 ""종교인 과세, 준비 시행"" 주장 속 숨은 꼼수 3가지배우 송선미 남편 사망 원인이 유산 분쟁?좋아요0훈훈해요0슬퍼요0화나요0후속기사 원해요0기사제공 :']"
13,삼성전자, 2017-08-2314:46,디지털타임스 ,"삼성전자, 미얀마서 `모바일 교육 버스` 운영",https://finance.naver.com/news/news_read.nhn?article_id=0002418506&office_id=029&mode=search&query=삼성전자&page=5,"['       삼성전자, 미얀마서 `모바일 교육 버스` 운영      기사입력2017-08-23 14:46기사원문좋아요훈훈해요좋아요 평가하기공감좋아요0훈훈해요0슬퍼요0화나요0후속기사 원해요0댓글21일 미얀마 양곤에 있는 한 공장을 방문한 \'삼성 모바일 교육 버스\'에서 어린이들이 기념촬영을 하고 있다.  삼성전자 제공  [디지털타임스 박슬기 기자]삼성전자는 미얀마 소외 계층 어린이들을 위한 교육 프로그램인 \'삼성 모바일 교육 버스\'를 운영한다고 23일 밝혔다.앞서 삼성전자는 2015년부터 미얀마에서 \'삼성 모바일 교육 버스\'를 운영해 왔으며 이달부터 수업 공간에 별도의 주방 공간을 갖춘 신형 교육 버스와 스마트 TV, 갤럭시 탭을 추가로 지원해 총 3대의 교육 버스를 운영한다.삼성전자 관계자는 ""삼성 모바일 교육 버스는 약 400만명에 달하는 미얀마 소외 계층 어린이들이 학교에 가지 못하고 일하고 있는 현실에서 착안했다""며 ""아침부터 늦은 밤까지 일터와 거리를 떠나지 못하는 아이들을 버스가 직접 찾아가 교육을 진행한다""고 설명했다. 이 교육 버스는 전문교사와 함께 미얀마어, 영어, 수학, 컴퓨터 등 정규 교육과 놀이 수업을 병행한다. 특히 삼성전자는 버스에 마련한 주방 공간에서 요리 프로그램과 식품 안전, 위생 수업 등을 진행한다. 박슬기기자 seul@ 디지털타임스 홈페이지 바로가기/SNS 바로가기확바뀐 디지털타임스 연예·스포츠 섹션 바로가기박슬기디지털타임스 관련뉴스해당 언론사에서 선정하며 언론사 페이지(아웃링크)로 이동해 볼 수 있습니다.갤노트8 써보니…\'멀티태스킹 최적화\' 대화면 패블릿""수소차, 괜찮긴한데… ""전기차에 밀리는 결정적 이유8년후 없어질 직업들? 물류창고·매장 \'서비스로봇\'봇물완성차는 왜… 수익내기 힘든 카셰어링 사업에 진출했나\'운전자론\' 무색하게 한 \'코리아 패싱\'좋아요0훈훈해요0슬퍼요0화나요0후속기사 원해요0기사제공 :']"
14,삼성전자, 2017-08-2314:43,뉴시스 ,"미래에셋대우, 텐센트-삼성전자 원금 90% 부분지급 조기상환형 해외주식 ELS 판...",https://finance.naver.com/news/news_read.nhn?article_id=0008136225&office_id=003&mode=search&query=삼성전자&page=5,"[""       미래에셋대우, 텐센트-삼성전자 원금 90% 부분지급 조기상환형 해외주식 ELS 판매       기사입력2017-08-23 14:43기사원문좋아요훈훈해요좋아요 평가하기공감좋아요0훈훈해요0슬퍼요0화나요0후속기사 원해요0댓글 【서울=뉴시스】 이진영 기자 = 미래에셋대우는 22일부터 중국의 최대 인터넷 기업 '텐센트'와 삼성전자 주식을 기초자산으로 하는 ELS(주가연계증권)를 판매하고 있다고 밝혔다. 이번에 판매하는 ‘제21508회 텐센트-삼성전자 원금 90% 부분지급 조기상환형 해외주식 ELS’는 만기 1년 상품이다. 조기상환평가일(3, 6, 9개월)에 모든 기초자산이 최초 기준 가격의 102% 이상이면 연 15%의 수익을 제공한다.조기상환조건을 충족시키지 못한 경우 만기평가일(12개월)에 두 기초자산(텐센트, 삼성전자)의 만기평가가격이 모두 최초기준가격보다 상승했다면, 기초자산 상승률이 낮은 종목의 상승률 만큼을 수익으로 지급한다.만기평가일에 두 기초자산 중 어느 하나라도 만기 평가가격이 최초 기준가격보다 떨어졌다면 최대 10%까지 원금 손실이 있을 수 있다.이번 상품은 홍콩증권거래소에 상장된 해외주식을 기초자산으로 하지만 원화로 청약하고 원화로 만기상환을 받기 때문에 해외 통화 환전이 필요 없다. 또 별도의 환헤지가 필요 없고 환율에 의한 수익 변동도 없다.미래에셋대우 관계자는 “글로벌 투자로 자산을 배분하면서 혹시 모를 하락 위험도 관리할 필요가 있다”며 “원금 90% 부분지급 조기상환형 해외주식 ELS는 위험관리가 가능하면서 4차 산업혁명으로 대표되는 글로벌 우량주식에 투자해 수익을 추구할 수 있는 투자솔루션”이라고 말했다.이번 상품은 오는 25일 오후 1시 30분까지 최소 100만원부터 100만원 단위로 청약이 가능하다. mint@newsis.com▶ 뉴시스 빅데이터 MSI 주가시세표 바로가기 ▶ 뉴시스 SNS [페이스북] [트위터]뉴시스 관련뉴스해당 언론사에서 선정하며 언론사 페이지(아웃링크)로 이동해 볼 수 있습니다.공매도 규제 실효성 강화...개미 눈물 닦아줄까8·2대책 풍선효과···신용대출 등 은행 기타대출 최대[MSI급락주]신세계, 영업환경 부진 전망에 시장심리 급락[빅데이터MSI]오후 2시 주식시장 심리 3→4→4단계 '보통'[빅데이터MSI]시장심리 톱5...삼성전자·현대상선·한국가스공사·SK텔레콤·SK이노베이션좋아요0훈훈해요0슬퍼요0화나요0후속기사 원해요0기사제공 :""]"
15,삼성전자, 2017-08-2314:31,문화일보 ,테크노밸리 주변 아파트 분양물량 주목,https://finance.naver.com/news/news_read.nhn?article_id=0002325092&office_id=021&mode=search&query=삼성전자&page=5,"['       테크노밸리 주변 아파트 분양물량 주목      기사입력2017-08-23 14:31기사원문좋아요훈훈해요좋아요 평가하기공감좋아요0훈훈해요0슬퍼요0화나요0후속기사 원해요0댓글전국 테크노밸리 주변에 들어서는 주택들이 풍부한 배후수요와 각종 인프라를 바탕으로 주목받고 있다. 테크노밸리 입주 기업이 많은 데다 교통 여건, 편의시설 등이 갖춰져 있기 때문이다.23일 주택분양업계에 따르면 지난 7월 경기 성남시 판교에서 ‘4년 만의 분양’이라는 타이틀을 걸고 청약에 들어간 ‘판교 더샵 퍼스트파크’는 제2판교테크노밸리, 산업 클러스터 조성 등 각종 개발 호재 속에 청약 1순위에서 13대 1의 높은 청약 경쟁률을 기록했다. 또 4월 동원개발이 동탄2신도시에 분양한 ‘동탄2신도시 3차 동원로얄듀크 비스타’도 인근에 동탄 테크노밸리와 삼성전자 화성사업장이 위치해 풍부한 배후수요를 갖춘 장점이 알려지면서 평균 17.5대 1의 청약 경쟁률을 보였다.최근에는 지방 자치단체들이 개발 촉진을 위해 조성하고 있는 테크노밸리 주변 분양 물량도 수요자들의 눈길을 붙잡고 있다. 주요 건설사들이 분양하는 곳만 충남 서산 테크노밸리, 경기 동탄테크노밸리, 경기 용인테크노밸리 등등 3곳이나 된다. 이 중 서산의 경우 수도권이 아님에도 우량기업 입지 영향으로 분양이 활기를 띠고 있다.금호건설은 서산테크노밸리 A1b블록에 ‘서산 금호어울림 에듀퍼스트’(조감도)아파트 본보기집을 오는 25일 개관하며 본격 분양에 들어간다. 지하 1층~지상 22층 10개 동, 전용면적 68~84㎡, 총 725가구의 대규모 단지로 분양시장에서 선호도가 높은 중소형 면적대로 구성된다. 산업단지 배후 주거지이자 서산 테크노밸리 내 택지 지구에 있어 직주근접 수혜단지로 꼽힌다. 특히 단지에 ‘YBM어학원’을 개설, 2년간 무상교육을 할 뿐 아니라 지난 4월 이전 개교한 서산 최대 규모의 성연초등학교를 비롯해 성연중, 서일고가 인접해 최적의 교육 특화단지로 꼽히고 있다. 단지를 둘러 흐르는 성연천 및 주변 녹지, 인접한 근린공원 등 풍요롭고 쾌적한 주거환경을 누릴 수 있다. 또 경기 화성 동탄2신도시에는 금성백조주택이 하반기 ‘동탄2신도시 금성백조예미지 3차’ 주상복합을, 165만㎡ 규모 나노융합 국가산단이 조성되는 경남 밀양시에서는 대우건설이 ‘밀양강 푸르지오’를 공급할 예정이다.   김순환 기자 soon@munhwa.com[ 문화닷컴 바로가기 | 소설 서유기 | 모바일 웹 ][Copyrightⓒmunhwa.com \'대한민국 오후를 여는 유일석간 문화일보\' 무단 전재 및 재배포 금지(구독신청:02)3701-5555)]문화일보 관련뉴스해당 언론사에서 선정하며 언론사 페이지(아웃링크)로 이동해 볼 수 있습니다.""김정은, 美공격시 부인·전문가와 中으로 탈출 원격지휘""""F-35 스텔스기, 北심장부 겨냥 \'목의 가시\'로 등장""알몸에 스키부츠… 우즈-본 연인 시절 누드 사진·동영상 유출이영애, K-9 훈련 순직 장병 유족에 위로금 기탁\'일괄사표 1급공무원\' 인사지연…관가 혼란좋아요0훈훈해요0슬퍼요0화나요0후속기사 원해요0기사제공 :']"
16,삼성전자, 2017-08-2314:15,연합뉴스 ,"토픽코리아, 베트남 달랏대학교 한국어 스마트교실 현장 연수",https://finance.naver.com/news/news_read.nhn?article_id=0009493093&office_id=001&mode=search&query=삼성전자&page=5,"['       토픽코리아, 베트남 달랏대학교 한국어 스마트교실 현장 연수      기사입력2017-08-23 14:15기사원문좋아요훈훈해요좋아요 평가하기공감좋아요0훈훈해요0슬퍼요0화나요0후속기사 원해요0댓글▲ TOPIK KOREA(토픽코리아·대표 오세형)는 지난 15~18일 베트남 달랏대학교에서 한국어 스마트교실 현장연수를 실시했다고 23일 밝혔다.    이번 연수는 경기도가 주관하는 \'베트남 달랏대학교 한국어 스마트교실 국제개발협력 사업(이하 ODA 사업)\' 일환으로 토픽코리아가 한국어콘텐츠 개발사로 선정되면서 진행됐다.     토픽코리아는 \'한글 및 한국어 발음법\'과 정규 한국어 교재 \'참 한국어 1\'의 온라인 콘텐츠를 베트남어 버전 제작과 달랏대 한국어학당 홈페이지를 개발·제공했다.     한편, 토픽코리아 소속 한국어 강사가 교수의 역할을 맡아 달랏대 한국어학과 교수들 대상으로 \'참 한국어 1 베트남어 버전\'의 일부분을 모의수업을 진행했으며, 이후 달랏대 한국학과 교수들이 전자칠판과 태블릿 PC를 활용한 양방향 수업을 실습했다.    달랏대 한국학과 장띠홍한(THI HONG HANH) 교수는 ""베트남은 2018년부터 한국어를 제2 외국어로 정식 채택해 한국어 스마트교실이라는 모델은 베트남 내 대학·기관 등에서 한국어 교육의 표준이 될 것""이라며 ""앞으로 다양한 형태의 한국어콘텐츠 베트남어 버전이 공급돼 활용되길 희망한다""고 밝혔다.    토픽코리아 이태용 교육지원팀장은 ""이번 ODA 사업이 토픽코리아의 베트남 한국어 보급 사업의 표준이 되어 제2, 제3의 달랏대 한국어 스마트교실을 만들어 갈 것이다""고 밝혔다.    2011년 개원한 토픽코리아는 \'한국어 일 번지\'라는 정신으로 한국어 교육 콘텐츠 제작 및 한국어 교원자격증 취득 양성과정 운영을 통해 한국어 교사를 배출하고 있다.     또한, 온라인 참 한국어학당이라는 웹사이트를 통해 무료로 한국어 정규과정과 TOPIK(한국어능력시험)을 공부할 기회를 제공하고 있다.     한편, 토픽코리아는 지난해 3월 하노이국립대 공과대학과 한국어교육센터 개설했으며, 하노이국립사범대와 한국어 교육에 대한 국제업무교류 협약 체결, 11월 해외투자법인 TOPIK KOREA VIETNAM(이하 VN.)을 설립했다.    올해 7월에는 삼성전자가 위치한 하노이 근교 박린성의킨박대학교에 한국어교육원을 개설해 운영 중이다. (연합뉴스)최신 유행 트렌드 총집결(클릭!)연합뉴스 관련뉴스해당 언론사에서 선정하며 언론사 페이지(아웃링크)로 이동해 볼 수 있습니다.\xa0배용준-박수진 ""둘째 가졌습니다…임신 초기""\xa0이영애, K-9 훈련 순직 李상사 아들 학비 전액지원\xa0야간훈련 예비군 13명 단체로 \'습격\' 받아…병원 치료\xa0성희롱 피해 신입 여경…되레 곤혹스런 처지, 왜?\xa011살 맏형 기지에 꼬마 삼형제 지진서 극적생환좋아요0훈훈해요0슬퍼요0화나요0후속기사 원해요0기사제공 :']"
17,삼성전자, 2017-08-2314:04,매일경제 ,"미래에셋대우, 텐센트-삼성전자 기초자산 ELS 판매",https://finance.naver.com/news/news_read.nhn?article_id=0004001256&office_id=009&mode=search&query=삼성전자&page=5,"['       미래에셋대우, 텐센트-삼성전자 기초자산 ELS 판매       기사입력2017-08-23 14:04기사원문좋아요훈훈해요좋아요 평가하기공감좋아요0훈훈해요0슬퍼요0화나요0후속기사 원해요0댓글 미래에셋대우는 지난 22일부터 텐센트와 삼성전자 주식을 기초자산으로 하는 주가연계증권(ELS)을 판매하고 있다고 23일 밝혔다.\'제21508회 텐센트(Tencent)-삼성전자 원금 90% 부분지급 조기상환형 해외주식 ELS\'는 1년 만기 상품으로 조기상환평가일(3·6·9개월)에 모든 기초자산이 최초기준가격의 102% 이상이면 연 15%의 수익을 제공한다.조기상환조건을 충족하지 못한 경우 만기평가일(12개월)에 두 기초자산(텐센트, 삼성전자)의 만기평가가격이 모두 최초기준가격보다 상승했다면 상승률이 낮은 종목의 상승률 만큼 수익으로 지급한다.만기평가일에 두 기초자산 중 어느 하나라도 만기 평가가격이 최초 기준가격보다 떨어졌다면 최대 10%까지 원금 손실이 발생한다.이번 상품은 홍콩증권거래소에 상장된 해외주식을 기초자산으로 하지만 원화로 청약하고 원화로 만기상환을 받기 때문에 해외 통화 환전이 필요치 않다. 또 별도의 환헤지가 필요 없고 환율에 의한 수익 변동도 없다.이번 상품은 오는 25일 오후 1시 30분까지 모집하며 최소 100만원부터 100만원 단위로 청약할 수 있다.[디지털뉴스국 김경택 기자][매일경제 공식 페이스북] [오늘의 인기뉴스] [매경 프리미엄][ⓒ 매일경제 & mk.co.kr, 무단전재 및 재배포 금지]매일경제 관련뉴스해당 언론사에서 선정하며 언론사 페이지(아웃링크)로 이동해 볼 수 있습니다.아이비, \'8살 연하남친 고은성\' 홀린 특급 글래머 몸매[아하 이렇구나] 만약 전쟁나면 은행에 맡겨 둔 내 돈의 운명은?문지애 득남…""MBC 제작거부 아나운서 응원""인스타에서 \'명품 자랑\' 美재무장관 부인 결국…서예지, \'파격 노출\' 시선집중 ""베이글녀가 따로 없네""좋아요0훈훈해요0슬퍼요0화나요0후속기사 원해요0기사제공 :']"
18,삼성전자, 2017-08-2314:04,뉴스1 ,"'세기의 재판' 이재용 선고 TV로 못본다…법원, 생중계 불허",https://finance.naver.com/news/news_read.nhn?article_id=0002904235&office_id=421&mode=search&query=삼성전자&page=5,"['       \'세기의 재판\' 이재용 선고 TV로 못본다…법원, 생중계 불허      기사입력2017-08-23 14:04기사원문좋아요훈훈해요좋아요 평가하기공감좋아요0훈훈해요0슬퍼요0화나요0후속기사 원해요0댓글이재용 삼성전자 부회장./뉴스1 © News1 구윤성 기자(서울=뉴스1) 김일창 기자 = 박근혜 전 대통령(65)에게 뇌물을 준 혐의 등으로 재판에 넘겨진 이재용 삼성전자 부회장(49)의 1심 선고에 대한 언론사의 생중계 요청을 법원이 불허했다.서울중앙지법 형사합의27부(부장판사 김진동)는 25일 진행되는 이 부회장 등 삼성 전·현직 임원 5명의 뇌물공여 등 혐의 선고 장면 생중계를 불허했다고 23일 밝혔다.이에 따라 대법원의 규칙 개정 이후 1심 선고 첫 생중계는 다른 사건으로 넘어갔다.대법원은 지난달 25일 대법관 회의에서 \'법정 방청 및 촬영 등에 관한 규칙\'을 개정하기로 의결했다. 개정된 규칙은 이달 4일 공포돼 시행에 들어갔다.기존 규칙 5조는 \'촬영 등 행위는 공판 또는 변론의 개시 전에 한한다\'고 정해 1·2심 재판에 대한 중계를 금지해왔다.대법원은 해당 조항을 \'공판 또는 변론의 개시 전이나, 판결 선고 시에 한한다\'고 개정해 해당 사건 재판장의 허가를 통한 선고 중계가 가능하도록 했다.피고인의 동의가 없는 때에도 중계가 공공 이익을 위해 상당하다고 인정하는 경우에는 제한적으로 허용하도록 했지만, 재판부는 생중계 전부를 불허했다.ysh@▶ 여러분의 제보를 기다립니다. 제보하기(클릭!)[© 뉴스1코리아(news1.kr), 무단 전재 및 재배포 금지]뉴스1 관련뉴스해당 언론사에서 선정하며 언론사 페이지(아웃링크)로 이동해 볼 수 있습니다.""살충제 계란 먹어라"" 한명숙 출소현장에 \'박사모\' 출몰류여해 \'데이트폭력\' 강의계획서 논란에 ""라이브 토론하자""외출 미복귀 의경 투신…남겨진 \'의문의 유서\'도박장차려 수천만원 뜯어간 서면통합파 조폭여자친구 엎드려 뻗치게 한뒤 장검으로 구타좋아요0훈훈해요0슬퍼요0화나요0후속기사 원해요0기사제공 :']"
19,삼성전자, 2017-08-2314:01,아시아경제 ,"외신 ""이재용 재판에 정치적 의도 개입될까 우려""",https://finance.naver.com/news/news_read.nhn?article_id=0004060329&office_id=277&mode=search&query=삼성전자&page=5,"['       외신 ""이재용 재판에 정치적 의도 개입될까 우려""      기사입력2017-08-23 14:01기사원문좋아요훈훈해요좋아요 평가하기공감좋아요0훈훈해요0슬퍼요0화나요0후속기사 원해요0댓글▲22일 서울중앙지방법원에서 열린 이재용 삼성전자 부회장등에 대한 재판 방청권 응모함. 454명의 시민이 방청 응모권을 받으려고 몰려들었다.(사진=아시아경제DB)[아시아경제 원다라 기자] 이재용 삼성전자 부회장 등에 대한 선고 공판을 이틀 앞두고 대한민국 경제를 우려하는 목소리가 글로벌 정 ·재계에서 잇달아 제기되고 있다. 이 부회장의 운명은 단순히 개인의 문제를 넘어 대한민국 재계의 경영 패러다임을 뒤흔들고 한국 경제에 엄청난 파장을 불러일으킬 것이라고 한 목소리로 우려했다.펠리페 쿠엘료 유럽위원회(EC) 정책애널리스트는 22일(현지 시간) 미국 의회전문매체 \'더 힐\'에 기고한 ""한국이 경제적ㆍ안보적 갈림길에 서 있다""는 제목의 칼럼에서 ""한국 특검이 이재용 삼성전자 부회장에 징역 12년을 구형한 것에 대해 정치적 목적이 있다고 보는 견해가 많다""고 꼬집었다. 그는 ""한국사회에서 기업을 바라보는 부정적인 시각과 한국 정부의 자국 기업들에 대한 근시안적인 시각을 볼 때, 특검의 구형이 이 부회장의 실형으로 이어질 가능성이 크다""면서 ""이 부회장을 지목해서 처벌하는 것은 한국 기업들에 상징적인 메시지를 던지는 것""이라고 우려했다.쿠엘료 애널리스트가 속한 유럽위원회는 유럽연합(EU)의 보편적 이익을 대변하는 초국가적 기구라는 점에서 이번 기고는 이 부회장 선고를 비교적 객관적으로 접근한다고 볼 수 있다. 그런 그도 ""재계 리더들을 구속하고 기업 활동을 옥죄는 것은 경제 전반에 전혀 도움이 되지 않는 일""이라고 지적하면서 ""2000억원 이상 이익을 내는 기업들에 대한 문재인 정부의 증세 정책 발표 이후 코스피 시장이 아시아 증시 중에서 최악의 성적을 낸 것이 그 증거""라고 강조했다. 그러면서 ""한국에서 부정적인 평가를 받는 한국 재벌들은 아시아의 호랑이들이 본받고자 하는 \'대한민국 주식회사\'라고 알려진 한국 경제의 기반"" 라며 ""삼성은 한국 GDP의 5분의1, 한국 전체 수출의 3분의 1을 책임지고 있다""고 덧붙였다.앞서 미국 월스트리트 저널도 \'삼성 투자자들은 갤럭시 노트 8 공개와 이재용 부회장의 1심 선고를 기다리고 있다\'라는 제목의 기사에서 ""이 부회장의 공백이 길어지면 스마트폰부터 바이오 의약품을 아우르는 거대 기업의 리더십 공백이 예상된다""고 보도했다. 조지 앨런 전 미국 버지니아주지사도 문재인 대통령 취임 100일을 맞아 워싱턴 타임스에 기고한 글에서 ""눈부신 성장을 해온 삼성이 박근혜 전 대통령 스캔들로 구속돼 불안정한 리더십 상황에 놓여 있다""며 ""정부와 기업 간의 밀접한 관계는 한국 문화의 일부이고 특별한 일이 아니었다는 점에서 이 부회장의 구속과 12년 구형은 검찰의 타깃이 됐기 때문이라는 시각이 있다""고 지적하기도 했다. 글로벌 정 ·재계의 우려처럼 이 부회장의 구속이 6개월 가까이 이어지면서 삼성 내부에서는 막대한 경영 차질이 빚어지고 있다. 초대형 투자은행(IB) 전환 사업을 추진하고 있던 삼성증권의 발행어음사업 인가 심사는 대주주인 이 부회장의 재판 절차가 진행 중이라는 이유로 전면 보류했다. 또한 삼성의 대표적인 미래성장 동력으로 꼽히는 삼성바이오로직스는 올 11월 준공되는 3공장 건립 직후 4ㆍ5공장 건설을 추진하려 했지만 논의가 중단된 상태다. 한편 서울중앙지방법원 형사합의27부(부장판사 김진동)는 25일 이 부회장 등에 대한 선고공판을 진행한다. 원다라 기자 supermoon@asiae.co.kr▶ 뉴스가 재밌다! 세상의 모든 재미 [티잼]▶ 많이 본 기사아시아경제 관련뉴스해당 언론사에서 선정하며 언론사 페이지(아웃링크)로 이동해 볼 수 있습니다.[속보]""미군, 한국 승인 없이 북한 공격""\'이재용 선고\' 재판부 송곳질문이 결국…\'통 큰\' 북한 김정은, 번 돈 20% 한방에…""미국이 심상찮다"" 백악관 은밀히…이효리 일냈다…JTBC 대기록 \'초대박\'좋아요0훈훈해요0슬퍼요0화나요0후속기사 원해요0기사제공 :']"
0,삼성전자, 2017-08-2313:53,SBS ,갤럭시노트8 내일 0시 공개…노트 시리즈 '부활' 알릴까,https://finance.naver.com/news/news_read.nhn?article_id=0000561454&office_id=055&mode=search&query=삼성전자&page=6,"['       갤럭시노트8 내일 0시 공개…노트 시리즈 \'부활\' 알릴까      기사입력2017-08-23 13:53기사원문좋아요훈훈해요좋아요 평가하기공감좋아요0훈훈해요0슬퍼요0화나요0후속기사 원해요0댓글삼성전자의 하반기 전략 스마트폰 갤럭시노트8이 내일(24일) 전 세계에 공개됩니다.삼성전자는 현지시간으로 23일 오전 11시 미국 뉴욕 맨해튼 파크 애비뉴 아모리에서 언팩 행사를 열고 갤럭시노트8을 최초로 선보입니다.한국시간으로는 24일 오전 0시로, 국내에서는 생중계로 언팩 행사를 지켜볼 수 있습니다.행사에는 전 세계 기자들과 업계 관계자 1천500여명이 방문해 언팩 행사를 지켜볼 예정입니다.고동진 무선사업부장(사장)이 제품에 대한 기본적인 설명을 마치면 부문별 임원들이 부문별 사양을 설명하고 참가자들이 이어 실제 제품을 체험해 보는 순서로 진행됩니다.행사는 오전 11시부터 약 1시간 30분입니다.삼성전자는 매번 언팩 때마다 참석자의 눈길을 사로잡는 깜짝 이벤트를 기획했던 만큼 이번 행사에는 어떤 이벤트가 준비됐을 지도 관심거리입니다.지난해 갤럭시노트7 언팩 행사 참가자들은 가상현실(VR)과 증강현실(AR)이 뒤섞인 혼합현실을 체험한 것을 행사의 백미로 꼽았습니다.갤럭시노트8은 갤럭시노트 시리즈의 7번째 제품입니다.이번에는 특히 전작인 배터리 발화 사건으로 리콜됐던 갤럭시노트7의 노트 시리즈 후속작으로 세계적으로 주목을 받고 있습니다.최근 시장조사업체 스트래티지 애널리틱스(SA) 자료에 따르면 2분기 삼성전자의 스마트폰 영업이익은 32억5천만달러(한화 약 3조6천700억원)로, 전 세계 영업이익의 31.7%를 차지했습니다.15억7천700만달러(13.0%)를 기록한 지난 1분기보다는 2배가량 올랐지만 전년 동기(34억2천300만달러·한화 약 3조8천670억원)와 대비해서는 다소 줄었습니다.갤럭시노트7 배터리 사태로 직격탄을 맞은 작년 3분기 영업이익은 700만달러(한화 약 80억원)였습니다.1위인 애플의 2분기 영업이익은 65억5천100만달러(한화 약 7조3천970억원)로 전 세계 영업이익의 63.9%였습니다.업계 관계자는 ""갤럭시S8의 판매 호조에도 불구하고 영업이익이 전년 대비 줄었다는 것은 갤럭시S8의 효과가 덜했다는 것""이라며 ""삼성이 이번 갤럭시노트8에 거는 기대가 그만큼 클 것""이라고 말했습니다.갤럭시노트8은 6.3인치 크기(대각선 길이) 2960×1440 화소 슈퍼 아몰레드(AMOLED) 디스플레이가 장착될 것으로 예상됩니다.삼성 플래그십 스마트폰 최초로 듀얼 카메라를 선보입니다.후면 듀얼 카메라는 1천300만 화소 광각렌즈와 1천200만 화소 망원렌즈로 구성되며 손 떨림 방지(OIS) 기능이 적용되고 광학 2배 줌이 지원됩니다.출시일은 9월 15일입니다.\xa0윤영현 기자(yoon@sbs.co.kr)☞ [내부고발자 돕기] >나도펀딩 >해피빈☞ [마부작침] 단독 공개! 친일파 이완용 재산 최초 확인※ ⓒ SBS & SBS콘텐츠허브 : 무단복제 및 재배포 금지SBS 관련뉴스해당 언론사에서 선정하며 언론사 페이지(아웃링크)로 이동해 볼 수 있습니다.\'5천억 부자\' 장관 부인, 인스타 \'명품 자랑\' 욕먹고 사과김희선 ""미모 관리? 팩도 안 하고 관리도 안 받는데…""[단독] 음란물 넣는 \'교도소 해결사\'…더 충격적인 실태대체 문은 어디에?…\'1층에 출입구 없는\' 황당 아파트\'손기정 일장기 말소\' 뒤 고문…이길용 기자를 아십니까좋아요0훈훈해요0슬퍼요0화나요0후속기사 원해요0기사제공 :']"
1,삼성전자, 2017-08-2313:40,이데일리 ,"[머니팁]미래에셋대우, 텐센트-삼성전자 ELS",https://finance.naver.com/news/news_read.nhn?article_id=0003904747&office_id=018&mode=search&query=삼성전자&page=6,"['       [머니팁]미래에셋대우, 텐센트-삼성전자 ELS      기사입력2017-08-23 13:40기사원문좋아요훈훈해요좋아요 평가하기공감좋아요0훈훈해요0슬퍼요0화나요0후속기사 원해요0댓글 [이데일리 박형수 기자] 미래에셋대우(006800)가 23일 텐센트와 삼성전자 주식을 기초자산으로 하는 주가연계증권(ELS)을 판매한다. ‘제21508회 텐센트-삼성전자 원금 90% 부분지급 조기상환형 해외주식 ELS’는 만기 1년 상품으로 조기상환평가일에 모든 기초자산이 최초 기준가격 102% 이상이면 연 15% 수익을 제공한다.조기상환조건을 충족하지 못해도 만기 평가가격이 최초 기준가격보다 상승했다면 기초자산 상승률이 낮은 종목 상승률만큼 수익으로 지급한다. 만기평가일에 두 기초자산 중 하나라도 만기 평가가격이 최초 기준가격보다 떨어졌다면 최대 10%까지 원금 손실이 날 수 있다.홍콩증권거래소에 상장된 해외주식을 기초자산으로 하지만 원화로 청약하고 원화로 만기상환을 받기 때문에 해외 통화 환전은 필요 없다. 환율에 의한 수익 변동도 없다.미래에셋대우 관계자는 “해외 투자로 자산을 배분하면서 혹시 모를 하락 위험도 관리할 필요가 있다”며 “원금 90% 부분지급 조기상환형 해외주식 ELS는 위험관리가 가능하다”고 말했다.오는 25일 오후 1시30분까지 최소 100만원부터 100만원 단위로 청약할 수 잇다.상품에 대한 자세한 사항은 미래에셋대우 전국 영업점과 고객센터로 문의하면 된다.박형수 (parkhs@edaily.co.kr)▶심쿵유발 스타 화보 [핫포토]▶[페이스북] 보러가기~♥ | [카카오톡] 플친 맺기~♥＜ⓒ종합 경제정보 미디어 이데일리 - 무단전재 & 재배포 금지＞이데일리 관련뉴스해당 언론사에서 선정하며 언론사 페이지(아웃링크)로 이동해 볼 수 있습니다.한명숙 새로운 세상 드디어 만나..당당하게 살아갈 것(종합)北김정은, 美공격시 부인 리설주 등 3명과 中으로 탈출..딸은 제외가게 팔아도 빚 못갚는 자영업자 12만 \'시한폭탄\'현대차 ""미국시장 겨냥 픽업트럭 출시""세끼 다먹으며 살 뺀다…요요걱정 없는 \'종이컵 다이어트\' 화제좋아요0훈훈해요0슬퍼요0화나요0후속기사 원해요0기사제공 :']"
2,삼성전자, 2017-08-2313:40,한국경제 ,"코스피, 2360선에서 하락 전환…기관 팔자세 확대",https://finance.naver.com/news/news_read.nhn?article_id=0003813387&office_id=015&mode=search&query=삼성전자&page=6,"['       코스피, 2360선에서 하락 전환…기관 팔자세 확대      기사입력2017-08-23 13:40기사원문좋아요훈훈해요좋아요 평가하기공감좋아요0훈훈해요0슬퍼요0화나요0후속기사 원해요0댓글 코스피가 오후 들어 하락 전환했다. 장 초반 미국발 훈풍에 2370선으로 치솟았지만 기관의 매도세가 짙어지면서 상승분을 모두 반납했다. 코스닥도 함께 내림세로 돌아섰다.23일 오후 1시30분 현재 코스피지수는 전거래일보다 1.13포인트(0.05%) 내린 2364.20을 기록 중이다. 지수는 이날 2376.53으로 상승 출발했지만 정오께에 하락 반전했다.간밤 뉴욕증시는 3대 지수가 동반 강세를 나타냈다. 저가매수세와 함께 세제개편안 통과 가능성에 대한 기대가 지수를 밀어올렸다. 도널드 트럼프 미국 대통령이 아프가니스탄에 미군을 추가 파병할 것이라고 밝힌 점도 정치 불확실성을 완화시켰다. 공화당과 트럼프 대통령의 정책 간극이 축소될 가능성이 높아졌다는 분석이다.이날 코스피 시장에서는 기관의 매도세가 확대되고 있다. 기관은 1177억원을 순매도 중이다. 외국인과 개인은 쌍끌이 매수에 나서고 있다. 외국인이 385억원, 개인이 713억원을 순매수 중이다. 프로그램으로는 979억원어치 물량이 나오고 있다.업종별로는 철강금속 의약품 증권 보험 운수창고 비금속광물 종이목재 등이 떨어지고 있다. 의료정밀 전기전자 건설업 섬유의복 기계 제조업 등이 오름세다.시가총액 상위 종목 중에서는 포스코 삼성생명 SK 현대차 현대모비스 등이 하락세다. 삼성물산 네이버 삼성전자 신한지주 한국전력 LG화학 등은 소폭 상승하고 있다.코스닥지수는 전거래일보다 0.11포인트(0.02%) 내린 644.15를 기록 중이다. 역시 오후 들어서며 하락세로 돌아섰다.기관이 119억원 순매도다. 개인과 외국인은 각각 49억원, 110억원어치를 사고 있다. 업종별로는 음식료담배 제약 유통 금속 인터넷 화학 컴퓨터서비스 등이 하락세다. 섬유의류 비금속 반도체 통신장비 정보기기 등은 오르는 중이다.서울 외환시장에서 원·달러 환율은 3.60원(0.32%) 내린 1130.20원을 기록 중이다.김은지 한경닷컴 기자 eunin11@hankyung.com[한경닷컴 바로가기] [글방] [모바일한경 구독신청] ⓒ 한국경제 & hankyung.com, 무단전재 및 재배포 금지한국경제 관련뉴스해당 언론사에서 선정하며 언론사 페이지(아웃링크)로 이동해 볼 수 있습니다.코스피, 외국인·개인 \'사자\'에 이틀째 상승…2370선은 반납코스피, 美 훈풍에 2370선에서 상승세…전기전자업 ↑""현대차 야심작, 애물단지 될 수도"" 폭탄 전망""150억 들여 개발한 기술, 이러다 中이…"" 위기""정부서 안 갚아도 된다고…"" 채무자들 \'으름장\'좋아요0훈훈해요0슬퍼요0화나요0후속기사 원해요0기사제공 :']"
3,삼성전자, 2017-08-2313:37,조세일보 ,"미래에셋대우, 텐센트·삼성전자 조기상환형 ELS 판매",https://finance.naver.com/news/news_read.nhn?article_id=0002168031&office_id=123&mode=search&query=삼성전자&page=6,"['        미래에셋대우, 텐센트·삼성전자 조기상환형 ELS 판매      기사입력2017-08-23 13:37기사원문좋아요훈훈해요좋아요 평가하기공감좋아요0훈훈해요0슬퍼요0화나요0후속기사 원해요0댓글 미래에셋대우는 22일부터 텐센트와 삼성전자 주식을 기초자산으로 하는 ELS(주가연계증권)를 판매하고 있다고 23일 밝혔다.이번 상품은 조기상환평가일(3, 6, 9개월)에 모든 기초자산이 최초기준가격의 102% 이상이면 연 15%의 수익을 제공한다. 만기는 1년이다.만약 조기상환조건을 충족시키지 못할 경우 만기평가일(12개월) 기준으로 두 기초자산(텐센트, 삼성전자)의 만기평가가격이 모두 최초기준가격보다 상승했다면 기초자산 상승률이 낮은 종목의 상승률 만큼을 수익으로 지급한다.만기평가일에 두 기초자산 중 어느 하나라도 만기 평가가격이 최초 기준가격보다 떨어졌다면 최대 10%까지 원금 손실이 있을 수 있다.이번 상품은 홍콩증권거래소에 상장된 해외주식을 기초자산으로 하지만 원화로 청약하고 원화로 만기상환을 받기 때문에 해외 통화 환전이 필요 없다. 또 별도의 환헤지가 필요 없고 환율에 의한 수익 변동도 없다.미래에셋대우 관계자는 ""글로벌 투자로 자산을 배분하면서 혹시 모를 하락 위험도 관리할 필요가 있다""며 ""원금 90% 부분지급 조기상환형 해외주식 ELS는 위험관리가 가능하면서 4차 산업혁명으로 대표되는 글로벌 우량주식에 투자해 수익을 추구할 수 있는 투자솔루션""이라고 말했다.이번 상품은 최소 100만원부터 100만원 단위로 청약이 가능하다. 오는 25일 오후 1시 30분 청약은 마감된다. 상품에 대한 자세한 사항은 미래에셋대우 전국 영업점과 고객센터로 문의하면 된다.▶ [HOT]당신의 10분 몸 만들기...황현정기자의 쭉쭉빵빵▶ [HOT]세무·회계 실무, 맞춤형 교육 \'조세일보 재무교육원\'..박지환(pjh@joseilbo.com)저작권자 ⓒ 조세일보(http://www.joseilbo.com). 무단전재 및 재배포 금지조세일보 관련뉴스해당 언론사에서 선정하며 언론사 페이지(아웃링크)로 이동해 볼 수 있습니다.다시 봐도 오싹한 싸이코·할로윈…폭염도 혼비백산여고괴담·주온·디 아이…오싹한 亞 귀신들가요계 컴백대전…클론·터보·이효리 등 여름사냥 본격 시동복제인간·검찰비리·미래사회…안방극장 장르물 열풍느리게 살기…더불어 웃기…행복해지는 힐링 예능들좋아요0훈훈해요0슬퍼요0화나요0후속기사 원해요0기사제공 :']"
4,삼성전자, 2017-08-2313:31,머니투데이 ,"미래에셋대우, 텐센트 기초자산 ELS 판매",https://finance.naver.com/news/news_read.nhn?article_id=0003923591&office_id=008&mode=search&query=삼성전자&page=6,"['       미래에셋대우, 텐센트 기초자산 ELS 판매       기사입력2017-08-23 13:31기사원문좋아요훈훈해요좋아요 평가하기공감좋아요0훈훈해요0슬퍼요0화나요0후속기사 원해요0댓글 [머니투데이 송정훈 기자] 미래에셋대우는 22일부터 텐센트와 삼성전자 주식을 기초자산으로 하는 ELS(주가연계증권) 상품을 판매하고 있다고 밝혔다. 상품은 오는 25일 오후 1시 30분까지 최소 100만원부터 100만원 단위로 청약이 가능하다. 만기 1년 상품으로 조기상환평가일(3, 6, 9개월)에 모든 기초자산이 최초기준가격의 102% 이상이면 연 15%의 수익을 제공한다. 특히 홍콩증권거래소에 상장된 해외주식을 기초자산으로 하지만 원화로 청약하고 원화로 만기상환을 받기 때문에 해외 통화 환전이 필요 없다. 별도의 환헤지가 필요 없고 환율에 의한 수익 변동도 없다.미래에셋대우 관계자는 “글로벌 투자로 자산을 배분하면서 혹시 모를 하락 위험도 관리할 필요가 있다""며 “이번 상품은 위험관리가 가능하면서 4차 산업혁명으로 대표되는 글로벌 우량주식에 투자해 수익을 추구할 수 있는 투자솔루션” 이라고 말했다.TOM칼럼-깊이있는 투자정보▶무료 만화 즐기고~ 선물타자!▶ 빵빵한 차&레이싱걸▶ 송정훈 기자 repor@mt.co.kr머니투데이 관련뉴스해당 언론사에서 선정하며 언론사 페이지(아웃링크)로 이동해 볼 수 있습니다.[포토is] ""깜짝이야!""… 여기는 지하철 대테러 훈련 현장[단독]檢 ""\'주식부자 이희진\' 피해자, 200여명 더""배우 송선미 남편, 변호사 사무실서 흉기 찔려 사망현대차 임원급여 10% 자진삭감, 과장급 동결..노조는 7%↑?\'292억 사기혐의\' 이희진 과거 언행…""집 건축비만 130억""좋아요0훈훈해요0슬퍼요0화나요0후속기사 원해요0기사제공 :']"
5,삼성전자, 2017-08-2313:28,전자신문 ,"[ET투자뉴스]삼성전자, ""3D NAND 기술…"" 매수-미래에셋대우",https://finance.naver.com/news/news_read.nhn?article_id=0002636009&office_id=030&mode=search&query=삼성전자&page=6,"['       [ET투자뉴스]삼성전자, ""3D NAND 기술…"" 매수-미래에셋대우      기사입력2017-08-23 13:28기사원문좋아요훈훈해요좋아요 평가하기공감좋아요0훈훈해요0슬퍼요0화나요0후속기사 원해요0댓글미래에셋대우에서 23일 삼성전자(005930)에 대해 ""3D NAND 기술 우위 지속""라며 투자의견을 \'매수\'로 제시하였다. 아울러 12개월 목표주가를 2,950,000원으로 내놓았다. 미래에셋대우 도현우  애널리스트가 동종목에 대하여 이번에 제시한 \'매수\'의견은 미래에셋대우의 직전 매매의견에서 큰 변화없이 그대로 유지되는 것이고  올해 초반의 매매의견을 기준으로 본다면 \'매수\'의견에서 \'매수로\' 상향조정된 것이다. 그리고 최근 분기내 발표된 전체 증권사 리포트의 컨센서스와 비교를 해볼 경우에 오늘 발표된 투자의견은 대체적으로 평균치에 해당하는 수준으로, 이번 의견은 동종목에 대한 전체적인 흐름에서 크게 벗어나지 않은 것으로 분석되고 있다. 한편 12개월 목표주가로 제시한 2,950,000원은 직전에 발표된 목표가와 대비해서 큰 변화는 없고, 목표주가의 추이를 살펴보면 최근 두차례 연속 상향조정되다가 이번에는 직전 목표가와 동일한 수준을 유지하는 모습이다. 또한 전일 종가 기준으로 볼때 동종목의 현주가는 이번에 제시된 목표가 대비 25.5%의 추가상승여력이 있다는 해석이 제시되고 있다. ◆ Report briefing미래에셋대우에서 삼성전자(005930)에 대해 ""반도체부문 영업이익은 9.21조원(+15% QoQ)으로 증가할 것으로 예상 한다. 삼성전자 DRAM, NAND 출하량이 평택 신규 팹 가동 등으로 증가세가 커질 것이다. 디스플레이부문은 영업이익이 1.49조원(-13% QoQ)로 감소할 것으로 전망한다.""라고 분석했다.  또한 미래에셋대우에서 ""2017년 하반기 평택 2차 투자, 2018년 평택과 시안에서의 추가 투자로 경쟁사 대비 규의 경제 우위도 지속할 수 있을 것으로 보인다. 삼성전자는 2018년 96단 3D NAND 양산도 진행할 계획이다. 당분간 3D NAND에서 삼성전자의 독주가 예상된다.""라고 밝혔다.  한편 ""시장에 하반기 이익 둔화에 대한 우려가 있지만 삼성전자의 타 업체들과 반도체 경쟁력 차 이가 여전하고 반도체 수급이 당분간 안정적으로 유지될 가능성이 높기 때문에 높은 수익 성은 유지될 수 있을 것으로 보인다.""라고 전망했다. ◆ Report statistics미래에셋대우의 동종목에 대한 최근 1년동안의 투자의견은 전체적으로 큰 변화없이 유지되고 있다. 목표주가는 2016년7월 1,900,000원이 저점으로 제시된 이후 이번에 발표된 2,950,000원까지 꾸준하게 상향조정되어 왔다. 한편 증권정보제공 업체인 씽크풀에 따르면 동사에 대한 컨센서스는 \'매수\'이고 목표주가의 추이를 살펴보면 과거 목표가가 하향조정된 후에 한동안 같은 수준으로 유지되었고 이번에 다시 상향조정되었는데, 이번의 조정된 상승폭은 이전의 하락조정폭보다 강한 추세이다. \xa0컨센서스최고최저투자의견매수매수(유지)매수(유지)목표주가2,955,2173,200,0002,800,000*최근 분기기준오늘 미래에셋대우에서 발표된 \'매수\'의견 및 목표주가 2,950,000원은 전체 컨센서스 대비해서 대체적으로 평균치에 해당하는 수준으로, 이번 의견은 동종목에 대한 전체적인 흐름에서 크게 벗어나지 않은 것으로 파악되며 목표가평균과 대비해서 미미한 차이가 나는 것으로 집계되었다.  참고로 최근에 목표주가를 가장 공격적으로 제시한 SK증권에서 투자의견 \'매수(유지)\'에 목표주가 3,200,000원을 제일 보수적인 의견을 제시한 삼성증권에서 투자의견 \'매수\'에 목표주가 2,800,000원을 제시한 바 있다. \xa0의견제시일자투자의견목표가격20170823매수2,950,00020170728매수(상향)2,950,00020170707TRADING BUY(유지)2,700,00020170703TRADING BUY(유지)2,500,00020170609TRADING BUY(유지)2,500,000의견제시일자증권사투자의견목표가20170823미래에셋대우매수2,950,00020170821KB증권매수(유지)2,800,00020170814리딩투자증권매수(신규)2,800,00020170808신한금융투자매수(유지)3,100,000(씽크풀에서 제공하는 컨센서스는 국내 전증권사에서 발표되는 기업분석 리포트 및 코멘트를 실시간으로 통계/분석처리되고 있습니다.)증시분석 전문기자 로봇 ET etbot@etnews.com전자신문과 씽크풀의 증시분석 전문기자 로봇 ET가 쓴 기사입니다▶ 전자신문 인기 포스트▶ 전자신문 공식 페이스북▶ 전자신문 바로가기 [Copyright ⓒ 전자신문 & 전자신문인터넷, 무단전재 및 재배포 금지]전자신문 관련뉴스해당 언론사에서 선정하며 언론사 페이지(아웃링크)로 이동해 볼 수 있습니다.국가전략프로젝트·미래성장동력 대수술…중복 사업 통폐합\'4차산업혁명위 축소\'에 뿔난 SW·ICT 업계…""총리급 위원장으로 해야""구글 ""안드로이드, 한국 GDP 17조원 성장 기여"" 주장...자사 앱 선탑재 등 현안 분석은 빠져대표 사이버보안 기관 2곳 새 수장 누가 될까?日 후지쯔, 휴대폰 제조사업 철수···소니 등 3곳만 남아좋아요0훈훈해요0슬퍼요0화나요0후속기사 원해요0기사제공 :']"
6,삼성전자, 2017-08-2313:21,서울경제 ,"[1시 주식시장은] 기관의 대량 매도에 코스피, 2,370선 등락 거듭",https://finance.naver.com/news/news_read.nhn?article_id=0003097048&office_id=011&mode=search&query=삼성전자&page=6,"['       [1시 주식시장은] 기관의 대량 매도에 코스피, 2,370선 등락 거듭      기사입력2017-08-23 13:21기사원문좋아요훈훈해요좋아요 평가하기공감좋아요0훈훈해요0슬퍼요0화나요0후속기사 원해요0댓글 [서울경제] 글로벌 증시 상승에 코스피도 오름세로 출발했던 코스피는 기관의 대량 매도세에 2,370선 밑으로 떨어지며 혼조세를 보이고 있다. 23일 코스피 지수는 오후 1시 16분 전 거래일 보다 0.13포인트(0.01%) 하락한 2,365.18에 거래 중이다. 이날 코스피 지수는 전일 대비 11.20포인트(0.47%) 오른 2,376.53에 출발했다. 간밤 뉴욕증시는 미국의 세제개편 기대감에 상승 마감했다. 최근 주가 하락에 따른 저가매수세가 유입됐고, 장중 세제개편안 통과 가능성이 제기되며 상승했다는 분석이다. 폴 라이언 하원의장은 공화당이 의견 일치를 보이고 있다며 세제개편안이 실패했던 건강보험개혁안보다 통과가 쉬울 수 있음을 시사하기도 했다. 다우존스 30 산업평균지수는 전 거래일 대비 196.14포인트(0.90%) 상승한 2만1899.89를 기록했다. 스탠더드앤드푸어스(S&P) 500 지수는 24.14포인트(0.99%) 뛴 2452.51에, 기술주 중심의 나스닥 지수는 84.35포인트(1.36%) 오른 6297.48에 마감했다. 투자주체별로 살펴보면 코스피지수는 개인과 외국인이 673억원, 396억원을 사들이는 가운데 기관은 1,135억원어치를 팔고 있다. 대부분의 업종도 혼조세를 보이고 있다. 의료정밀(2.17%), 유통업(0.8%), 전기전자(0.76%) 등이 상승하고 있고, 철강금속(-1.89%), 의약품(-1.08%), 보험(-0.64%) 등은 하락세다. 삼성전자(005930)를 비롯한 대장주들은 상승세다. 삼성전자는 전일보다 1만8,000원(0.77%) 오른 236만8,000원에 거래 중이고, 삼성전자우(005935)(1.14%), 한국전력(0.23%), LG화학(0.14%)도 상승 중이다. 네이버는 창업자인 이해진 글로벌투자책임자(GIO)가 지난 22일 보유주식 11만주(0.33%)를 주당 74만3,990원에 블록딜로 처분했다는 공시에 7,000원(0.91%) 오른 77만4,000원에 거래되고 있다. 같은 시각 코스닥 지수는 전 거래일보다 0.08포인트(-0.01%) 내린 644.18에 거래 중이다. 이날 코스닥지수는 전일 대비 3.53포인트(0.55%) 오른 647.79에 장을 시작했다. 서울 외환시장에서 원·달러 환율은 4원50전 내린 1,130원에 거래되고 있다. /박시진기자 see1205@sedaily.com [서울경제 바로가기]1997년 이래 대한민국 최고의 과학자 DB [바로가기]서울경제의 모든 연재물!... 서경Cube [바로가기▶]저작권자 ⓒ 서울경제, 무단 전재 및 재배포 금지서울경제 관련뉴스해당 언론사에서 선정하며 언론사 페이지(아웃링크)로 이동해 볼 수 있습니다.文 ""5·18 진상규명···전투기 출격대기 등 특별조사 지시""文, 5·18민주화운동때 헬기사격·전투기 출격대기 특별조사 지시\'릴리안 생리대\' 미개봉상품만 교환 가능? ""이젠 하다 하다 생리대까지"" 네티즌살충제 계란 파동에 되레 오른 文 지지율, 무슨 일이北 ""한마디에 미국의 위용 폴싹""···괌 위협영상 공개좋아요0훈훈해요0슬퍼요0화나요0후속기사 원해요0기사제공 :']"
7,삼성전자, 2017-08-2313:13,조세일보 ,"삼성전자, 미얀마에서 '모바일 교육 버스' 운영",https://finance.naver.com/news/news_read.nhn?article_id=0002168022&office_id=123&mode=search&query=삼성전자&page=6,"[""        삼성전자, 미얀마에서 '모바일 교육 버스' 운영      기사입력2017-08-23 13:13기사원문좋아요훈훈해요좋아요 평가하기공감좋아요0훈훈해요0슬퍼요0화나요0후속기사 원해요0댓글◆…사진제공:삼성전자삼성전자가 미얀마 소외 계층 어린이들을 위한 특별 교육 프로그램 '삼성 모바일 교육 버스'를 운영한다.지난 2015년부터 미얀마에서 운영하고 있는 삼성 모바일 교육 버스를 이달부터 별도의 주방 공간을 갖춘 신형 교육 버스로 교체하고 스마트 TV와 갤럭시 탭을 추가로 지원, 3대의 교육 버스를 운영한다.약 400만 명에 달하는 미얀마 소외 계층 어린이들이 학교에 가지 못하고 일하고 있는 현실에서 착안, 필요한 기술을 습득해 더 나은 미래의 꿈을 실현할 수 있는 기회를 제공하기 위해  직접 찾아가 교육을 진행한다.전문교사와 함께 미얀마어, 영어, 수학, 컴퓨터 등 정규 교육과 함께 다양한 놀이 수업도 병행 실시하고 있으며 특히 새롭게 지원되는 버스에는 별도의 주방 공간까지 갖춰 교육의 폭을 넓힌 것이 특징이다.또한 스마트 TV와 신형 갤럭시 탭을 추가로 지원해 미얀마 어린이들이 최신 IT 기술을 체험하고 창의성을 높일 수 있도록 했다.한편 지난해 말부터 미얀마 젊은이들에게 꿈과 희망을 선사하는 K-POP 오디션 프로그램 갤럭시 스타를 운영하고 있으며 올해는 고등학생 대상 삼성 퀴즈 쇼도 진행하고 있다.▶ [HOT]당신의 10분 몸 만들기...황현정기자의 쭉쭉빵빵▶ [HOT]세무·회계 실무, 맞춤형 교육 '조세일보 재무교육원'..백성원(peacetech@joseilbo.com)저작권자 ⓒ 조세일보(http://www.joseilbo.com). 무단전재 및 재배포 금지조세일보 관련뉴스해당 언론사에서 선정하며 언론사 페이지(아웃링크)로 이동해 볼 수 있습니다.다시 봐도 오싹한 싸이코·할로윈…폭염도 혼비백산여고괴담·주온·디 아이…오싹한 亞 귀신들가요계 컴백대전…클론·터보·이효리 등 여름사냥 본격 시동복제인간·검찰비리·미래사회…안방극장 장르물 열풍느리게 살기…더불어 웃기…행복해지는 힐링 예능들좋아요0훈훈해요0슬퍼요0화나요0후속기사 원해요0기사제공 :""]"
8,삼성전자, 2017-08-2312:56,스포츠조선 ,"미래에셋대우, 텐센트-삼성전자 원금 90% 부분지급 조기상환형 해외주식 ELS 판...",https://finance.naver.com/news/news_read.nhn?article_id=0003140611&office_id=076&mode=search&query=삼성전자&page=6,"[""       미래에셋대우, 텐센트-삼성전자 원금 90% 부분지급 조기상환형 해외주식 ELS 판매      기사입력2017-08-23 12:56기사원문좋아요훈훈해요좋아요 평가하기공감좋아요0훈훈해요0슬퍼요0화나요0후속기사 원해요0댓글 미래에셋대우는 22일부터 텐센트와 삼성전자 주식을 기초자산으로 하는 ELS(주가연계증권)를 판매 중이라고 밝혔다.이번에 판매하는 '제21508회 텐센트(Tencent)-삼성전자 원금 90% 부분지급 조기상환형 해외주식 ELS'는 만기 1년 상품으로 조기상환평가일(3, 6, 9개월)에 모든 기초자산이 최초기준가격의 102% 이상이면 연 15%의 수익을 제공한다. 조기상환조건을 충족시키지 못한 경우 만기평가일(12개월)에 두 기초자산(텐센트, 삼성전자)의 만기평가가격이 모두 최초기준가격보다 상승했다면, 기초자산 상승률이 낮은 종목의 상승률 만큼을 수익으로 지급한다. 만기평가일에 두 기초자산 중 어느 하나라도 만기 평가가격이 최초 기준가격보다 떨어졌다면 최대 10%까지 원금 손실이 있을 수 있다.이번 상품은 홍콩증권거래소에 상장된 해외주식을 기초자산으로 하지만 원화로 청약하고 원화로 만기상환을 받기 때문에 해외 통화 환전이 필요 없다. 또한, 별도의 환헤지가 필요 없고 환율에 의한 수익 변동도 없다. 이번 상품은 25일 오후 1시 30분까지 최소 100만원부터 100만원 단위로 청약이 가능하다. 상품에 대한 자세한 사항은 미래에셋대우 전국 영업점과 고객센터로 문의하면 된다. 김소형기자 compact@sportschosun.com▶마감직전토토, 실시간 정보 무료! [스포츠조선 바로가기] [스포츠조선 페이스북]- Copyrightsⓒ 스포츠조선(http://sports.chosun.com/), 무단 전재 및 재배포 금지좋아요0훈훈해요0슬퍼요0화나요0후속기사 원해요0기사제공 :""]"
9,삼성전자, 2017-08-2312:34,이데일리 ,"코스피, 기관 매물 늘며 상승폭 반납",https://finance.naver.com/news/news_read.nhn?article_id=0003904720&office_id=018&mode=search&query=삼성전자&page=6,"['       코스피, 기관 매물 늘며 상승폭 반납      기사입력2017-08-23 12:34기사원문좋아요훈훈해요좋아요 평가하기공감좋아요0훈훈해요0슬퍼요0화나요0후속기사 원해요0댓글 [이데일리 박형수 기자] 국내 기관 투자가가 대규모 매도 물량을 쏟아내면서 코스피지수가 상승 폭을 모두 반납했다. 상승 출발했던 지수는 보합권으로 물러나 방향을 탐색하고 있다.23일 오후 12시32분 현재 코스피지수는 전 거래일보다 0.11포인트(0.00%) 내린 2365.22를 기록하고 있다. 장중 2370선을 회복하기도 했지만 시간이 흐를수록 상승폭이 줄고 있다. 지수는 보합권에서 등락을 거듭하고 있다. 유가증권 시장에서 개인과 외국인은 각각 582억원, 420억원 순매수를 기록하고 있다. 반면 기관은 1054억원 매도 우위를 보이고 있다. 금융투자와 국가·지자체에서 각각 599억원, 563억원 규모의 순매도 물량을 쏟아내고 있다. 프로그램 매매는 836억원 어치 순매도를 기록하고 있다.장 초반 상승권에 머물렀던 시가총액 상위 종목 가운데 대다수가 약보합권으로 내려왔다. SK하이닉스 현대차 포스코 삼성생명 SK텔레콤 SK 등이 약세다. 삼성전자(005930)는 전날보다 0.68% 오른 236만6000원에 거래되고 있고 한국전력 LG화학 네이버 삼성물산 신한지주 등은 강보합권을 유지하고 있다. 최근 약세를 보였던 네이버 주가는 이해진 전 의장이 보유 중인 주식 가운데 11만주를 외국인에게 시간 외 대량매매(블록딜)로 매도했다는 소식이 전해진 뒤로 반등하는 모습이다. 업종 별로는 철강·금속 업종이 1.97% 하락하는 것을 비롯해 의약품 종이·목재 보험 증권 업종 등이 내리고 있다. 의료정밀 유통 건설 전기·전자 업종 등은 강세다. 같은 시간 코스닥지수는 전날보다 0.66포인트(0.1%) 오른 644.92를 기록하고 있다.박형수 (parkhs@edaily.co.kr)▶심쿵유발 스타 화보 [핫포토]▶[페이스북] 보러가기~♥ | [카카오톡] 플친 맺기~♥＜ⓒ종합 경제정보 미디어 이데일리 - 무단전재 & 재배포 금지＞이데일리 관련뉴스해당 언론사에서 선정하며 언론사 페이지(아웃링크)로 이동해 볼 수 있습니다.한명숙 새로운 세상 드디어 만나..당당하게 살아갈 것(종합)北김정은, 美공격시 부인 리설주 등 3명과 中으로 탈출..딸은 제외가게 팔아도 빚 못갚는 자영업자 12만 \'시한폭탄\'현대차 ""미국시장 겨냥 픽업트럭 출시""세끼 다먹으며 살 뺀다…요요걱정 없는 \'종이컵 다이어트\' 화제좋아요0훈훈해요0슬퍼요0화나요0후속기사 원해요0기사제공 :']"
10,삼성전자, 2017-08-2311:59,조세일보 ,"키움증권, 세전 연11.4% 수익 삼성전자·페이스북 ELS 판매",https://finance.naver.com/news/news_read.nhn?article_id=0002168013&office_id=123&mode=search&query=삼성전자&page=6,"[""        키움증권, 세전 연11.4% 수익 삼성전자·페이스북 ELS 판매      기사입력2017-08-23 11:59기사원문좋아요훈훈해요좋아요 평가하기공감좋아요0훈훈해요0슬퍼요0화나요0후속기사 원해요0댓글◆…키움증권 제공.키움증권은 세전 연11.4%의 수익을 추구하는 삼성전자&페이스북 ELS(주가연계증권)를 출시한다.이번에 출시되는 '제92회 글로벌 100조 클럽 ELS'의 기초자산은 삼성전자와 페이스북 두 종목이다.추구수익률은 세전 연 11.4%이고 만기는 3년이다. 발행 후 6개월마다 조기상환기회가 주어진다. 조기상환 평가일에 두 기초자산이 모두 최초 기준가격의 90%(6개월, 12개월, 18개월), 85%(24개월, 30개월, 36개월) 이상인 경우 최고 34.2%(연 수익률 11.4%, 세전) 수익으로 상환된다.투자기간 동안 기초자산 중 하나가 최초기준가격의 60% 미만으로 떨어진 적이 있다면 원금손실이 발생할 수 있다.청약 마감은 오는 25일 오후 1시다. 자세한 내용은 키움증권 홈페이지나 키움금융센터로 문의하면 된다.▶ [HOT]당신의 10분 몸 만들기...황현정기자의 쭉쭉빵빵▶ [HOT]세무·회계 실무, 맞춤형 교육 '조세일보 재무교육원'..박지환(pjh@joseilbo.com)저작권자 ⓒ 조세일보(http://www.joseilbo.com). 무단전재 및 재배포 금지조세일보 관련뉴스해당 언론사에서 선정하며 언론사 페이지(아웃링크)로 이동해 볼 수 있습니다.다시 봐도 오싹한 싸이코·할로윈…폭염도 혼비백산여고괴담·주온·디 아이…오싹한 亞 귀신들가요계 컴백대전…클론·터보·이효리 등 여름사냥 본격 시동복제인간·검찰비리·미래사회…안방극장 장르물 열풍느리게 살기…더불어 웃기…행복해지는 힐링 예능들좋아요0훈훈해요0슬퍼요0화나요0후속기사 원해요0기사제공 :""]"
11,삼성전자, 2017-08-2311:57,이데일리 ,"코스피, 기관 매물에 상승폭 축소…한때 하락 반전도",https://finance.naver.com/news/news_read.nhn?article_id=0003904673&office_id=018&mode=search&query=삼성전자&page=6,"['       코스피, 기관 매물에 상승폭 축소…한때 하락 반전도      기사입력2017-08-23 11:57기사원문좋아요훈훈해요좋아요 평가하기공감좋아요0훈훈해요0슬퍼요0화나요0후속기사 원해요0댓글 [이데일리 이정훈 기자] 상승 출발했던 코스피지수가 보합권으로 물러서고 있다. 간밤 뉴욕증시 상승으로 외국인이 매수우위를 보이고 있지만 기관 매도세가 몰리면서 지수는 한때 마이너스(-)로 돌아섰다. 23일 오전 11시51분 현재 코스피지수는 전거래일보다 0.03포인트, 0.00% 상승한 2365.42를 기록하고 있다. 장중 2370선을 회복하기도 했지만 서서히 상승폭을 줄이며 지수는 플러스와 마이너스권을 오가고 있다. 코스피시장에서 개인과 외국인은 각각 524억원, 429억원씩 순매수를 기록하고 있다. 외국인은 삼성전자(005930)를 비롯해 IT관련주를 조금씩 사들이고 있다. 반면 기관투자가는 972억원 어치 매도우위로 맞서고 있다. 프로그램 매매는 760억원 어치 매도우뤼를 보이고 있다.시가총액 상위종목 가운데 외국인 매수세가 몰리는 삼성전자 주가가 0.77% 상승하고 있고 삼성전자 우선주도 0.98% 오르고 있다. 최근 약세를 보였던 네이버 주가도 이해진 전 의장의 11만주 블록딜이 완료된 이후 0.78% 반등하고 있다. 신한금융지주와 KB금융지주, 하나금융지주 등 은행주들도 소폭 동반 상승 중이다. 다만 SK하이닉스(000660)와 POSCO(005490) 삼성생명 SK텔레콤 등은 하락하고 있다. 같은 시간 코스닥지수도 전날보다 0.46포인트, 0.07% 상승한 644.68을 기록하고 있다.이정훈 (futures@edaily.co.kr)▶심쿵유발 스타 화보 [핫포토]▶[페이스북] 보러가기~♥ | [카카오톡] 플친 맺기~♥＜ⓒ종합 경제정보 미디어 이데일리 - 무단전재 & 재배포 금지＞이데일리 관련뉴스해당 언론사에서 선정하며 언론사 페이지(아웃링크)로 이동해 볼 수 있습니다.한명숙 새로운 세상 드디어 만나..당당하게 살아갈 것(종합)北김정은, 美공격시 부인 리설주 등 3명과 中으로 탈출..딸은 제외가게 팔아도 빚 못갚는 자영업자 12만 \'시한폭탄\'현대차 ""미국시장 겨냥 픽업트럭 출시""세끼 다먹으며 살 뺀다…요요걱정 없는 \'종이컵 다이어트\' 화제좋아요0훈훈해요0슬퍼요0화나요0후속기사 원해요0기사제공 :']"
12,삼성전자, 2017-08-2311:54,헤럴드경제 ,전문경영인 자사주 보유로 책임경영 앞장,https://finance.naver.com/news/news_read.nhn?article_id=0001280742&office_id=016&mode=search&query=삼성전자&page=6,"['       전문경영인 자사주 보유로 책임경영 앞장      기사입력2017-08-23 11:54기사원문좋아요훈훈해요좋아요 평가하기공감좋아요0훈훈해요0슬퍼요0화나요0후속기사 원해요0댓글최양하 한샘회장 자사주가치1585억원 최다보유 CEO로“‘내 재산처럼’ 회사경영” 의지외적요인 부담없어 일석이조자신이 이끄는 회사의 주식을 다수 보유한 전문경영인(오너일가 제외)이 속속 등장하면서 시선이 쏠린다. 전문경영인이 자사주를 가지는 것은 ‘책임경영’ 의지의 발현이자. 덕목으로 꼽히기 때문이다. “회사의 미래가 밝다는 것을 소액주주들에게 몸소 보여주고, 자신의 재산을 관리하듯 장기적인 안목으로 회사의 성장동력을 발굴하겠다는 무언의 표현”이라는 게 업계 관계자의 설명이다. 중견기업인 한샘의 최양하 회장은 삼성·LG 등 쟁쟁한 대기업의 전문경영인을 제치고 ‘최다 자사주 보유자’에 등극해 주주들의 호평을 받고 있다.기업 경영성과 평가기관 CEO스코어는 국내 500대 기업 최고경영자(CEO) 가운데 자사주를 보유한 전문경영인 166명의 주식가치를 조사한 결과, 총 2413억원(21일 종가 기준, 보통주+우선주)으로 집계됐다고 23일 밝혔다.자사주를 가장 많이 보유하고 있는 사람은 최양하 한샘 회장이었다. 최 회장이 가진 자사주 가치는 모두 1585억원에 달해, 전체 전문경영인 보유 자사주 가치의 66%에 달했다. 이는 2위인 이재경 두산 부회장이 보유한 가치(79억원)의 약 20배에 달하는 것이다.3위와 4위는 차석용 LG생활건강 부회장(61억원), 김정남 동부화재 사장(56억원)이 각각 차지했다. 김용범 메리츠화재 사장(37억원)은 그 뒤를 이었다. 김용범 메리츠화재 사장은 특히 올해 초 대비 자사주 가치가 가장 많이 늘어난 전문경영인으로도 꼽혔다. 김 사장의 자사주 가치는 지난 몇 개월동안 총 21억원(139.7%)이나 증가했다. 메리츠화재 주식 가치가 그만큼 오른 때문이다.지난해 67억원의 연봉을 받아 ‘대한민국 연봉왕’에 오른 권오현 삼성전자 부회장은 자사주 30억원 어치를 보유해 7위에 올랐다.권영식 넷마블게임즈 집행임원(14억원)은 지난 5월 회사 상장과 함께 단숨에 13위에 올랐고, 한성숙 네이버 사장(10억원)은 조사 대상 전문경영인 가운데 유일한 여성 CEO였다.조사 대상 가운데 최연소 CEO는 38세의 임지훈 카카오 사장으로, 자사주 가치가 4억 9000만원(41위)이었다. 최고령은 올해 72세인 이윤재 흥아해운 회장으로 23억원어치(8위)의 자사주를 갖고 있는 것으로 나타났다.전문경영인들의 이 같은 자사주 수집 열풍에는 강한 책임경영 의지가 담겨 있다는 게 업계의 중론이다.실제 한샘은 소유와 경영을 철저히 분리한 전략을 통해 국내 가구업계를 평정했다. 지난해에는 연결기준 매출액 1조 9345억원, 영업이익 1596억원, 당기순이익 1275억원으로 사상 최대 실적을 경신했고, 올해 상반기에도 매출액 1조 164억원, 영업이익 662억원, 당기순이익 505억원의 성적을 거뒀다. 최 회장이 대표이사 사장에 올랐던 1998년, 한샘의 실적이 매출 1737억원, 영업이익 142억원, 당기순이익 26억원이었던 것을 고려하면 눈부신 성과다.업계 관계자는 “오너일가가 경영일선에 나서면 지배구조 강화 등 경영 외적인 요소에 힘을 쏟을 수 밖에 없다”며 “전문경영인이 다양한 전략개발에 집중해 성공신화를 일군 한샘의 예시가 다른 회사에도 긍정적인 영향을 끼치고 있다”고 말했다.이슬기 기자/yesyep@heraldcorp.com▶영감이란 불꽃에 타오르게할 스토리(INSPIRE)▶앞서가는 젊은 경제신문 친구맺기 ▶오늘의 운세 날씨 - Copyrights ⓒ 헤럴드경제 & heraldbiz.com, 무단 전재 및 재배포 금지 -헤럴드경제 관련뉴스해당 언론사에서 선정하며 언론사 페이지(아웃링크)로 이동해 볼 수 있습니다.김성경 ""어릴 땐 언니보다 예뻐""…김성령 향한 열등감이사강 사마귀턱,쌍꺼풀에 \'성형 의혹\' 재부상\'릴리안 생리대\' 집단소송 관심 폭증…이틀새 2000명UFC \'비양심 챔프\' 존 존스, 또 약물…박탈 초읽기갤럭시노트8 D-1…""탄탄한 노트 마니아층 재결집""좋아요0훈훈해요0슬퍼요0화나요0후속기사 원해요0기사제공 :']"
13,삼성전자, 2017-08-2311:39,연합뉴스 ,외국인 코스피서 10일간 1조원 넘게 순매도,https://finance.naver.com/news/news_read.nhn?article_id=0009492614&office_id=001&mode=search&query=삼성전자&page=6,"['       외국인 코스피서 10일간 1조원 넘게 순매도      기사입력2017-08-23 11:39기사원문좋아요훈훈해요좋아요 평가하기공감좋아요0훈훈해요0슬퍼요0화나요0후속기사 원해요0댓글코스피 외국인 주식 (PG)[제작 최자윤] 일러스트삼성전자 등 IT에 집중…""잭슨홀미팅 후 순매수 전환 가능성""(서울=연합뉴스) 유현민 기자 = 올해 코스피 강세장을 주도한 외국인이 최근 열흘 동안 유가증권시장에서 주식을 1조원어치 넘게 팔아치운 것으로 나타났다.     특히 삼성전자와 SK하이닉스 등 정보통신(IT) 종목에 매도세가 집중됐다.     23일 한국거래소와 금융투자업계에 따르면 외국인은 지난 8일부터 전날까지 10거래일 동안 유가증권시장에서 1조1천87억원을 순매도했다.     같은 기간 개인도 2천705억원 순매도했고 기관은 1조1천880억원 순매수했다.    코스피는 지난 8일 2,394.73에서 전날 2,365.33으로 1.23% 하락했는데 기관이 외국인 매도 물량을 대부분 소화해 지수 하락 폭은 제한적이었다.    ◇ 최근 10거래일간 투자자별 순매수도 금액(2017.8.22 기준)    최창규 NH투자증권 연구원은 ""최근 10영업일 간 1조원 이상의 순매도를 기록하는 등 외국인의 현물매매가 심상치 않다""면서 ""외국인이 개별주식 매도에 집중하고 있는데 금액상 시가총액 상위 종목으로 추정된다""고 분석했다.     실제 거래소가 같은 기간 외국인의 순매도 상위 종목을 조사한 결과 외국인이 가장 많이 팔아치운 종목은 삼성전자로 1조3천171억원 순매도했다.     그다음으로는 SK하이닉스(1천285억원), LG디스플레이(574억원), 효성(356억원) 등의 순으로 순매도 규모가 컸다.    김성환 부국증권 연구원은 ""지난달 말 코스피가 고점을 찍은 이후 최근 한반도를 둘러싼 지정학적 위험까지 부각되며 원/달러 환율이 급등하자 외국인이 IT를 중심으로 차익 실현에 나선 것으로 보인다""고 분석했다.     다만, 코스피 상장 기업들의 기초여건(펀더멘털)에는 큰 변화가 없다는 점에서 외국인의 순매도세가 계속 이어지진 않을 것이라는 관측도 있다.     김 연구원은 ""최근 외국인이 완전히 순매수로 돌아선 것은 아니지만 매도 강도가 약해진 것은 사실""이라면서 ""이번주 미국 잭슨홀 미팅까지는 관망세를 보이다가 이후 달러의 방향성이 정해지면 순매수로 돌아설 수도 있을 것""이라고 전망했다.     실제 외국인은 전날 639억원 순매수한 데 이어 이날도 오전 11시 30분 현재 430억원 순매수 중이다.     최 연구원은 ""외국인의 프로그램 매매를 보면 차익과 비차익거래 모두 최근 10영업일 누적매매가 매수 우위로 나쁘지 않다""면서 ""아직 비차익거래에서 매도가 확인되지 않아 신흥시장에 대한 시선은 나쁘지 않다""고 진단했다.    ◇ 최근 10거래일 코스피 외국인 순매도 상위 10개 종목(2018.8.22 기준)※한국거래소 제공    hyunmin623@yna.co.kr최신 유행 트렌드 총집결(클릭!)연합뉴스 관련뉴스해당 언론사에서 선정하며 언론사 페이지(아웃링크)로 이동해 볼 수 있습니다.\xa0이영애, K-9 훈련 순직 李상사 아들 학비 전액지원\xa0\'45일간 호미질\'로 40ｍ 땅굴 파 송유관 기름 훔쳐\xa0성희롱 피해 신입 여경…되레 곤혹스런 처지, 왜?\xa0야간훈련 예비군 13명 단체로 \'습격\' 받아…병원 치료\xa011살 맏형 기지에 꼬마 삼형제 지진서 극적생환좋아요0훈훈해요0슬퍼요0화나요0후속기사 원해요0기사제공 :']"
14,삼성전자, 2017-08-2311:31,아시아경제 ,[이재용 재판이 남기는 것⑤] '삼성 신화' 주역들의 탄식,https://finance.naver.com/news/news_read.nhn?article_id=0004060210&office_id=277&mode=search&query=삼성전자&page=6,"['       [이재용 재판이 남기는 것⑤] \'삼성 신화\' 주역들의 탄식      기사입력2017-08-23 11:31기사원문좋아요훈훈해요좋아요 평가하기공감좋아요0훈훈해요0슬퍼요0화나요0후속기사 원해요0댓글""전자업계 세계전쟁 중…칼은 못 줘도 발목은 잡지 말아야"" [아시아경제 명진규 기자, 원다라 기자] 최순실씨의 국정농단 사태 이후 불똥이 튄 것은 기업인들이다. 규제의 칼날을 들이밀며 돈을 요구한 최고위 권력층에 의한 불이익이 두려워 돈을 건넨 기업인들은 피해자 대신 공모자로 수갑을 차고 언론 앞에 서야 했다. 이런 상황을 지켜봐야 하는 삼성 신화의 주역들은 착잡한 심정이다. 10여년 전 \'삼성 특검\'을 통해 과거사를 정리했다고 생각했지만 여전히 과거사가 아닌 현재, 미래형으로 진행되고 있는 우리 기업의 현실이 답답하다는 것이 그들의 생각이다. 기업에 강압적으로 지배구조개혁을 요구하기 전, 정치권의 개혁과 기업 경영을 투명하게 만들기 위한 제도 개선이 우선이라는 그들의 얘기는 결코 흘려들을 수 없는 부분이다. ◆윤종용 ""최순실 사태와 2008년 삼성 특검은 전혀 다른 사안""= 윤종용 전 삼성전자 부회장은 최근 아시아경제와의 통화에서 ""글로벌 기업 총수가 뜻하지 않은 사건으로 수갑을 차고 언론 앞에 선 것은 기업인으로서 가슴이 먹먹할 따름""이라며 답답한 심경을 드러냈다. 그는 1997년 삼성전자 대표이사 부회장을 맡은 뒤 12년 동안 최고경영자(CEO)를 지냈다. 윤 전 부회장은 2008년 삼성 특검 당시 에버랜드 전환사채(CB) 건으로 이건희 삼성전자 회장이 경영 일선에서 퇴진하자 ""나도 이건희 회장과 같은 세대""라며 자진 사퇴했다.윤 전 부회장은 ""오랫동안 삼성에 몸담았던 사람으로서 말하기 곤란하지만 변호인단이 잘 변호해주고 있는 것 같다""면서도 특검이 이번 재판 과정에서 에버랜드 CB를 언급하는 것에 대해선 유감을 표명했다. 특검이 뇌물공여를 입증하기 위해 억지로 경영권 승계 문제를 대입하고 있다는 지적이다. 윤 전 부회장은 ""사안 자체가 전혀 다르고 비교조차 할 수 없는 사건""이라며 ""이미 과거에 처벌받았고 그로 인해 경영진의 세대교체까지 끝난 만큼 두 사건을 연결 지어선 안 된다""고 말했다. ◆이기태 ""전자산업은 美ㆍ中ㆍ日 세계대전, 싸워보라고 칼자루 쥐여줘도 부족한데 …""= 이기태 전 삼성전자 부회장은 재직 시절 \'미스터 애니콜\'이라 불리며 삼성전자의 휴대폰 사업을 글로벌시장으로 확대한 입지전적인 인물이다. 이 전 부회장은 이번 사태에 대해 안타깝다는 입장을 밝혔다. 이 전 부회장은 ""모든 전자기기에 반도체가 들어가고 통신이 연결되며 세상은 융합시대로 바뀌었다""면서 ""기술 동향과 시장을 한눈에 보고 미래 그림을 그리는 사람이 그만큼 필요해진 시대로, 반도체 전문, 가전 전문, 스마트폰 전문 경영인만으로는 시장에 대응할 수 없다""고 말했다. 이 전 부회장은 ""전문경영인은 남의 얘기를 듣는 사람이 아니라 실행하는 사람""이라고 강조했다. 주의 깊게 듣고 넓게 보는 역할은 오너가 해왔던 만큼 삼성의 오너 경영이 다른 곳과는 다르다는 설명이다. 이번 재판에 관해 질문하자 이 전 부회장은 ""요새 답답해서 뉴스를 안 본다""면서 ""경제 상황 자체가 답답하기 때문""이라고 말했다. 이 전 부회장은 ""중국, 일본, 미국 등 전 세계가 앞다퉈 국가 차원에서 한국 전자업계를 넘어뜨리려 하는 세계 대전이 연일 벌어지고 있다""면서 ""이럴 때 최전선에서 전투를 하겠다는 삼성전자와 이재용 부회장에게 나가서 싸우라고 칼자루를 쥐여줘야 한다""고 말했다. 이 전 부회장은 기업인들이 죄인 취급받고 있는 현 상황, 기업 오너가 기업 지배에만 혈안이 돼 있는 것처럼 그리는 현실이 안타깝다고 토로했다. 이 전 부회장은 ""다른 사업은 잘 모르지만 전자산업은 10년 대계가 가장 중요한 사업""이라며 ""재판, 정치에 대해선 모르지만 지금 우리나라에 뭐가 가장 중요한지는 모두가 한번쯤 더 생각해볼 문제""라고 말했다. 명진규 기자 aeon@asiae.co.kr원다라 기자 supermoon@asiae.co.kr▶ 뉴스가 재밌다! 세상의 모든 재미 [티잼]▶ 많이 본 기사아시아경제 관련뉴스해당 언론사에서 선정하며 언론사 페이지(아웃링크)로 이동해 볼 수 있습니다.[속보]""자리 없다"" 이해찬, 한명숙 향해…화난 손석희, 정부에 결정적인 한방 날렸다\'통 큰\' 북한 김정은, 세계 최대로 쏟아붓는다""큰일났다…북한 화학무기 포착""""미군, 한국 승인 없이 북한 공격""좋아요0훈훈해요0슬퍼요0화나요0후속기사 원해요0기사제공 :']"
15,삼성전자, 2017-08-2311:26,헤럴드경제 ,미얀마 어린이 “학교 못가도 공부할수 있어요”,https://finance.naver.com/news/news_read.nhn?article_id=0001280685&office_id=016&mode=search&query=삼성전자&page=6,"['       미얀마 어린이 “학교 못가도 공부할수 있어요”      기사입력2017-08-23 11:26기사원문좋아요훈훈해요좋아요 평가하기공감좋아요0훈훈해요0슬퍼요0화나요0후속기사 원해요0댓글삼성전자 ‘모바일 교육버스’ 운영삼성전자가 미얀마 소외 계층 어린이들을 위해 특별한 교육 프로그램인 ‘삼성 모바일 교육 버스’를 운영한다. 삼성전자는 2015년부터 미얀마에서 ‘삼성 모바일 교육 버스’를 운영해 왔으며, 이달부터는 수업 공간에 별도의 주방 공간까지 갖춘 신형 교육 버스와 스마트 TV, 갤럭시 탭을 추가로 지원해 총 3대의 교육 버스를 운영한다.‘삼성 모바일 교육 버스’는 약 400만명에 달하는 미얀마 소외 계층 어린이들이 학교에 가지 못하고 일하는 현실에서 착안됐다. 이런 현실 속에서 어린이들이 필요한 기술을 배우고 더 나은 미래 꿈을 실현할 수 있는 기회를 제공하기 위해 아침부터 늦은 밤까지 일터와 거리를 떠나지 못하는 아이들을 버스가 직접 찾아가 교육을 진행한다.‘삼성 모바일 교육 버스’는 전문교사와 함께 미얀마어, 영어, 수학, 컴퓨터 등 정규 교육과 함께 일상 생활에 지친 어린이들을 위해 다양한 놀이 수업도 같이 실시하고 있다. 특히, 이달부터 새롭게 지원되는 교육 버스는 수업 공간뿐 아니라, 별도의 주방 공간까지 갖춰 교육의 폭을 넓힌 것이 특징이다.삼성전자는 버스에 마련된 주방 공간에서 아이들이 직접 음식을 만들고 먹는 요리 프로그램을 운영하며, 동시에 미얀마 소외 지역의 여성들에게도 식품 안전과 위생, 요리 수업을 실시할 예정이다.또한, 스마트 TV와 신형 갤럭시 탭을 지원해 미얀마 어린이들이 최신 IT 기술을 체험하고 창의성을 높일 수 있도록 했다. 정순식 기자/sun@heraldcorp.com▶영감이란 불꽃에 타오르게할 스토리(INSPIRE)▶앞서가는 젊은 경제신문 친구맺기 ▶오늘의 운세 날씨 - Copyrights ⓒ 헤럴드경제 & heraldbiz.com, 무단 전재 및 재배포 금지 -헤럴드경제 관련뉴스해당 언론사에서 선정하며 언론사 페이지(아웃링크)로 이동해 볼 수 있습니다.김성경 ""어릴 땐 언니보다 예뻐""…김성령 향한 열등감이사강 사마귀턱,쌍꺼풀에 \'성형 의혹\' 재부상\'릴리안 생리대\' 집단소송 관심 폭증…이틀새 2000명UFC \'비양심 챔프\' 존 존스, 또 약물…박탈 초읽기갤럭시노트8 D-1…""탄탄한 노트 마니아층 재결집""좋아요0훈훈해요0슬퍼요0화나요0후속기사 원해요0기사제공 :']"
16,삼성전자, 2017-08-2311:24,한국경제 ,"코스피, 외국인·개인 '사자'에 이틀째 상승…2370선은 반납",https://finance.naver.com/news/news_read.nhn?article_id=0003813332&office_id=015&mode=search&query=삼성전자&page=6,"['       코스피, 외국인·개인 \'사자\'에 이틀째 상승…2370선은 반납      기사입력2017-08-23 11:24기사원문좋아요훈훈해요좋아요 평가하기공감좋아요0훈훈해요0슬퍼요0화나요0후속기사 원해요0댓글사진=게티이미지뱅크 사진=게티이미지코스피가 미국발 훈풍에 이틀째 상승하고 있다. 개인과 외국인이 동반 매수를 지속 중이나 대내외 변수를 고려한 관망심리에 2370선은 반납했다.23일 오전 11시12분 현재 코스피지수는 전거래일보다 2.18포인트(0.09%) 오른 2367.51을 기록 중이다. 지수는 이날 2376.53으로 상승 출발했으나 상승폭을 줄였다. 간밤 뉴욕증시는 3대 지수가 동반 강세를 나타냈다. 저가매수세와 함께 세제개편안 통과 가능성에 대한 기대가 지수를 밀어올렸다. 도널드 트럼프 미국 대통령이 아프가니스탄에 미군을 추가 파병할 것이라고 밝힌 점도 정치 불확실성을 완화시켰다. 공화당과 트럼프 대통령의 정책 간극이 축소될 가능성이 높아졌다는 분석이다.이날 코스피 시장에서는 외국인과 개인이 동반 매수에 나서고 있다. 외국인이 439억원, 개인이 323억원을 순매수 중이다. 기관은 777억원어치를 팔고 있다. 프로그램으로는 616억원어치 물량이 나오고 있다.오는 24~26일(현지시간) 미국에서 열리는 잭슨홀 미팅을 앞두고 관망세가 유지되고 있다. 3년 만에 잭슨홀 미팅에 참석하는 마리오 드라기 유럽중앙은행(ECB) 총재가 양적완화 축소를 시사할 지 시장 참여자들의 관심이 모아진다.서상영 키움증권 연구원은 ""유로존 경기가 주춤하고 있어 드라기 총재가 비둘기파적인 발언을 할 가능성도 제기되고 있다""며 ""이러한 변수가 국내 증시의 상승폭을 제한하고 있다""고 설명했다.업종별로는 의료정밀 전기전자 유통업 건설업 운송장비 제조업 음식료품 등이 오름세다. 화학 기계 운수창고 서비스업 등은 내리는 중이다.시가총액 상위 종목에서는 삼성전자 네이버 삼성물산 LG화학 현대모비스 등이 오르고 있다. 포스코 삼성생명 SK SK하이닉스 등은 떨어지는 중이다.LG이노텍이 하반기 실적 기대감에 52주 신고가를 치솟았다. 현재 2.9% 상승하고 있다. 네이버(NAVER)는 이해진 글로벌투자책임자(GIO)가 보유 지분을 매각했다는 소식에 1% 상승하고 있다.코스닥지수는 전거래일보다 0.75포인트(0.12%) 상승한 645.01을 기록 중이다. 외국인이 88억원 매수 우위다. 개인과 기관은 각각 4억원, 58억원어치를 팔고 있다. 시가총액 상위 종목 중에서는 포스코켐텍 셀트리온헬스케어 로엔 바이로메드 SK머티리얼즈 서울반도체 등이 오름세다. 신라젠 컴투스 코미팜 휴젤 등은 하락세다.비아트론은 3분기 최대 실적을 기록할 것이란 증권사 분석에 4% 상승하고 있다. 엔알케이는 최대주주 지분 매각설에 4% 뛰고 있다.서울 외환시장에서 원·달러 환율은 4.00원(0.35%) 내린 1129.80원을 기록 중이다.김은지 한경닷컴 기자 eunin11@hankyung.com[한경닷컴 바로가기] [글방] [모바일한경 구독신청] ⓒ 한국경제 & hankyung.com, 무단전재 및 재배포 금지한국경제 관련뉴스해당 언론사에서 선정하며 언론사 페이지(아웃링크)로 이동해 볼 수 있습니다.불안심리로 지루한 증시…어떻게 돌파할까IT주, 외인 \'사자\'에 상승…LG전자 3%↑""현대차 야심작, 애물단지 될 수도"" 폭탄 전망""정부서 안 갚아도 된다고…"" 채무자들 \'으름장\'서울 대학가 원룸 월세 가장 비싼 동네 봤더니…좋아요0훈훈해요0슬퍼요0화나요0후속기사 원해요0기사제공 :']"
17,삼성전자, 2017-08-2311:22,머니투데이 ,"[오늘의포인트]갤노트8 vs 아이폰8, IT 시동걸까",https://finance.naver.com/news/news_read.nhn?article_id=0003923532&office_id=008&mode=search&query=삼성전자&page=6,"['       [오늘의포인트]갤노트8 vs 아이폰8, IT 시동걸까       기사입력2017-08-23 11:22기사원문좋아요훈훈해요좋아요 평가하기공감좋아요0훈훈해요0슬퍼요0화나요0후속기사 원해요0댓글 [머니투데이 송선옥 기자] [외인, 전기전자 모처럼 순매수... LG이노텍·삼성전기 등 강세 ]외국인이 23일 모처럼 전기전자 업종을 대규모 순매수하면서 시장 반등의 기대감이 형성되고 있다. 코스피 지수는 오전 11시11분 현재 전일대비 2.43포인트(0.10%) 올라 2367.76을 기록하고 있다. 코스피 시장에서는 외국인이 421억원 순매수, 이틀 연속 ‘사자’세를 부르고 있다. 외국인은 전기전자 업종만 556억원 순매수해 전기전자 업종 순매도를 집중했던 것과는 대조적인 모습을 보이고 있다. 기관이 774억원 순매도인 반면 개인이 339억원 순매수다. 코스피 대장주 삼성전자가 0.94% 상승중이며 LG전자가 미국 미시간주에 전기차 부품 공장을 설립한다는 소식에 2% 이상 오르고 있다. SK하이닉스는 장중 하락 전환, 7일만의 약세를 보이고 있다. 7월말부터 시작된 코스피 시장의 조정이 외국인의 전기전자 업종 대규모 순매도에서 비롯됐다는 점에서 간만의 외국인 전기전자 업종 순매수는 시장의 이목을 끌기에 충분하다. 우선 미국 뉴욕증시에서 트럼프 행정부의 세제개편안 의회 통과 소식에 미국 기술주를 대표하는 FAANG(페이스북 아마존 애플 넷플릭스 구글) 주가가 일제히 1% 이상 뛰면서 위험자산 선호 심리가 강화됐다. 필라델피아 반도체 지수가 1.61%나 뛰면서 브로드컴 램리서치 등 반도체주가 강세를 보였다. 잭스 리서치가 ‘다음 분기에도 반도체 업종의 우호적인 실적이 기대된다”고 밝힌 것이 주효하게 작용했다. 시장 전문가들은 전기전자 업종의 3, 4분기 실적 하향조정이 외국인의 차익실현을 불러왔지만 하반기에도 반도체 가격 상승 지속으로 국내 IT(정보기술)주의 수익성이 유지될 수 있을 것이란 전망이다. 특히 하반기 대규모 판매가 예상되는 아이폰8을 비롯해 삼성전자의 갤럭시노트8 등 스마트폰 대전이 벌어진다는 점도 국내 업체들의 수혜가 기대되는 대목이다. 김록호 하나금융투자 연구원은 “하반기 아이폰8을 필두로 다양한 신모델 출시가 줄을 잇는데다 모바일 성수기와 견조한 서버향 수요로 반도체 가격의 상승세가 지속돼 하반기에도 IT 업체들의 실적 모멘텀이 유효하다는 판단”이라며 “특히 아이폰 10주년 모델인 아이폰8은 최고 판매량을 기록한 아이폰6를 뛰어넘는 1억5000만대 이상을 달성할 것으로 예상된다는 점에서 관련 업체는 실적과 이벤트 면에서 모두 양호하다”고 설명했다. 한편 삼성전자가 이날 밤 자정 미국 뉴욕 파크애비뉴 아모리에서 ‘삼성 갤럭시 언팩 2017’ 행사를 열고 갤노트8을 공개하면서 관련주도 들썩이고 있다. 아이폰8의 출시 시기는 아직 결정되지 않았다. 갤노트8 관련주로는 삼성전자를 비롯해 갤노트8 듀얼카메라 수요의 80% 이상을 공급하는 삼성전기 등이 꼽힌다. 삼성전기는 이날까지 7일 연속 상승세를 기록하고 있다. 장중 10만원을 돌파하기도 했다.갤노트8은 6.3인치 디스플레이를 채용, 갤노트 시리즈 중 가장 큰 화면을 채택했으며 삼성전자 최초로 듀얼카메라 렌즈를 탑재한 것으로 전해졌다. 아이폰8에 카메라모듈을 공급하는 LG이노텍을 비롯해 모바일 OLED(유기발광다이오드)를 공급하는 삼성디스플레이의 관련 업체 비에이치 인터플렉스 등이 아이폰8 수혜주로 분류되고 있다. LG이노텍은 이날 장중 18만원을 터치하며 7년새 최고가를 기록하기도 했다. TOM칼럼-깊이있는 투자정보▶무료 만화 즐기고~ 선물타자!▶ 빵빵한 차&레이싱걸▶ 송선옥 기자 oops@mt.co.kr머니투데이 관련뉴스해당 언론사에서 선정하며 언론사 페이지(아웃링크)로 이동해 볼 수 있습니다.[포토is] ""깜짝이야!""… 여기는 지하철 대테러 훈련 현장[단독]檢 ""\'주식부자 이희진\' 피해자, 200여명 더""배우 송선미 남편, 변호사 사무실서 흉기 찔려 사망현대차 임원급여 10% 자진삭감, 과장급 동결..노조는 7%↑?\'292억 사기혐의\' 이희진 과거 언행…""집 건축비만 130억""좋아요0훈훈해요0슬퍼요0화나요0후속기사 원해요0기사제공 :']"
18,삼성전자, 2017-08-2311:21,조선비즈 ,[마켓뷰] IT 주워담는 외국인…코스피는 상승폭 줄어,https://finance.naver.com/news/news_read.nhn?article_id=0000380652&office_id=366&mode=search&query=삼성전자&page=6,"['       [마켓뷰] IT 주워담는 외국인…코스피는 상승폭 줄어      기사입력2017-08-23 11:21기사원문좋아요훈훈해요좋아요 평가하기공감좋아요0훈훈해요0슬퍼요0화나요0후속기사 원해요0댓글 코스피지수가 초반의 상승폭을 줄이면서 강보합권에 머물고 있다. 외국인이 전기전자(IT)주를 중심으로 순매수하고 있다.네이버금융 캡쳐.23일 코스피지수는 오전 11시 10분 현재 전날보다 0.07%(2.07포인트) 오른 2367.40를 기록하고 있다. 코스피지수는 이날 0.47%(11.20포인트) 오른 2376.53에 장을 시작했다가 상승폭이 축소됐다.코스닥지수는 0.55%(3.53포인트) 오른 647.79로 출발해 현재 0.13%(0.85포인트) 오른 645.11에 거래되고 있다.◆ 미국 증시 반도체 강세…외국인 IT 중심 순매수이날 국내 증시에서는 IT업종과 반도체 부품주가 동반 강세를 보이고 있다. 특히 외국인이 IT업종과 제조업종 중심으로 순매수을 했다.전날 미국 증시는 반도체 업종과 대형 기술주를 중심으로 상승 마감했다. 나스닥지수는 4일 만에 반등했고, 구글 모기업인 알파벳이 안드로이드8.0 버전인 ‘오레오’를 발표한 여파로 2.12% 상승했고, 애플도 오는 9월 6일 아이폰 신작 발표가 있을 것이라는 보도에 1.63% 올랐다. 이외에 반도체 종목인 마이크론과 브로드컴, 램 리서치, AMAT 등도 실적 개선과 업황 호조 전망에 2~3%대 상승 마감했다.서상영 키움증권 연구원은 “디램(DRAM)과 낸드(NAND) 칩의 가격 상승세가 다음 분기에도 이어질 것이라는 분석이 호재가 됐다”고 설명했다.이런 상황에서 외국인은 국내 시장에서도 IT업종에 대한 기대를 표시하고 있다. 오전 10시 53분 현재 외국인은 전기전자 업종과 제조업종에서 각각 543억원, 516억원 순매수 중이다. 전체 업종 중에서 가장 큰 매수 규모다. 금액 기준 외국인의 순매수 상위 종목 중 삼성전자(005930)가 1위를 차지하고 있고, LG전자(066570)와 삼성SDI(006400), LG디스플레이(034220)등이 그 뒤를 잇고 있다.전기전자 업종은 0.72% 상승 중이다. 업종 대장주인 삼성전자는 전날 보다 0.77% 오른 236만8000원에 거래 중이고, NAVER(035420)가 0.78%, 삼성SDI(006400)가 1.08% 오름세다. 미국에서 전기차 공장을 신설한다는 소식이 전해진 LG전자(066570)는 2.77% 상승하고 있다. 아울러 제조업 업종지수도 0.23% 상승하고 있는데 LG이노텍(011070)이 3.48% 오르며 강세를 나타내고 있다.김예은 케이프투자증권 연구원은 “미국 증시에서도 전날 대형 IT주가 강세를 보이면서 나스닥이 4거래일 만에 상승했다”며 “국내에서도 여전히 IT업종과 반도체에 대한 긍정적인 전망이 우세한 상태”라고 분석했다.서 연구원은 “이날 자정 삼성전자가 신작인 갤럭시노트8 공개를 앞두고 있는 것도 전체 업종 전체에 대한 기대감을 높이는 요인”이라고 말했다.◆ 철광석 가격 4% 급락, 관련주 약세철강주는 원자재 가격 하락에 약세를 보이고 있다. 오전 장중 중국 상품선물시장에서 철광석 가격은 4.50% 하락하고 있고, 철근 가격도 4.25% 내리고 있다.철강금속 업종 지수는 1.66% 하락 중이다. 대장주인 POSCO(005490)가 전날 보다 2.35% 내린 33만2000원에 거래 중이고, 대한제강(084010)이 2.64%, 한국철강(104700)도 2.03% 하락하고 있다. 이외에 세아특수강(019440)과 포스코강판(058430)이 각각 1.72%, 1.56% 하락 중이며, 현대제철(004020)도 1.34% 빠지고 있다.서상영 연구원은 “철강 가격이 급락하면서 철강주도 영향을 받았다”며 “전날 중국 철강공업 협회가 ‘강재 가격의 급등은 철강산업 안정에 불리하다’고 발표하면서 최근 철강공업 협회는 ‘최근 가격 상승은 수요와 공급에 의한 결과가 아니다’라고 경고한 바 있다”고 설명했다.김예은 연구원은 “최근 철강주 가격이 상승세를 이어왔기 때문에 차익실현 매물이 출회된 것으로 보인다”고 말했다.다만, 박현욱 현대차투자증권 연구원은 “이달 초 중국철강협회가 철근가격 급등에는 투기자금의 유입이 배경이라고 언급하면서 선물거래소가 거래세를 0.01%에서 0.05%로 인상하기로 했다”며 “이러한 조치는 단기적으로 가격 조정을 가져올 수 있지만 철강 펀더멘털을 훼손할 요인은 아니다”고 말했다.[이선목 기자 letswin@chosunbiz.com]chosunbiz.com조선비즈 관련뉴스해당 언론사에서 선정하며 언론사 페이지(아웃링크)로 이동해 볼 수 있습니다.민영 교도소 차리고 \'떼돈\'…한해 매출 2.5조""3000만원 싸게"" 집 회수하는 다주택자들""한국 가지 말라니깐…"" 골치 아픈 중국무조건 사드 탓? 중국인에 난리 난 \'한국 제품\'""내 돈 어떡해""…용산땅 사들인 건설사 망연자실좋아요0훈훈해요0슬퍼요0화나요0후속기사 원해요0기사제공 :']"
19,삼성전자, 2017-08-2311:19,연합뉴스 ,삼성전자 온양공장 2년간 1억4천400만원 후원,https://finance.naver.com/news/news_read.nhn?article_id=0009492503&office_id=001&mode=search&query=삼성전자&page=6,"[""       삼성전자 온양공장 2년간 1억4천400만원 후원      기사입력2017-08-23 11:19기사원문좋아요훈훈해요좋아요 평가하기공감좋아요0훈훈해요0슬퍼요0화나요0후속기사 원해요0댓글    (서울=연합뉴스) 삼성전자 온양캠퍼스(반도체공장)는 충남 아산시에 2년간 1억4천400만원을 지원하는 '디딤씨앗통장(CDA)' 후원을 하기로 했다고 23일 전했다. 사진은 후원금 전달식에서 관계자들이 기념촬영하는 모습. 2017.8.23 [아산시 제공=연합뉴스]최신 유행 트렌드 총집결(클릭!)연합뉴스 관련뉴스해당 언론사에서 선정하며 언론사 페이지(아웃링크)로 이동해 볼 수 있습니다.\xa0이영애, K-9 훈련 순직 李상사 아들 학비 전액지원\xa0'45일간 호미질'로 40ｍ 땅굴 파 송유관 기름 훔쳐\xa0성희롱 피해 신입 여경…되레 곤혹스런 처지, 왜?\xa0사형 집행 4시간 전 집행 정지 명령 '십년감수'\xa011살 맏형 기지에 꼬마 삼형제 지진서 극적생환좋아요0훈훈해요0슬퍼요0화나요0후속기사 원해요0기사제공 :""]"
0,삼성전자, 2017-08-2311:18,이데일리 ,"최양하 한샘 회장, 자사주 보유 1위 전문경영인",https://finance.naver.com/news/news_read.nhn?article_id=0003904600&office_id=018&mode=search&query=삼성전자&page=7,"['       최양하 한샘 회장, 자사주 보유 1위 전문경영인      기사입력2017-08-23 11:18기사원문좋아요훈훈해요좋아요 평가하기공감좋아요0훈훈해요0슬퍼요0화나요0후속기사 원해요0댓글- 최양하-이재경-차석용 순으로 자사주 보유 많아- 권오현 부회장 30억원..박진수 부회장은 22억원[이데일리 윤종성 기자] 최양하 한샘(009240) 회장이 국내 500대 기업 CEO(전문경영인) 가운데 자사주 보유액 1위에 올랐다. 23일 기업 경영성과 평가사이트 CEO스코어가 조사한 결과, 국내 500대 기업 전문경영인 166명(오너일가 제외)의 자사주 보유액은 총 2413억원으로 집계됐다.자사주 보유액이 1억원이 넘는 전문경영인은 111명으로 전체의 66.9%였다. 이밖에 △5억원 이상은 23.5%(39명) △10억 원 이상은 11.4%(19명)로 조사됐다. 자사주 보유액이 가장 많은 CEO는 최양하 한샘 회장으로 1585억 원에 달했다. 2위인 이재경 두산(000150) 부회장(79억 원)과 비교해도 20배에 달한다.3위는 61억원의 차석용 LG생활건강(051900) 부회장이었다. 한때 차 부회장의 자사주 보유액은 250억원 수준이었으나, 2013~2014년 보통주 4만여 주를 매각하면서 줄었다.4~10위까지는 김정남 동부화재(005830) 사장(56억 원), 김용범 메리츠화재(000060) 사장(37억 원), 최현만 미래에셋대우(006800) 수석부회장(34억 원), 권오현 삼성전자(005930) 부회장(30억 원), 이윤재 흥아해운(003280) 회장(23억 원), 박진수 LG화학(051910) 부회장(22억 원), 박재구 BGF리테일(027410) 사장(22억 원) 등이 차지했다. 이밖에 조웅기 미래에셋대우 사장(15억원), 박윤식 한화손보 사장(14억 원), 권영식 넷마블게임즈 집행임원, 정유성 삼성SDS 사장(13억 원), 김신 삼성물산 상사부문 사장(12억 원), 강학서 현대제철 사장(12억 원), 이강훈 오뚜기 사장(11억 원), 이원희 현대자동차 사장(10억 원), 서승화 한국타이어 부회장(10억 원), 한성숙 네이버 사장(10억 원) 등도 자사주 보유액이 10억원을 넘었다. 한편, 한국항공우주산업(KAI) 방산비리 사태로 지난달 사임해 현재 검찰 수사를 받고 있는 하성용 전 사장은 자사주 보유액이 5억5000만 원으로 집계됐다. 윤종성 (jsyoon@edaily.co.kr)▶심쿵유발 스타 화보 [핫포토]▶[페이스북] 보러가기~♥ | [카카오톡] 플친 맺기~♥＜ⓒ종합 경제정보 미디어 이데일리 - 무단전재 & 재배포 금지＞이데일리 관련뉴스해당 언론사에서 선정하며 언론사 페이지(아웃링크)로 이동해 볼 수 있습니다.한명숙 새로운 세상 드디어 만나..당당하게 살아갈 것(종합)유아휴직수당 인상하면 뭐하나…임신하니 나가라는 회사가게 팔아도 빚 못갚는 자영업자 12만 \'시한폭탄\'현대차 ""미국시장 겨냥 픽업트럭 출시""규제 전 분양권 샀는데..… \'중도금 대출 불가\'에 뿔난 실수요자좋아요0훈훈해요0슬퍼요0화나요0후속기사 원해요0기사제공 :']"
1,삼성전자, 2017-08-2311:11,머니S ,"미래에셋대우, ‘텐센트-삼성전자’ ELS 판매",https://finance.naver.com/news/news_read.nhn?article_id=0000266569&office_id=417&mode=search&query=삼성전자&page=7,"['       미래에셋대우, ‘텐센트-삼성전자’ ELS 판매      기사입력2017-08-23 11:11기사원문좋아요훈훈해요좋아요 평가하기공감좋아요0훈훈해요0슬퍼요0화나요0후속기사 원해요0댓글 미래에셋대우는 지난 22일부터 텐센트와 삼성전자 주식을 기초자산으로 하는 ELS(주가연계증권)를 판매하고 있다고 23일 밝혔다.이번에 판매하는 ‘제21508회 텐센트(Tencent)-삼성전자 원금 90% 부분지급 조기상환형 해외주식 ELS’는 만기 1년 상품으로 조기상환평가일(3, 6, 9개월)에 모든 기초자산이 최초기준가격의 102% 이상이면 연 15%의 수익을 제공한다.조기상환조건을 충족시키지 못한 경우 만기평가일(12개월)에 두 기초자산(텐센트, 삼성전자)의 만기평가가격이 모두 최초기준가격보다 상승했다면, 기초자산 상승률이 낮은 종목의 상승률 만큼을 수익으로 지급한다.만기평가일에 두 기초자산 중 어느 하나라도 만기 평가가격이 최초 기준가격보다 떨어졌다면 최대 10%까지 원금 손실이 있을 수 있다.이번 상품은 홍콩증권거래소에 상장된 해외주식을 기초자산으로 하지만 원화로 청약하고 원화로 만기상환을 받기 때문에 해외 통화 환전이 필요 없다. 또한, 별도의 환헤지가 필요 없고 환율에 의한 수익 변동도 없다.미래에셋대우 관계자는 “글로벌 투자로 자산을 배분하면서 혹시 모를 하락 위험도 관리할 필요가 있다”며 “원금 90% 부분지급 조기상환형 해외주식 ELS는 위험관리가 가능하면서 4차 산업혁명으로 대표되는 글로벌 우량주식에 투자해 수익을 추구할 수 있는 투자솔루션”이라고 말했다.장효원 기자 specialjhw@mt.co.kr머니S 관련뉴스해당 언론사에서 선정하며 언론사 페이지(아웃링크)로 이동해 볼 수 있습니다.신동진 아나운서 ""신동호 국장, 개인 이익위해 동료 팔아… 즉각 사퇴해야""스페인 경찰, 바르셀로나 테러 밴차량 운전자 사살태풍 하토, 대만 인근서 이동… 홍콩·베트남 등 이번주 영향권""강남역 살인 사건 범인, 5억원 배상하라""… 피해자 부모 손배소 승소삼성, 싸이월드에 투자… 서비스 도입 여부는 \'미정\'좋아요0훈훈해요0슬퍼요0화나요0후속기사 원해요0기사제공 :']"
2,삼성전자, 2017-08-2311:08,헤럴드경제 ,갤럭시노트 8 공개 D-1…부품주에 쏠리는 눈,https://finance.naver.com/news/news_read.nhn?article_id=0001280617&office_id=016&mode=search&query=삼성전자&page=7,"['       갤럭시노트 8 공개 D-1…부품주에 쏠리는 눈      기사입력2017-08-23 11:08기사원문좋아요훈훈해요좋아요 평가하기공감좋아요0훈훈해요0슬퍼요0화나요0후속기사 원해요0댓글삼성전기·삼성SDI·해성옵틱스 부각갤럭시노트8 공개를 하루 앞두고 시장에서는 부품주에 관심이 주목되고 있다. 삼성전자가 올 상반기 출시한 갤럭시S8에 이어‘갤럭시노트8’까지 흥행할 경우 삼성전자 부품 협력사들은 올 하반기에도 실적 상승세가 이어질 것으로 예상된다. 23일 한국거래소에 따르면 삼성전자는 22일 전일 대비 8000원(0.34%) 오른 235만원에 거래를 마쳤다. 반면 부품주인 삼성SDI와 삼성전기의 경우 각각 3.92%, 0.41% 상승했고, 지난달 말 대비로도 각각 10.09%, 5.76%올랐다. 최근 삼성전자보다는 관련 부품주들의 상승세가 돋보이고 있다. 갤럭시노트8 특징은 ▲신뢰성(안전성) 회복 ▲듀얼 카메라 채택 예상 ▲홈버튼을 제거한 전면 디스플레이(베젤리스) 적용 ▲인공지능 비서 빅스비 확대 ▲S펜을 적용한 갤럭시노트 차별화 유지 등이다.갤럭시노트8은 삼성 스마트폰 가운데 처음으로 듀얼카메라를 탑재할 것으로 알려져 있다. 이에 전체 물량의 약 70%를 공급할 것으로 보이는 삼성전기에 관심이 높아지고 있다. 그동안 삼성전기는 삼성 플래그십 모델 후면 카메라 양산을 맡았기 때문에 듀얼카메라 수요가 커질수록 매출도 높아질 것으로 예상된다. 내년에는 기판사업부의 실적 개선도 기대가 크다. 삼성SDI도 갤럭시노트8을 비롯한 하반기 플래그쉽 신모델 출시에 따라 소형전지의 수익성이 개선될 것으로 예상하고 있다.어규진 이베스트투자증권 연구원은 “삼성SDI의 3분기 실적은 매출액 1조6000억원, 영업이익 185억원으로 실적 개선세가 지속될 전망”이라고 밝혔다.중소형주 부품주들 중에서는 해성옵틱스, 옵트론텍, 자화전자 등 듀얼 카메라 관련 업체들도 주목받고 있다. 옵트론텍과 자화전자도 각각 2.97%, 3.17% 이상 올랐다. 이는 지난달 말 보다 각각 8.72% 4.56% 주가가 상승했다.박강호 대신증권 연구원은 “삼성전자의 듀얼 카메라 채택이 본격화되면서 관련 부품업체의 2018년 실적 호조를 거둘 것”이라고 밝혔다. 관련 부품업체 가운데 해성옵틱스는 이날 3.61%, 지난달 말 대비 14.67% 상승했다. 해성옵틱스는 듀얼 카메라 수혜가 기대되는 가장 저평가된 IT부품사라는 분석이다.이외에도 파워로직스가 갤럭시노트8 전면 카메라모듈 주력 공급사(메인 벤더)로 선정됐고, 캠시스가 세컨 벤더로 선정된 것으로 알려져 기대감을 높이고 있다.\xa0김나래 기자/ticktock@heraldcorp.com▶영감이란 불꽃에 타오르게할 스토리(INSPIRE)▶앞서가는 젊은 경제신문 친구맺기 ▶오늘의 운세 날씨 - Copyrights ⓒ 헤럴드경제 & heraldbiz.com, 무단 전재 및 재배포 금지 -헤럴드경제 관련뉴스해당 언론사에서 선정하며 언론사 페이지(아웃링크)로 이동해 볼 수 있습니다.김성경 ""어릴 땐 언니보다 예뻐""…김성령 향한 열등감이사강 사마귀턱,쌍꺼풀에 \'성형 의혹\' 재부상\'릴리안 생리대\' 집단소송 관심 폭증…이틀새 2000명UFC \'비양심 챔프\' 존 존스, 또 약물…박탈 초읽기갤럭시노트8 D-1…""탄탄한 노트 마니아층 재결집""좋아요0훈훈해요0슬퍼요0화나요0후속기사 원해요0기사제공 :']"
3,삼성전자, 2017-08-2311:02,헤럴드경제 ,"삼성전자, ‘모바일 교육 버스’로 미얀마 어린이들의 미래 꿈 이어 나간다",https://finance.naver.com/news/news_read.nhn?article_id=0001280608&office_id=016&mode=search&query=삼성전자&page=7,"['       삼성전자, ‘모바일 교육 버스’로 미얀마 어린이들의 미래 꿈 이어 나간다      기사입력2017-08-23 11:02기사원문좋아요훈훈해요좋아요 평가하기공감좋아요0훈훈해요0슬퍼요0화나요0후속기사 원해요0댓글- 400만명에 달하는 소외 계층 어린이들을 찾아가는 교육 버스 운영[헤럴드경제=정순식 기자]삼성전자가 미얀마 소외 계층 어린이들을 위해 특별한 교육 프로그램인 ‘삼성 모바일 교육 버스’를 운영한다.삼성전자는 2015년부터 미얀마에서 ‘삼성 모바일 교육 버스’를 운영해 왔으며, 이달부터는 수업 공간에 별도의 주방 공간까지 갖춘 신형 교육 버스와 스마트 TV, 갤럭시 탭을 추가로 지원해 총 3대의 교육 버스를 운영한다.‘삼성 모바일 교육 버스’는 약 400만명에 달하는 미얀마 소외 계층 어린이들이 학교에 가지 못하고 일하는 현실에서 착안됐다. 이런 현실 속에서 어린이들이 필요한 기술을 배우고 더 나은 미래 꿈을 실현할 수 있는 기회를 제공하기 위해 아침부터 늦은 밤까지 일터와 거리를 떠나지 못하는 아이들을 버스가 직접 찾아가 교육을 진행한다.‘삼성 모바일 교육 버스’는 전문교사와 함께 미얀마어, 영어, 수학, 컴퓨터 등 정규 교육과 함께 일상 생활에 지친 어린이들을 위해 다양한 놀이 수업도 같이 실시하고 있다. 특히, 이달부터 새롭게 지원되는 교육 버스는 수업 공간뿐 아니라, 별도의 주방 공간까지 갖춰 교육의 폭을 넓힌 것이 특징이다.삼성전자는 버스에 마련된 주방 공간에서 아이들이 직접 음식을 만들고 먹는 요리 프로그램을 운영하며, 동시에 미얀마 소외 지역의 여성들에게도 식품 안전과 위생, 요리 수업을 실시할 예정이다.또한, 스마트 TV와 신형 갤럭시 탭을 지원해 미얀마 어린이들이 최신 IT 기술을 체험하고 창의성을 높일 수 있도록 했다. sun@heraldcorp.com▶영감이란 불꽃에 타오르게할 스토리(INSPIRE)▶앞서가는 젊은 경제신문 친구맺기 ▶오늘의 운세 날씨 - Copyrights ⓒ 헤럴드경제 & heraldbiz.com, 무단 전재 및 재배포 금지 -헤럴드경제 관련뉴스해당 언론사에서 선정하며 언론사 페이지(아웃링크)로 이동해 볼 수 있습니다.김성경 ""어릴 땐 언니보다 예뻐""…김성령 향한 열등감이사강 사마귀턱,쌍꺼풀에 \'성형 의혹\' 재부상\'릴리안 생리대\' 집단소송 관심 폭증…이틀새 2000명UFC \'비양심 챔프\' 존 존스, 또 약물…박탈 초읽기갤럭시노트8 D-1…""탄탄한 노트 마니아층 재결집""좋아요0훈훈해요0슬퍼요0화나요0후속기사 원해요0기사제공 :']"
4,삼성전자, 2017-08-2311:02,매일경제 ,"삼성전자, 미얀마 소외 계층 어린이 위해 `모바일 교육버스` 운영",https://finance.naver.com/news/news_read.nhn?article_id=0004001125&office_id=009&mode=search&query=삼성전자&page=7,"['       삼성전자, 미얀마 소외 계층 어린이 위해 `모바일 교육버스` 운영      기사입력2017-08-23 11:02기사원문좋아요훈훈해요좋아요 평가하기공감좋아요0훈훈해요0슬퍼요0화나요0후속기사 원해요0댓글 21일 미얀마 양곤에 위치한 한 공장을 방문한 \'삼성 모바일 교육 버스\'에서 미얀마어, 영어, 수학 등 기초 교육을 받으며 어린이들이 즐거워 하고 있다.[사진제공 : 삼성전자] 삼성전자는 미얀마 소외 계층 어린이들을 위해 특별한 교육 프로그램인 \'삼성 모바일 교육 버스\'를 운영한다고 23일 밝혔다.삼성전자는 2015년부터 미얀마에서 \'삼성 모바일 교육 버스\'를 운영해 왔으며 이달부터 수업 공간에 별도의 주방 공간까지 갖춘 신형 교육 버스와 스마트 TV, 갤럭시 탭을 추가로 지원해 총 3대의 교육 버스를 운영한다.\'삼성 모바일 교육 버스\'는 약 400만명에 달하는 미얀마 소외 계층 어린이들이 학교에 가지 못하고 일하고 있는 현실에서 착안됐다. \'삼성 모바일 교육 버스\'는 전문교사와 함께 미얀마어, 영어, 수학, 컴퓨터 등 정규 교육과 함께 일상 생활에 지친 어린이들을 위해 다양한 놀이 수업도 병행 실시하고 있다.특히, 이달부터 새롭게 지원되는 교육 버스는 수업 공간뿐 아니라, 별도의 주방 공간까지 갖춰 교육의 폭을 넓힌 것이 특징이다.삼성전자는 버스에 마련된 주방 공간에서 아이들이 직접 음식을 만들고 먹는 요리 프로그램을 운영하고, 동시에 미얀마 소외 지역의 여성들에게도 식품 안전과 위생, 요리 수업을 실시할 예정이다.또한, 스마트 TV와 신형 갤럭시 탭을 추가로 지원해 미얀마 어린이들이 최신 IT 기술을 체험하고 창의성을 높일 수 있도록 했다.삼성전자 동남아총괄 이상철 부사장은 ""앞으로도 미래 성장 가능성이 높은 미얀마 뿐만 아니라 동남아 지역의 소외 계층 지원을 위해 최선을 다할 것""이라고 말했다.[디지털뉴스국 이상규 기자][매일경제 공식 페이스북] [오늘의 인기뉴스] [매경 프리미엄][ⓒ 매일경제 & mk.co.kr, 무단전재 및 재배포 금지]매일경제 관련뉴스해당 언론사에서 선정하며 언론사 페이지(아웃링크)로 이동해 볼 수 있습니다.아이비, \'8살 연하남친 고은성\' 홀린 특급 글래머 몸매[아하 이렇구나] 만약 전쟁나면 은행에 맡겨 둔 내 돈의 운명은?문지애 득남…""MBC 제작거부 아나운서 응원""인스타에서 \'명품 자랑\' 美재무장관 부인 결국…서예지, \'파격 노출\' 시선집중 ""베이글녀가 따로 없네""좋아요0훈훈해요0슬퍼요0화나요0후속기사 원해요0기사제공 :']"
5,삼성전자, 2017-08-2311:01,연합뉴스 ,"삼성전자, 미얀마서 '모바일 교육 버스' 운영",https://finance.naver.com/news/news_read.nhn?article_id=0009492383&office_id=001&mode=search&query=삼성전자&page=7,"[""       삼성전자, 미얀마서 '모바일 교육 버스' 운영      기사입력2017-08-23 11:01기사원문좋아요훈훈해요좋아요 평가하기공감좋아요0훈훈해요0슬퍼요0화나요0후속기사 원해요0댓글    (서울=연합뉴스) 삼성전자가 미얀마 소외 계층 어린이들을 위해 '삼성 모바일 교육 버스'를 운영하고 스마트 TV, 갤럭시 탭을 지원한다고 23일 전했다. 사진은 지난 21일 미얀마 양곤의 한 공장을 방문한 '삼성 모바일 교육 버스'에서 어린이들이 미얀마어·영어·수학 등 기초 교육을 받는 모습. 2017.8.23 [삼성전자 제공=연합뉴스]     photo@yna.co.kr최신 유행 트렌드 총집결(클릭!)연합뉴스 관련뉴스해당 언론사에서 선정하며 언론사 페이지(아웃링크)로 이동해 볼 수 있습니다.\xa0이영애, K-9 훈련 순직 李상사 아들 학비 전액지원\xa0'45일간 호미질'로 40ｍ 땅굴 파 송유관 기름 훔쳐\xa0성희롱 피해 신입 여경…되레 곤혹스런 처지, 왜?\xa0사형 집행 4시간 전 집행 정지 명령 '십년감수'\xa011살 맏형 기지에 꼬마 삼형제 지진서 극적생환좋아요0훈훈해요0슬퍼요0화나요0후속기사 원해요0기사제공 :""]"
6,삼성전자, 2017-08-2311:01,연합뉴스 ,"삼성전자, 미얀마서 '모바일 교육 버스' 운영",https://finance.naver.com/news/news_read.nhn?article_id=0009492385&office_id=001&mode=search&query=삼성전자&page=7,"[""       삼성전자, 미얀마서 '모바일 교육 버스' 운영      기사입력2017-08-23 11:01기사원문좋아요훈훈해요좋아요 평가하기공감좋아요0훈훈해요0슬퍼요0화나요0후속기사 원해요0댓글    (서울=연합뉴스) 삼성전자가 미얀마 소외 계층 어린이들을 위해 '삼성 모바일 교육 버스'를 운영하고 스마트 TV, 갤럭시 탭을 지원한다고 23일 전했다. 사진은 지난 21일 미얀마 양곤의 한 공장을 방문한 '삼성 모바일 교육 버스' 앞에서 어린이들이 기념촬영하는 모습. 2017.8.23 [삼성전자 제공=연합뉴스]    photo@yna.co.kr최신 유행 트렌드 총집결(클릭!)연합뉴스 관련뉴스해당 언론사에서 선정하며 언론사 페이지(아웃링크)로 이동해 볼 수 있습니다.\xa0이영애, K-9 훈련 순직 李상사 아들 학비 전액지원\xa0'45일간 호미질'로 40ｍ 땅굴 파 송유관 기름 훔쳐\xa0성희롱 피해 신입 여경…되레 곤혹스런 처지, 왜?\xa0사형 집행 4시간 전 집행 정지 명령 '십년감수'\xa011살 맏형 기지에 꼬마 삼형제 지진서 극적생환좋아요0훈훈해요0슬퍼요0화나요0후속기사 원해요0기사제공 :""]"
7,삼성전자, 2017-08-2311:01,연합뉴스 ,"삼성전자, 미얀마서 '모바일 교육 버스' 운영",https://finance.naver.com/news/news_read.nhn?article_id=0009492381&office_id=001&mode=search&query=삼성전자&page=7,"[""       삼성전자, 미얀마서 '모바일 교육 버스' 운영      기사입력2017-08-23 11:01기사원문좋아요훈훈해요좋아요 평가하기공감좋아요0훈훈해요0슬퍼요0화나요0후속기사 원해요0댓글    (서울=연합뉴스) 삼성전자가 미얀마 소외 계층 어린이들을 위해 '삼성 모바일 교육 버스'를 운영하고 스마트 TV, 갤럭시 탭을 지원한다고 23일 전했다. 사진은 지난 21일 미얀마 양곤의 한 공장을 방문한 '삼성 모바일 교육 버스'에서 어린이들이 미얀마어·영어·수학 등 기초 교육을 받는 모습. 2017.8.23 [삼성전자 제공=연합뉴스]     photo@yna.co.kr최신 유행 트렌드 총집결(클릭!)연합뉴스 관련뉴스해당 언론사에서 선정하며 언론사 페이지(아웃링크)로 이동해 볼 수 있습니다.\xa0이영애, K-9 훈련 순직 李상사 아들 학비 전액지원\xa0'45일간 호미질'로 40ｍ 땅굴 파 송유관 기름 훔쳐\xa0성희롱 피해 신입 여경…되레 곤혹스런 처지, 왜?\xa0사형 집행 4시간 전 집행 정지 명령 '십년감수'\xa011살 맏형 기지에 꼬마 삼형제 지진서 극적생환좋아요0훈훈해요0슬퍼요0화나요0후속기사 원해요0기사제공 :""]"
8,삼성전자, 2017-08-2311:01,이데일리 ,[포토] 삼성 모바일 교육 버스 탄 미얀마 소녀들의 환한 웃음,https://finance.naver.com/news/news_read.nhn?article_id=0003904563&office_id=018&mode=search&query=삼성전자&page=7,"['       [포토] 삼성 모바일 교육 버스 탄 미얀마 소녀들의 환한 웃음      기사입력2017-08-23 11:01기사원문좋아요훈훈해요좋아요 평가하기공감좋아요0훈훈해요0슬퍼요0화나요0후속기사 원해요0댓글지난 21일 미얀마 양곤에 있는 한 공장을 방문한 ‘삼성 모바일 교육 버스’에서 미얀마어, 영어, 수학 등 기초 교육을 받으며 어린이들이 즐거워 하고 있다. [삼성전자 제공]양희동 (eastsun@edaily.co.kr)▶심쿵유발 스타 화보 [핫포토]▶[페이스북] 보러가기~♥ | [카카오톡] 플친 맺기~♥＜ⓒ종합 경제정보 미디어 이데일리 - 무단전재 & 재배포 금지＞이데일리 관련뉴스해당 언론사에서 선정하며 언론사 페이지(아웃링크)로 이동해 볼 수 있습니다.한명숙 새로운 세상 드디어 만나..당당하게 살아갈 것(종합)유아휴직수당 인상하면 뭐하나…임신하니 나가라는 회사가게 팔아도 빚 못갚는 자영업자 12만 \'시한폭탄\'현대차 ""미국시장 겨냥 픽업트럭 출시""규제 전 분양권 샀는데..… \'중도금 대출 불가\'에 뿔난 실수요자좋아요0훈훈해요0슬퍼요0화나요0후속기사 원해요0기사제공 :']"
9,삼성전자, 2017-08-2311:01,이데일리 ,"삼성전자, 미얀마 소외계층 어린이 위한 `모바일 교육 버스` 운영",https://finance.naver.com/news/news_read.nhn?article_id=0003904559&office_id=018&mode=search&query=삼성전자&page=7,"['       삼성전자, 미얀마 소외계층 어린이 위한 `모바일 교육 버스` 운영      기사입력2017-08-23 11:01기사원문좋아요훈훈해요좋아요 평가하기공감좋아요0훈훈해요0슬퍼요0화나요0후속기사 원해요0댓글- 400만명 달하는 소외 계층 어린이 찾아 다양한 교육- 스마트 TV와 갤럭시 탭을 통해 최신 IT 기술 체험- 버스 내 주방 공간서 식품 안전, 위생, 요리 수업삼성전자가 이달부터 미얀마 소외 계층 어린이들을 위한 특별 교육 프로그램인 ‘삼성 모바일 교육 버스’를 운영한다. 미얀마 어린이들이 교육 버스 앞에서 갤럭시탭을 들고 환하게 웃고 있다. [삼성전자 제공][이데일리 양희동 기자] 삼성전자(005930)가 미얀마 소외 계층 어린이들을 위한 특별한 교육 프로그램인 ‘삼성 모바일 교육 버스’를 운영한다고 23일 밝혔다.삼성전자는 지난 2015년부터 미얀마에서 삼성 모바일 교육 버스를 운영해 왔다. 올해는 이달부터 수업 공간에 별도의 주방까지 갖춘 신형 교육 버스와 스마트 TV, 갤럭시 탭을 추가로 지원해 모두 3대의 버스를 투입했다.이 프로그램은 약 400만명에 달하는 미얀마 소외 계층 어린이들이 학교에 가지 못하고 일을 하고 있는 현실에서 착안됐다.삼성전자는 이런 현실 속에서 어린이들이 필요한 기술을 배우고 더 나은 미래 꿈을 실현할 수 있는 기회를 제공하기 위해, 아침부터 늦은 밤까지 일터와 거리를 떠나지못하는 아이들을 버스로 직접 찾아가 교육을 진행한다. 버스에서는 전문교사와 함께 미얀마어, 영어, 수학, 컴퓨터 등 정규 교육과 일상 생활에 지친 어린이들을 위해 다양한 놀이 수업도 함께 실시하고 있다. 이번에 새로 지원되는 교육 버스는 수업 공간뿐 아니라, 주방 공간을 따로 마련해 교육의 폭을 넓힌 것이 특징이다.삼성전자는 버스에 마련된 주방 공간에서 아이들이 직접 음식을 만들고 먹는 요리 프로그램을 운영한다. 또 미얀마 소외 지역 여성들에게도 식품 안전과 위생, 요리 수업을 실시할 예정이다. 여기에 스마트 TV와 신형 갤럭시 탭을 추가로 지원해 미얀마 어린이들이 최신 IT 기술을 체험하고 창의성을 높일 수 있도록 했다.2012년 미얀마에 처음 진출한 삼성전자는 다양한 사회공헌과 마케팅 활동을 전개하며 사랑받는 브랜드로 성장하고 있다. 2013년에는 미얀마 동남아시안게임의 메인 스폰서로 참여했으며, 2014년에는 K-POP을 좋아하는 젊은 소비자들을 위해 ‘갤럭시 투어 콘서트’를 개최하기도 했다.지난해 말부터 미얀마 젊은이들에게 꿈과 희망을 선사하는 K-POP 오디션 프로그램 ‘갤럭시 스타’를 운영하고 있다. 올해는 미얀마의 전국 고등학생을 대상으로 하는 ‘삼성 퀴즈 쇼’를 진행, 미래 인재 발굴에도 나서고 있다.이상철 삼성전자 동남아총괄 부사장은 “앞으로도 미래 성장 가능성이 높은 미얀마 뿐만 아니라 동남아 지역의 소외 계층 지원을 위해 최선을 다하겠다”고 말했다.양희동 (eastsun@edaily.co.kr)▶심쿵유발 스타 화보 [핫포토]▶[페이스북] 보러가기~♥ | [카카오톡] 플친 맺기~♥＜ⓒ종합 경제정보 미디어 이데일리 - 무단전재 & 재배포 금지＞이데일리 관련뉴스해당 언론사에서 선정하며 언론사 페이지(아웃링크)로 이동해 볼 수 있습니다.한명숙 새로운 세상 드디어 만나..당당하게 살아갈 것(종합)유아휴직수당 인상하면 뭐하나…임신하니 나가라는 회사가게 팔아도 빚 못갚는 자영업자 12만 \'시한폭탄\'현대차 ""미국시장 겨냥 픽업트럭 출시""규제 전 분양권 샀는데..… \'중도금 대출 불가\'에 뿔난 실수요자좋아요0훈훈해요0슬퍼요0화나요0후속기사 원해요0기사제공 :']"
10,삼성전자, 2017-08-2311:00,이데일리 ,[포토] 미얀마 양곤서 삼성 모바일 교육 버스 찾은 어린이들,https://finance.naver.com/news/news_read.nhn?article_id=0003904558&office_id=018&mode=search&query=삼성전자&page=7,"['       [포토] 미얀마 양곤서 삼성 모바일 교육 버스 찾은 어린이들      기사입력2017-08-23 11:00기사원문좋아요훈훈해요좋아요 평가하기공감좋아요0훈훈해요0슬퍼요0화나요0후속기사 원해요0댓글지난 21일 미얀마 양곤에 위치한 한 공장을 방문한 ‘삼성 모바일 교육 버스’에서 미얀마어, 영어, 수학 등 기초 교육을 받으며 어린이들이 즐거워 하고 있다. [삼성전자 제공]양희동 (eastsun@edaily.co.kr)▶심쿵유발 스타 화보 [핫포토]▶[페이스북] 보러가기~♥ | [카카오톡] 플친 맺기~♥＜ⓒ종합 경제정보 미디어 이데일리 - 무단전재 & 재배포 금지＞이데일리 관련뉴스해당 언론사에서 선정하며 언론사 페이지(아웃링크)로 이동해 볼 수 있습니다.한명숙 새로운 세상 드디어 만나..당당하게 살아갈 것(종합)유아휴직수당 인상하면 뭐하나…임신하니 나가라는 회사가게 팔아도 빚 못갚는 자영업자 12만 \'시한폭탄\'현대차 ""미국시장 겨냥 픽업트럭 출시""규제 전 분양권 샀는데..… \'중도금 대출 불가\'에 뿔난 실수요자좋아요0훈훈해요0슬퍼요0화나요0후속기사 원해요0기사제공 :']"
11,삼성전자, 2017-08-2311:00,뉴시스 ,"삼성전자, 미얀마 '모바일 교육 버스' 강화",https://finance.naver.com/news/news_read.nhn?article_id=0008135471&office_id=003&mode=search&query=삼성전자&page=7,"['       삼성전자, 미얀마 \'모바일 교육 버스\' 강화      기사입력2017-08-23 11:00기사원문좋아요훈훈해요좋아요 평가하기공감좋아요0훈훈해요0슬퍼요0화나요0후속기사 원해요0댓글【서울=뉴시스】김지은 기자 = 삼성전자가 미얀마 소외 계층 어린이들을 위한 교육 프로그램 \'삼성 모바일 교육 버스\'를 강화 운영한다고 23일 밝혔다.  삼성전자는 2015년부터 미얀마에서 \'삼성 모바일 교육 버스\'를 운영해 왔다. 이달부터는 수업 공간에 별도의 주방 공간까지 갖춘 신형 교육 버스와 스마트 TV, 갤럭시 탭을 추가 지원해 총 3대의 교육 버스를 운영한다.  삼성 모바일 교육 버스는 약 400만명에 달하는 미얀마 소외 계층 어린이들이 학교에 가지 못하고 일하고 있는 현실에서 착안한 프로그램이다.  이같은 상황에서 어린이들이 필요한 기술을 배우고 더 나은 미래를 실현할 기회를 제공하고자 삼성전자는 아침부터 늦은 밤까지 일터와 거리를 떠나지 못하는 아이들을 버스로 직접 찾아가 교육을 진행한다.  삼성 모바일 교육 버스는 전문교사와 함께 미얀마어, 영어, 수학, 컴퓨터 등 정규 교육과 함께 일상 생활에 지친 어린이들을 위해 다양한 놀이 수업도 병행 실시한다.  특히 이번에 새롭게 버스에 마련된 주방 공간에서 아이들이 직접 음식을 만들고 먹는 요리 프로그램을 운영하고 동시에 미얀마 소외 지역의 여성들에게도 식품 안전과 위생, 요리 수업을 실시할 예정이다.  또 스마트 TV와 신형 갤럭시 탭을 추가로 지원해 미얀마 어린이들이 최신 IT 기술을 체험하고 창의성을 높일 수 있도록 했다.  이상철 삼성전자 동남아총괄 부사장은 ""앞으로도 미래 성장 가능성이 높은 미얀마 뿐만 아니라 동남아 지역의 소외 계층 지원을 위해 최선을 다할 것""이라고 말했다. whynot82@newsis.com▶ 뉴시스 빅데이터 MSI 주가시세표 바로가기 ▶ 뉴시스 SNS [페이스북] [트위터]뉴시스 관련뉴스해당 언론사에서 선정하며 언론사 페이지(아웃링크)로 이동해 볼 수 있습니다.희대의 탈주범, 교도소서 재소자 상대 성추행부흥 전문 목사, 집행유예 중 10대 소녀 또 성추행…""피해자 3명""나경원 ""개성공단 재개 이해 구한 文대통령, 핵인질 길로 들어가나""문희상, 2년 만기출소한 한명숙에 던진 한마디태국여성 20명 데려다 강제 성매매시킨 한국인 남성 체포좋아요0훈훈해요0슬퍼요0화나요0후속기사 원해요0기사제공 :']"
12,삼성전자, 2017-08-2311:00,뉴스1 ,"삼성전자, 학교 대신 일터 가는 미얀마 어린이에 교육버스 운영",https://finance.naver.com/news/news_read.nhn?article_id=0002903675&office_id=421&mode=search&query=삼성전자&page=7,"['       삼성전자, 학교 대신 일터 가는 미얀마 어린이에 교육버스 운영      기사입력2017-08-23 11:00기사원문좋아요훈훈해요좋아요 평가하기공감좋아요0훈훈해요0슬퍼요0화나요0후속기사 원해요0댓글삼성전자가 미얀마 소외 계층 어린이들을 위해 특별한 교육 프로그램인 \'삼성 모바일 교육 버스\'를 운영한다고 23일 밝혔다.(삼성전자 제공)© News1스마트 TV와 갤럭시 탭을 통해 최신 IT 기술 체험하고 창의성 높여(서울=뉴스1) 장은지 기자 = 삼성전자가 미얀마 소외 계층 어린이들을 위해 특별한 교육 프로그램인 \'삼성 모바일 교육 버스\'를 운영한다고 23일 밝혔다. 아침부터 늦은 밤까지 일터와 거리를 떠나지 못하는 아이들을 버스가 직접 찾아가 교육을 진행한다.삼성전자는 2015년부터 미얀마에서 \'삼성 모바일 교육 버스\'를 운영해 왔으며, 이달부터 수업 공간에 별도의 주방 공간까지 갖춘 신형 교육 버스와 스마트 TV, 갤럭시 탭을 추가로 지원해 총 3대의 교육 버스를 운영한다. 약 400만명에 달하는 미얀마 소외 계층 어린이들은 학교에 가지못하는 것으로 나타나 삼성전자는 어린이들이 필요한 기술을 배우고 더 나은 미래 꿈을 실현할 수 있는 기회를 제공하기 위해 프로그램을 기획했다.  전문교사와 함께 미얀마어, 영어, 수학, 컴퓨터 등 정규 교육과 함께 다양한 놀이 수업도 병행 실시하고 있다. 삼성전자는 버스에 마련된 주방 공간에서 아이들이 직접 음식을 만들고 먹는 요리 프로그램을 운영하고, 미얀마 소외 지역의 여성들에게도 식품 안전과 위생, 요리 수업을 실시할 예정이다. 스마트 TV와 신형 갤럭시 탭을 추가로 지원해 미얀마 어린이들이 최신 IT 기술을 체험하고 창의성을 높일 수 있도록 했다. 한편 2012년 미얀마에 처음 진출한 삼성전자는 다양한 사회공헌과 마케팅 활동을 전개하며 사랑받는 브랜드로 성장하고 있다. 2013년에는 미얀마 동남아시안게임의 메인 스폰서로 참여했으며, 2014년에는 K-POP을 좋아하는 젊은 소비자들을 위해 \'갤럭시 투어 콘서트\'를 개최하기도 했다. 올해는 미얀마의 전국 고등학생을 대상으로 하는 \'삼성 퀴즈 쇼\'를 진행하며 미래 인재 발굴에도 나서고 있다. 삼성전자 동남아총괄 이상철 부사장은 ""앞으로도 미래 성장 가능성이 높은 미얀마 뿐만 아니라 동남아 지역의 소외 계층 지원을 위해 최선을 다할 것""이라고 말했다.seeit@▶ 여러분의 제보를 기다립니다. 제보하기(클릭!)[© 뉴스1코리아(news1.kr), 무단 전재 및 재배포 금지]뉴스1 관련뉴스해당 언론사에서 선정하며 언론사 페이지(아웃링크)로 이동해 볼 수 있습니다.""살충제 계란 먹어라"" 한명숙 출소현장에 \'박사모\' 출몰류여해 \'데이트폭력\' 강의계획서 논란에 ""라이브 토론하자""외출 미복귀 의경 투신…남겨진 \'의문의 유서\'도박장차려 수천만원 뜯어간 서면통합파 조폭""여자 놓고 한판 붙자""…애인 술친구에 흉기 휘두른 50대좋아요0훈훈해요0슬퍼요0화나요0후속기사 원해요0기사제공 :']"
13,삼성전자, 2017-08-2311:00,뉴스1 ,'삼성 모바일 교육 버스'로 미얀마 어린이들의 미래 꿈 이어 나간다,https://finance.naver.com/news/news_read.nhn?article_id=0002903668&office_id=421&mode=search&query=삼성전자&page=7,"['       \'삼성 모바일 교육 버스\'로 미얀마 어린이들의 미래 꿈 이어 나간다      기사입력2017-08-23 11:00기사원문좋아요훈훈해요좋아요 평가하기공감좋아요0훈훈해요0슬퍼요0화나요0후속기사 원해요0댓글삼성전자가 미얀마 소외 계층 어린이들을 위해 특별한 교육 프로그램인 \'삼성 모바일 교육 버스\'를 운영한다고 23일 밝혔다. 아침부터 늦은 밤까지 일터와 거리를 떠나지 못하는 아이들을 버스가 직접 찾아가 교육을 진행한다.삼성전자는 2015년부터 미얀마에서 \'삼성 모바일 교육 버스\'를 운영해 왔으며, 이달부터 수업 공간에 별도의 주방 공간까지 갖춘 신형 교육 버스와 스마트 TV, 갤럭시 탭을 추가로 지원해 총 3대의 교육 버스를 운영한다. 지난 21일 미얀마 양곤에 위치한 한 공장을 방문한 \'삼성 모바일 교육 버스\'에서 미얀마어, 영어, 수학 등 기초 교육을 받으며 어린이들이 즐거워 하고 있다. (삼성전자 제공) 2017.8.23/뉴스1photo@▶ 여러분의 제보를 기다립니다. 제보하기(클릭!)[© 뉴스1코리아(news1.kr), 무단 전재 및 재배포 금지]뉴스1 관련뉴스해당 언론사에서 선정하며 언론사 페이지(아웃링크)로 이동해 볼 수 있습니다.""살충제 계란 먹어라"" 한명숙 출소현장에 \'박사모\' 출몰류여해 \'데이트폭력\' 강의계획서 논란에 ""라이브 토론하자""외출 미복귀 의경 투신…남겨진 \'의문의 유서\'도박장차려 수천만원 뜯어간 서면통합파 조폭""여자 놓고 한판 붙자""…애인 술친구에 흉기 휘두른 50대좋아요0훈훈해요0슬퍼요0화나요0후속기사 원해요0기사제공 :']"
14,삼성전자, 2017-08-2311:00,머니투데이 ,400만 미얀마 어린이 꿈 위해 달리는 삼성 '모바일 교육 버스',https://finance.naver.com/news/news_read.nhn?article_id=0003923502&office_id=008&mode=search&query=삼성전자&page=7,"['       400만 미얀마 어린이 꿈 위해 달리는 삼성 \'모바일 교육 버스\'      기사입력2017-08-23 11:00기사원문좋아요훈훈해요좋아요 평가하기공감좋아요0훈훈해요0슬퍼요0화나요0후속기사 원해요0댓글 [머니투데이 김성은 기자] [2015년부터 미얀마 소외 계층 어린이 위해 교육 프로그램 진행…올해 주방 공간 맞춘 신형 버스 추가 지원]21일 미얀마 양곤에 위치한 한 공장을 방문한 \'삼성 모바일 교육 버스\'에서  미얀마어, 영어, 수학 등 기초 교육을 받으며 어린이들이 즐거워 하고 있다./사진제공=삼성전자삼성전자가 미얀마 소외 계층 어린이들의 미래 꿈을 찾아주기 위한 교육 버스 사업을 확대한다. 삼성전자는 이달부터 미얀마 소외 계층 어린이들을 위한 특별 교육 프로그램인 \'삼성 모바일 교육 버스\'를 한 대 더 추가로 운영한다고 23일 밝혔다. 삼성전자는 2015년부터 이 프로그램을 운영해 왔으며 해마다 버스를 한 대씩 추가로 지원, 올해까지 총 3대의 교육 버스를 운영한다. 특히 올해 운영되는 신형 버스는 수업 공간에 별도의 주방 공간까지 갖췄으며 스마트 TV, 갤럭시 탭도 지원된다. \'삼성 모바일 교육 버스\'는 약 400만 명에 달하는 미얀마 소외 계층 어린이들이 학교에 가지 못하고 일하고 있는 현실에 착안해 마련됐다. 아침부터 늦은 밤까지 일터와 거리를 떠나지 못하는 아이들을 위해 버스가 직접 찾아가 교육을 진행한다는 아이디어로서 어린이들이 필요한 기술을 배우고 더 나은 미래 꿈을 실현할 수 있는 기회를 제공함이 목적이다. \'삼성 모바일 교육 버스\'는 전문교사와 함께 미얀마어, 영어, 수학, 컴퓨터 등 정규 교육은 물론 일상생활에 지친 어린이들을 위해 다양한 놀이 수업도 병행하고 있다. 특히 올해부터 새로 지원되는 교육버스에서는 어린이들이 직접 음식을 만들어 먹는 요리 프로그램이 운영된다. 아울러 미얀마 소외 지역의 여성들에게도 식품 안전과 위생, 요리 수업도 진행된다.이밖에 스마트 TV와 신형 갤럭시 탭을 지원, 미얀마 어린이들이 최신 IT 기술을 체험하고 창의성을 높일 수 있도록 한다는 계획이다. 한편 삼성전자는 2012년 미얀마에 처음 진출해 현재까지 다양한 사회공헌과 마케팅 활동을 펴고 있다. 2013년에 미얀마 동남아시안게임의 메인 스폰서로 참여했고, 2014년에 K-POP을 좋아하는 이들을 위한 \'갤럭시 투어 콘서트\' 등을 열었다. 지난해 말부터 미얀마 젊은이들을 대상으로 한 K-POP 오디션 프로그램인 \'갤럭시 스타\'를 운영하고 있고 올해에는 미얀마 전국 고교생을 대상으로 \'삼성 퀴즈쇼\'도 열어 미래 인재 발굴에 나섰다. 이상철 삼성전자 동남아총괄 부사장은 ""앞으로도 미래 성장 가능성이 높은 미얀마뿐만 아니라 동남아 지역의 소외 계층 지원을 위해 최선을 다할 것""이라고 말했다. TOM칼럼-깊이있는 투자정보▶무료 만화 즐기고~ 선물타자!▶ 빵빵한 차&레이싱걸▶ 김성은 기자 gttsw@mt.co.kr머니투데이 관련뉴스해당 언론사에서 선정하며 언론사 페이지(아웃링크)로 이동해 볼 수 있습니다.[포토is] ""깜짝이야!""… 여기는 지하철 대테러 훈련 현장[단독]檢 ""\'주식부자 이희진\' 피해자, 200여명 더""배우 송선미 남편, 변호사 사무실서 흉기 찔려 사망현대차 임원급여 10% 자진삭감, 과장급 동결..노조는 7%↑?\'292억 사기혐의\' 이희진 과거 언행…""집 건축비만 130억""좋아요0훈훈해요0슬퍼요0화나요0후속기사 원해요0기사제공 :']"
15,삼성전자, 2017-08-2311:00,데일리안 ,"삼성전자, 미얀마서 소외계층 어린이 대상 ‘모바일 교육 버스’ 운영",https://finance.naver.com/news/news_read.nhn?article_id=0002205756&office_id=119&mode=search&query=삼성전자&page=7,"['       삼성전자, 미얀마서 소외계층 어린이 대상 ‘모바일 교육 버스’ 운영      기사입력2017-08-23 11:00기사원문좋아요훈훈해요좋아요 평가하기공감좋아요0훈훈해요0슬퍼요0화나요0후속기사 원해요0댓글미얀마 어린이들이 21일 수도 양곤에 위치한 한 공장을 방문한 \'삼성 모바일 교육 버스\'에서 미얀마어, 영어, 수학 등 기초 교육을 받으며 즐거워 하고 있다.ⓒ삼성전자삼성전자가 미얀마 소외 계층 어린이들을 위해 특별한 교육 프로그램인 \'삼성 모바일 교육 버스\'를 운영한다고 23일 밝혔다.삼성전자는 지난 2015년부터 미얀마에서 \'삼성 모바일 교육 버스\'를 운영해 왔는데 이달부터 수업 공간에 별도의 주방 공간까지 갖춘 신형 교육 버스와 스마트TV, 갤럭시 탭을 추가로 지원해 총 3대의 교육 버스를 운영한다.\'삼성 모바일 교육 버스\'는 약 400만명에 달하는 미얀마 소외 계층 어린이들이 학교에 가지 못하고 일하고 있는 현실에서 착안됐다.삼성전자는 이런 현실 속에서 어린이들이 필요한 기술을 배우고 더 나은 미래 꿈을 실현할 수 있는 기회를 제공하기 위해 아침부터 늦은 밤까지 일터와 거리를 떠나지 못하는 아이들을 버스가 직접 찾아가 교육을 진행한다.\'삼성 모바일 교육 버스\'는 전문교사와 함께 미얀마어·영어·수학·컴퓨터 등 정규 교육과 함께 일상 생활에 지친 어린이들을 위해 다양한 놀이 수업도 병행 실시하고 있다.특히 이 달부터 새롭게 지원되는 교육 버스는 수업 공간뿐 아니라, 별도의 주방 공간까지 갖춰 교육의 폭을 넓힌 것이 특징이다.삼성전자는 버스에 마련된 주방 공간에서 아이들이 직접 음식을 만들고 먹는 요리 프로그램을 운영하고, 동시에 미얀마 소외 지역의 여성들에게도 식품 안전과 위생, 요리 수업을 실시할 예정이다.또 스마트 TV와 신형 갤럭시 탭을 추가로 지원해 미얀마 어린이들이 최신 IT 기술을 체험하고 창의성을 높일 수 있도록 했다.한편 지난 2012년 미얀마에 처음 진출한 삼성전자는 다양한 사회공헌과 마케팅 활동을 전개하며 사랑받는 브랜드로 성장하고 있다.2013년에는 미얀마 동남아시안게임의 메인 스폰서로 참여했으며 2014년에는 K-POP을 좋아하는 젊은 소비자들을 위해 \'갤럭시 투어 콘서트\'를 개최하기도 했다.또 지난해 말부터 미얀마 젊은이들에게 꿈과 희망을 선사하는 K-POP 오디션 프로그램 \'갤럭시 스타\'를 운영하고 있으며 올해는 미얀마의 전국 고등학생을 대상으로 하는 \'삼성 퀴즈 쇼\'를 진행하며 미래 인재 발굴에도 나서고 있다.이상철 삼성전자 동남아총괄 부사장은 ""앞으로도 미래 성장 가능성이 높은 미얀마 뿐만 아니라 동남아 지역의 소외 계층 지원을 위해 최선을 다할 것""이라고 말했다.데일리안 이홍석 기자ⓒ (주)데일리안 - 무단전재, 변형, 무단배포 금지데일리안 관련뉴스해당 언론사에서 선정하며 언론사 페이지(아웃링크)로 이동해 볼 수 있습니다.레이양, 처서 맞아 수영복 자태 공개…\'이 몸매 실화?\'하반기 최고 기대작 \'신과 함께\', 12월 20일 개봉\'연기의 신\'들이 만났다…조승우X지성 \'명당\'\'1대100\' 김성경, 열애 고백 ""이 미모에 남친 없겠냐""\'하백의 신부\' 남주혁, 종영 소감 ""터닝 포인트 됐다""좋아요0훈훈해요0슬퍼요0화나요0후속기사 원해요0기사제공 :']"
16,삼성전자, 2017-08-2311:00,뉴스1 ,"삼성전자, 미얀마 어린이에 모바일 교육버스 운영",https://finance.naver.com/news/news_read.nhn?article_id=0002903673&office_id=421&mode=search&query=삼성전자&page=7,"['       삼성전자, 미얀마 어린이에 모바일 교육버스 운영      기사입력2017-08-23 11:00기사원문좋아요훈훈해요좋아요 평가하기공감좋아요0훈훈해요0슬퍼요0화나요0후속기사 원해요0댓글삼성전자가 미얀마 소외 계층 어린이들을 위해 특별한 교육 프로그램인 \'삼성 모바일 교육 버스\'를 운영한다고 23일 밝혔다. 아침부터 늦은 밤까지 일터와 거리를 떠나지 못하는 아이들을 버스가 직접 찾아가 교육을 진행한다.삼성전자는 2015년부터 미얀마에서 \'삼성 모바일 교육 버스\'를 운영해 왔으며, 이달부터 수업 공간에 별도의 주방 공간까지 갖춘 신형 교육 버스와 스마트 TV, 갤럭시 탭을 추가로 지원해 총 3대의 교육 버스를 운영한다. 지난 21일 미얀마 양곤에 위치한 한 공장을 방문한 \'삼성 모바일 교육 버스\'에서 미얀마어, 영어, 수학 등 기초 교육을 받으며 어린이들이 즐거워 하고 있다. (삼성전자 제공) 2017.8.23/뉴스1photo@▶ 여러분의 제보를 기다립니다. 제보하기(클릭!)[© 뉴스1코리아(news1.kr), 무단 전재 및 재배포 금지]뉴스1 관련뉴스해당 언론사에서 선정하며 언론사 페이지(아웃링크)로 이동해 볼 수 있습니다.""살충제 계란 먹어라"" 한명숙 출소현장에 \'박사모\' 출몰류여해 \'데이트폭력\' 강의계획서 논란에 ""라이브 토론하자""외출 미복귀 의경 투신…남겨진 \'의문의 유서\'도박장차려 수천만원 뜯어간 서면통합파 조폭""여자 놓고 한판 붙자""…애인 술친구에 흉기 휘두른 50대좋아요0훈훈해요0슬퍼요0화나요0후속기사 원해요0기사제공 :']"
17,삼성전자, 2017-08-2311:00,뉴스1 ,미얀마 어린이에 삼성전자 교육버스 운영,https://finance.naver.com/news/news_read.nhn?article_id=0002903669&office_id=421&mode=search&query=삼성전자&page=7,"['       미얀마 어린이에 삼성전자 교육버스 운영      기사입력2017-08-23 11:00기사원문좋아요훈훈해요좋아요 평가하기공감좋아요0훈훈해요0슬퍼요0화나요0후속기사 원해요0댓글삼성전자가 미얀마 소외 계층 어린이들을 위해 특별한 교육 프로그램인 \'삼성 모바일 교육 버스\'를 운영한다고 23일 밝혔다. 아침부터 늦은 밤까지 일터와 거리를 떠나지 못하는 아이들을 버스가 직접 찾아가 교육을 진행한다.삼성전자는 2015년부터 미얀마에서 \'삼성 모바일 교육 버스\'를 운영해 왔으며, 이달부터 수업 공간에 별도의 주방 공간까지 갖춘 신형 교육 버스와 스마트 TV, 갤럭시 탭을 추가로 지원해 총 3대의 교육 버스를 운영한다. 지난 21일 미얀마 양곤에 위치한 한 공장을 방문한 \'삼성 모바일 교육 버스\'에서 미얀마어, 영어, 수학 등 기초 교육을 받으며 어린이들이 즐거워 하고 있다. (삼성전자 제공) 2017.8.23/뉴스1photo@▶ 여러분의 제보를 기다립니다. 제보하기(클릭!)[© 뉴스1코리아(news1.kr), 무단 전재 및 재배포 금지]뉴스1 관련뉴스해당 언론사에서 선정하며 언론사 페이지(아웃링크)로 이동해 볼 수 있습니다.""살충제 계란 먹어라"" 한명숙 출소현장에 \'박사모\' 출몰류여해 \'데이트폭력\' 강의계획서 논란에 ""라이브 토론하자""외출 미복귀 의경 투신…남겨진 \'의문의 유서\'도박장차려 수천만원 뜯어간 서면통합파 조폭""여자 놓고 한판 붙자""…애인 술친구에 흉기 휘두른 50대좋아요0훈훈해요0슬퍼요0화나요0후속기사 원해요0기사제공 :']"
18,삼성전자, 2017-08-2311:00,연합뉴스 ,"삼성전자, 미얀마서 '모바일 교육 버스'로 IT 체험교육",https://finance.naver.com/news/news_read.nhn?article_id=0009492387&office_id=001&mode=search&query=삼성전자&page=7,"['       삼성전자, 미얀마서 \'모바일 교육 버스\'로 IT 체험교육      기사입력2017-08-23 11:00기사원문좋아요훈훈해요좋아요 평가하기공감좋아요0훈훈해요0슬퍼요0화나요0후속기사 원해요0댓글 (서울=연합뉴스) 이승관 기자 = 삼성전자가 어려운 집안 형편 때문에 학교에 가지 못하는 미얀마 소외 계층 어린이들을 위해 \'모바일 교육 버스\'를 이용한 IT 체험교육에 나섰다.    삼성전자는 이달부터 수업공간 외에 별도의 주방시설까지 갖춘 신형 버스와 함께 스마트TV, 갤럭시탭 등을 추가로 지원해 총 3대의 \'삼성 모바일 교육 버스\'를 운영한다고 23일 밝혔다.    지난 2015년부터 운행되고 있는 \'삼성 모바일 교육 버스\'는 미얀마어, 영어, 수학, 컴퓨터 등 정규 교육과 함께 다양한 놀이 수업도 이뤄진다.    특히 이달부터 새로 지원되는 버스에서는 어린이들이 주방공간에서 직접 음식을 만들고 먹는 요리프로그램이 운영되고, 소외 지역 여성들을 위한 식품 안전·위생 및 요리 수업도 진행된다.    또 스마트TV와 갤럭시탭을 통해 어린이들이 최신 IT기술을 직접 체험하는 기회도 제공했다.    삼성전자 관계자는 ""삼성 모바일 교육 버스는 약 400만명에 달하는 미얀마 어린이들이 학교에 가지 못한 채 일하고 있다는 현실에 착안해서 시작된 프로그램""이라면서 ""이밖에 미얀마 젊은이들을 위한 K-POP 오디션 프로그램 \'갤럭시 스타\', \'삼성 퀴즈 쇼\' 등을 통해 인재 발굴에도 나서고 있다""고 말했다.미얀마 양곤에 있는 한 공장을 방문한 \'삼성 모바일 교육 버스\' 앞에서 어린이들이 사진 촬영을 하고 있다. [삼성전자 제공=연합뉴스]    humane@yna.co.kr최신 유행 트렌드 총집결(클릭!)연합뉴스 관련뉴스해당 언론사에서 선정하며 언론사 페이지(아웃링크)로 이동해 볼 수 있습니다.\xa0이영애, K-9 훈련 순직 李상사 아들 학비 전액지원\xa0\'45일간 호미질\'로 40ｍ 땅굴 파 송유관 기름 훔쳐\xa0성희롱 피해 신입 여경…되레 곤혹스런 처지, 왜?\xa0사형 집행 4시간 전 집행 정지 명령 \'십년감수\'\xa011살 맏형 기지에 꼬마 삼형제 지진서 극적생환좋아요0훈훈해요0슬퍼요0화나요0후속기사 원해요0기사제공 :']"
19,삼성전자, 2017-08-2311:00,파이낸셜뉴스 ,"삼성전자, 미얀마 소외 계층 어린이들 위한 '교육 버스' 운영",https://finance.naver.com/news/news_read.nhn?article_id=0003862444&office_id=014&mode=search&query=삼성전자&page=7,"[""       삼성전자, 미얀마 소외 계층 어린이들 위한 '교육 버스' 운영      기사입력2017-08-23 11:00기사원문좋아요훈훈해요좋아요 평가하기공감좋아요0훈훈해요0슬퍼요0화나요0후속기사 원해요0댓글      삼성전자의 '삼성 모바일 교육 버스'가 21일 미얀마 양곤에 위치한 공장을 방문해 어린이들을 교육했다.    삼성전자가 미얀마 소외 계층 어린이들을 위해 ‘삼성 모바일 교육 버스’를 운영한다고 23일 밝혔다.  삼성전자는 2015년부터 미얀마에서 삼성 모바일 교육 버스를 운영해왔다. 이달부터는 수업 공간에 별도의 주방 공간까지 갖춘 신형 교육 버스에 스마트TV, 갤럭시탭을 추가로 지원해 총 3대의 교육 버스를 운영키로 했다.  삼성 모바일 교육 버스는 약 400만명에 달하는 미얀마 소외 계층 어린이들이 제대로 교육 받고 있지 못한 현실에서 착안됐다. 삼성전자는 배움의 기회를 제공하기 위해 늦은 밤까지 일터와 거리를 떠나지 못하는 아이들을 직접 찾아가 교육을 진행한다.  삼성 모바일 교육 버스는 전문교사와 함께 미얀마어, 영어, 수학, 컴퓨터 등 정규 교육을 제공한다. 더불어 일상생활에 지친 어린이들을 위한 다양한 놀이 수업과 요리 프로그램을 운영한다. 동시에 미얀마 소외 지역의 여성들에게도 식품 안전과 위생, 요리 수업을 실시할 예정이다.  삼성전자는 또 스마트TV와 신형 갤럭시 탭을 추가로 지원해 미얀마 어린이들이 최신 정보기술(IT)을 체험하고 창의성을 높일 수 있도록 했다.   ktop@fnnews.com 권승현 기자   ▶ 세상의 모든 골 때리는 이야기 'fn파스'▶ 속보이는 연예뉴스 fn스타  ※ 저작권자 ⓒ  파이낸셜뉴스. 무단 전재-재배포 금지파이낸셜뉴스 관련뉴스해당 언론사에서 선정하며 언론사 페이지(아웃링크)로 이동해 볼 수 있습니다.세계서 가장 예쁜 기상캐스터, 몸매 때문에 시청률이..불륜녀로 찍힌 걸그룹 출신 여성의 최후별장에서 벌거벗은 男 웃는 사진, 꽃뱀의 최후대왕 여드름인 줄 알고 짰다가 1시간만에.. 뜻밖의 사태배고플 때 호두를 먹으면 생기는 놀라운 변화좋아요0훈훈해요0슬퍼요0화나요0후속기사 원해요0기사제공 :""]"
0,삼성전자, 2017-08-2311:00,뉴스1 ,"삼성전자, 미얀마 어린이에 모바일 교육버스 운영",https://finance.naver.com/news/news_read.nhn?article_id=0002903673&office_id=421&mode=search&query=삼성전자&page=8,"['       삼성전자, 미얀마 어린이에 모바일 교육버스 운영      기사입력2017-08-23 11:00기사원문좋아요훈훈해요좋아요 평가하기공감좋아요0훈훈해요0슬퍼요0화나요0후속기사 원해요0댓글삼성전자가 미얀마 소외 계층 어린이들을 위해 특별한 교육 프로그램인 \'삼성 모바일 교육 버스\'를 운영한다고 23일 밝혔다. 아침부터 늦은 밤까지 일터와 거리를 떠나지 못하는 아이들을 버스가 직접 찾아가 교육을 진행한다.삼성전자는 2015년부터 미얀마에서 \'삼성 모바일 교육 버스\'를 운영해 왔으며, 이달부터 수업 공간에 별도의 주방 공간까지 갖춘 신형 교육 버스와 스마트 TV, 갤럭시 탭을 추가로 지원해 총 3대의 교육 버스를 운영한다. 지난 21일 미얀마 양곤에 위치한 한 공장을 방문한 \'삼성 모바일 교육 버스\'에서 미얀마어, 영어, 수학 등 기초 교육을 받으며 어린이들이 즐거워 하고 있다. (삼성전자 제공) 2017.8.23/뉴스1photo@▶ 여러분의 제보를 기다립니다. 제보하기(클릭!)[© 뉴스1코리아(news1.kr), 무단 전재 및 재배포 금지]뉴스1 관련뉴스해당 언론사에서 선정하며 언론사 페이지(아웃링크)로 이동해 볼 수 있습니다.""살충제 계란 먹어라"" 한명숙 출소현장에 \'박사모\' 출몰류여해 \'데이트폭력\' 강의계획서 논란에 ""라이브 토론하자""외출 미복귀 의경 투신…남겨진 \'의문의 유서\'도박장차려 수천만원 뜯어간 서면통합파 조폭""여자 놓고 한판 붙자""…애인 술친구에 흉기 휘두른 50대좋아요0훈훈해요0슬퍼요0화나요0후속기사 원해요0기사제공 :']"
1,삼성전자, 2017-08-2310:45,연합뉴스 ,강진구 전 삼성전자 회장 영면…수원 사업장에 '마지막 인사',https://finance.naver.com/news/news_read.nhn?article_id=0009492303&office_id=001&mode=search&query=삼성전자&page=8,"['       강진구 전 삼성전자 회장 영면…수원 사업장에 \'마지막 인사\'      기사입력2017-08-23 10:45기사원문좋아요훈훈해요좋아요 평가하기공감좋아요0훈훈해요0슬퍼요0화나요0후속기사 원해요0댓글 권오현 부회장 등 빈소 조문 행렬…사내 게시판에 추모글 이어져(서울=연합뉴스) 이승관 기자 = \'삼성 반도체 신화\'의 초석을 다진 고(故) 강진구 전 삼성전자 회장이 23일 영면했다.    지난 19일 숙환으로 별세한 강 전 회장에 대한 영결식이 이날 오전 서울 강남구 일원동 삼성서울병원에서 권오현 부회장 등 삼성전자 사장단과 유족의 애도 속에 열렸다.    김광호 전 삼성전자 회장은 추모사에서 ""고인은 어떤 역경 속에서도 전자산업 육성에 대한 열정과 헌신을 위한 삶을 살았다""면서 ""두세 걸음 내다볼 수 있었던 고인의 경영 감각과 추진력은 경영인들에게 귀감""이라고 회고했다.    이날 운구 차량은 고인이 1973년부터 재직하며 현재 글로벌 기업이 된 삼성전자의 성장 기틀을 마련한 수원 사업장에 들렀다.    수원에서 근무하는 임직원 1천여명은 1.5㎞ 구간의 운구 차량 동선을 따라 목례를 하면서 고인의 넋을 기렸다.    앞서 고인의 빈소가 마련됐던 삼성서울병원 장례식장에는 장례 기간 내내 삼성전자 전·현직 경영진 등의 조문 행렬이 이어졌다.    지난 21일에는 권오현 부회장을 비롯해 윤부근 사장, 신종균 사장, 이상훈 사장 등 10여명의 사장단이 빈소를 찾았고, 김광호 전 회장과 윤종용·이윤우 전 부회장과 이수빈 삼성생명 회장도 조문에 동참했다.    삼성전자 사내 게시판에도 고인의 업적을 기리는 임직원들의 추모 글이 끊이지 않고 있다고 회사측은 전했다.    지난 20일 마련된 추모 게시판에는 ""30여년간 삼성전자를 비롯해 국내 전자 산업을 이끌어 오신 대선배에게 존경의 뜻을 표하며 후배로서 그 큰 뜻을 이어받겠다"" ""좋은 회사를 만들어 주셔서 감사합니다"" 등의 글이 올랐다.    1927년 경북 영주에서 출생한 강 전 회장은 1973년 삼성전자 상무를 시작으로 \'삼성맨\'이 된 후 삼성전자 전무·사장, 삼성전자부품·삼성정밀 사장, 삼성반도체통신 사장, 삼성전기 대표이사, 삼성전자·삼성전관·삼성전기 회장, 삼성그룹 구조조정위원 등을 거쳤다.    이건희 회장이 ""오늘의 삼성전자를 있게 한 최대의 공로자""라고 평가했던 고인은 1995년 6월 \'삼성 명예의 전당\' 설립과 동시에 첫 번째로 헌액된 인물로도 유명하다.    humane@yna.co.kr최신 유행 트렌드 총집결(클릭!)연합뉴스 관련뉴스해당 언론사에서 선정하며 언론사 페이지(아웃링크)로 이동해 볼 수 있습니다.\xa0이영애, K-9 훈련 순직 李상사 아들 학비 전액지원\xa0\'45일간 호미질\'로 40ｍ 땅굴 파 송유관 기름 훔쳐\xa0성희롱 피해 신입 여경…되레 곤혹스런 처지, 왜?\xa0사형 집행 4시간 전 집행 정지 명령 \'십년감수\'\xa011살 맏형 기지에 꼬마 삼형제 지진서 극적생환좋아요0훈훈해요0슬퍼요0화나요0후속기사 원해요0기사제공 :']"
2,삼성전자, 2017-08-2310:40,아시아경제 ,"키움증권, 연11.4% 추구 삼성전자·페이스북 ELS 판매",https://finance.naver.com/news/news_read.nhn?article_id=0004060112&office_id=277&mode=search&query=삼성전자&page=8,"['       키움증권, 연11.4% 추구 삼성전자·페이스북 ELS 판매      기사입력2017-08-23 10:40기사원문좋아요훈훈해요좋아요 평가하기공감좋아요0훈훈해요0슬퍼요0화나요0후속기사 원해요0댓글 [아시아경제 임혜선 기자]키움증권은 세전 연11.4%의 수익을 추구하는 삼성전자 ·페이스북 주가연계증권(ELS)을 출시한다. 이번에 출시되는 \'제92회 글로벌 100조 클럽 ELS\'의 기초자산은 삼성전자와 페이스북 두 종목이다. 추구수익률은 세전 연 11.4%이고 만기는 3년이다. 발행 후 6개월마다 조기상환기회가 주어지며 조기상환 평가일에 두 기초자산이 모두 최초 기준가격의 90%(6 ·12 ·18개월), 85%(24 ·30 ·36개월) 이상인 경우 최고 34.2%(연 수익률 11.4%, 세전) 수익으로 상환된다. 투자기간 동안 기초자산 중 하나가 최초기준가격의 60% 미만으로 떨어진 적이 있다면 원금손실이 발생할 수 있다.청약 마감은 오는 25일 오후 1시다. 임혜선 기자 lhsro@asiae.co.kr▶ 뉴스가 재밌다! 세상의 모든 재미 [티잼]▶ 많이 본 기사아시아경제 관련뉴스해당 언론사에서 선정하며 언론사 페이지(아웃링크)로 이동해 볼 수 있습니다.[속보]""미군, 한국 승인 없이 북한 공격""""미국이 심상찮다"" 백악관 은밀히…탈모약 먹었는데 성욕이…\'놀라운 변화\'이효리 일냈다…JTBC 대기록 \'초대박\'\'상상 초월\'…北 \'진짜 무서운 무기\' 알고보니좋아요0훈훈해요0슬퍼요0화나요0후속기사 원해요0기사제공 :']"
3,삼성전자, 2017-08-2310:37,연합뉴스 ,[충남소식] 삼성전자 온양공장 2년간 1억4천400만원 후원,https://finance.naver.com/news/news_read.nhn?article_id=0009492281&office_id=001&mode=search&query=삼성전자&page=8,"['       [충남소식] 삼성전자 온양공장 2년간 1억4천400만원 후원      기사입력2017-08-23 10:37기사원문좋아요훈훈해요좋아요 평가하기공감좋아요0훈훈해요0슬퍼요0화나요0후속기사 원해요0댓글 (아산=연합뉴스) 삼성전자 온양캠퍼스(반도체공장)는 충남 아산시에 2년간 1억4천400만원을 지원하는 \'디딤씨앗통장(CDA)\' 후원을 하기로 했다고 23일 밝혔다.후원금 전달식[아산시 제공=연합뉴스]오세현 아산시 부시장(사진 오른쪽에서 네번째)과 김관중 삼성전자 온양캠퍼스 사회공헌센터 파트장(왼쪽에서 세번째), 서상목 한국사회복지협의회장(오른쪽에서 세번째).    삼성전자 온양캠퍼스는 매월 600만원씩 2년 동안 모두 1억4천400만원을 300여명의 아동에게 적립해준다.    디딤씨앗통장은 저소득층 아동의 사회진출 때 학자금·취업·주거 마련 등 초기비용 마련을 위해 자산형성을 지원하는 것이다. 아동이 후원자나 보호자의 도움으로 적립하면 국가가 월 4만원 내에서 1대 1 매칭 지원하는 사업이다.     오세현 아산시 부시장은 ""아산시의 나눔 문화 확산과 복지 허브화가 활성화하도록 노력하겠다""고 말했다.     jung@yna.co.kr최신 유행 트렌드 총집결(클릭!)연합뉴스 관련뉴스해당 언론사에서 선정하며 언론사 페이지(아웃링크)로 이동해 볼 수 있습니다.\xa0이영애, K-9 훈련 순직 李상사 아들 학비 전액지원\xa0\'45일간 호미질\'로 40ｍ 땅굴 파 송유관 기름 훔쳐\xa0성희롱 피해 신입 여경…되레 곤혹스런 처지, 왜?\xa0사형 집행 4시간 전 집행 정지 명령 \'십년감수\'\xa011살 맏형 기지에 꼬마 삼형제 지진서 극적생환좋아요0훈훈해요0슬퍼요0화나요0후속기사 원해요0기사제공 :']"
4,삼성전자, 2017-08-2310:35,연합뉴스 ,"외국인 이틀째 순매수…코스피 2,370선 공방(종합)",https://finance.naver.com/news/news_read.nhn?article_id=0009492272&office_id=001&mode=search&query=삼성전자&page=8,"[""       외국인 이틀째 순매수…코스피 2,370선 공방(종합)      기사입력2017-08-23 10:35기사원문좋아요훈훈해요좋아요 평가하기공감좋아요0훈훈해요0슬퍼요0화나요0후속기사 원해요0댓글코스피 상승 (PG)[제작 조혜인]美세제개편안 통과 기대 호재 작용…기관은 순매도 규모 확대  (서울=연합뉴스) 전명훈 기자 = 코스피가 23일 이틀째 상승하며 2,370선에서 치열한 공방을 벌이고 있다.     이날 오전 10시 25분 현재 코스피는 전날보다 4.82포인트(0.20%) 오른 2,370.15를 가리키고 있다.    전날보다 11.20포인트(0.47%) 오른 2,376.53에 출발한 코스피는 한때 2,379.59까지 올라 2,380선까지 넘봤다.     그러나 기관 매도세가 확대되면서 2,370을 넘나드는 공방이 계속되고 있다.     지난밤 뉴욕증시에서는 미국의 정치 불안 완화, 세제개편안 통과 기대감 등에 주요 지수가 함께 상승했다.     뉴욕증권거래소(NYSE)에서 다우존스 30 산업평균지수는 전장보다 196.14포인트(0.90%) 상승한 21,899.89에 거래를 마쳤다.     스탠더드앤드푸어스(S&P) 500지수는 전장보다 24.14포인트(0.99%) 높은 2,452.51에, 기술주 중심의 나스닥 지수는 84.35포인트(1.36%) 오른 6,297.48에 각각 장을 마감했다.     이날 유가증권시장에서 외국인은 401억원을 순매수하고 있다. 외국인은 코스피에서 이틀 연속 순매수를 이어가고 있다. 개인도 231억 순매수로 지수를 밀어올리고 있다. 반면 기관은 628억원 매도 우위다.     시가총액 상위주는 대체로 상승세다.    대장주 삼성전자는 1.02% 올랐다. 한국전력(0.23%), LG화학(0.41%), NAVER(0.78%), 삼성물산(0.76%), 신한지주(0.38%), 현대모비스(0.60%) 등이 함께 오르고 있다.    시총 10위 내에서 하락하는 종목은 SK하이닉스(-0.44%)와 포스코(-1.91%) 등 2종목뿐이다.    업종별로는 전기·전자(0.84%)를 필두로 의료정밀(0.74%), 운송장비(0.62%), 유통업(0.60%), 건설업(0.37%), 제조업(0.33%), 전기가스업(0.25%), 섬유·의복(0.15%) 등이 상승하고 있다.    반면 철강금속(-1.35%), 보험(-0.83%), 의약품(-0.69%), 증권(-0.68%), 종이·목재(-0.51%), 은행(-0.45%), 금융업(-0.40%), 비금속광물(-0.37%) 등은 약세다.    코스닥지수는 전날보다 0.34포인트(0.05%) 오른 644.60을 가리키고 있다. 전날에 이어 이틀 연속 상승세다.    지수는 3.53포인트(0.55%) 오른 647.79로 거래를 시작했으나 시총 상위주들이 하락세로 돌아서며 상승 폭이 다소 줄었다.     시총 1∼5위인 셀트리온(-1.45%), 셀트리온헬스케어(-0.10%), 메디톡스(-1.09%), CJ E&M(-0.70%), 휴젤(-1.16%)이 함께 약세다.     id@yna.co.kr최신 유행 트렌드 총집결(클릭!)연합뉴스 관련뉴스해당 언론사에서 선정하며 언론사 페이지(아웃링크)로 이동해 볼 수 있습니다.\xa0이영애, K-9 훈련 순직 李상사 아들 학비 전액지원\xa0야간훈련 예비군 13명 단체로 '습격' 받아…병원 치료\xa0성희롱 피해 신입 여경…되레 곤혹스런 처지, 왜?\xa0'45일간 호미질'로 40ｍ 땅굴 파 송유관 기름 훔쳐\xa011살 맏형 기지에 꼬마 삼형제 지진서 극적생환좋아요0훈훈해요0슬퍼요0화나요0후속기사 원해요0기사제공 :""]"
5,삼성전자, 2017-08-2310:26,뉴시스 ,[특징주]'갤럭시노트8' 공개 하루 앞두고 관련주 상승세,https://finance.naver.com/news/news_read.nhn?article_id=0008135343&office_id=003&mode=search&query=삼성전자&page=8,"['       [특징주]\'갤럭시노트8\' 공개 하루 앞두고 관련주 상승세       기사입력2017-08-23 10:26기사원문좋아요훈훈해요좋아요 평가하기공감좋아요0훈훈해요0슬퍼요0화나요0후속기사 원해요0댓글【서울=뉴시스】삼성전자는 갤럭시8 시리즈 \'빅스비 보이스\' 서비스를 전 세계 200여개국으로 확대한다고 22일 밝혔다.(사진=삼성전자 제공) photo@newsis.com【서울=뉴시스】정옥주 기자 = 삼성전자의 하반기 전략 프리미엄폰 \'갤럭시노트8\' 공개를 하루 앞둔 23일 삼성전자를 비롯한 갤럭시노트 관련주들이 일제히 상승세를 나타내고 있다.삼성전자는 오는 23일(현지시각) 미 뉴욕 \'파크 애비뷰 아모리\'에서 언팩(Unpacked) 행사를 열고 갤럭시노트8을 공개한다. 이에 이날 오전 9시53분 현재 삼성전자 주가는 전일 대비 2만6000원(1.11%) 오른 237만6000원에 거래 중이다. 삼성전자는 전날에도 전일 대비 8000원(0.34%) 상승 마감한 바 있다. 최신 스마트폰에 대한 기대감에 삼성그룹 전자 계열사들의 주가도 일제히 오름세다.삼성SDI는 전일 대비 600원(0.27%) 오른 18만6000원을 기록하고 있고 삼성전기도 800원(0.81%) 상승한 9만9900원을 지나고 있다. 관련 중소형 부품주들도 강세를 보이고 있다. 갤럭시노트S8 수혜 기업으로 거론되는 휴대폰용 카메라모듈 업체 캠시스와 엠씨넥스는 전일 대비 각각 0.18%, 1.12%의 상승세를 나타내고 있다. 박강호 대신증권 연구원은 ""삼성전자의 갤럭시노트8 공개로 카메라모듈 업체에 관심이 높아지고 있는데 처음으로 삼성전자가 듀얼 카메라를 채택해 카메라 전략 변화(싱글에서 듀얼로 전환)가 시작됐다""며 ""삼성전자는 내년 갤럭시S9 및 준프리미엄 급 영역(A시리즈)에서 본격적으로 듀얼 카메라를 적용 전망이며 이에 따라 카메라모듈 및 부품업체의 수량 증가, 평균공급단가 상승으로 내년 매출과 영업이익은 전년대비 증가할 것으로 추정된다""고 말했다.그는 ""듀얼 카메라모듈 성장의 수혜기업은 삼성전기, LG이노텍, 대덕GDS, 자화전자, 옵트론텍으로 판단한다""고 덧붙였다. channa224@newsis.com▶ 뉴시스 빅데이터 MSI 주가시세표 바로가기 ▶ 뉴시스 SNS [페이스북] [트위터]뉴시스 관련뉴스해당 언론사에서 선정하며 언론사 페이지(아웃링크)로 이동해 볼 수 있습니다.""ISA 비과세 확대는 세금 낭비···금융사 수수료 없애야""이해진, 네이버 주식 11만주 처분···지분 4.31%로 줄어[MSI급락주]신세계, 영업환경 부진 전망에 시장심리 급락[빅데이터MSI]오전 10시 주식시장 심리 3→4단계 \'보통\'[빅데이터MSI]오전 10시 시장심리 톱5···삼성전자·삼성SDI·현대상선·NAVER·롯데칠성좋아요0훈훈해요0슬퍼요0화나요0후속기사 원해요0기사제공 :']"
6,삼성전자, 2017-08-2310:20,데일리안 ,"최양하 한샘 회장, 자사주 가치 1600억...전문경영인 중 ‘톱’",https://finance.naver.com/news/news_read.nhn?article_id=0002205740&office_id=119&mode=search&query=삼성전자&page=8,"['       최양하 한샘 회장, 자사주 가치 1600억...전문경영인 중 ‘톱’      기사입력2017-08-23 10:20기사원문좋아요훈훈해요좋아요 평가하기공감좋아요0훈훈해요0슬퍼요0화나요0후속기사 원해요0댓글500대 기업 전문경영인 자사주 가치 현황.ⓒCEO스코어권오현 삼성전자 부회장, 30억원으로 전자업계 1위권영식 넷마블 집행임원, 상장 효과로 13위...한성숙 네이버 사장, 20위 내 여성 CEO 유일국내 500대 기업 전문경영인 중 자사주 보유 가치 1위는 최양하 한샘 회장인 것으로 나타났다. 총 1600억원으로 두 번째로 많은 이재경 두산 부회장(79억원)의 20배에 달했다.전자·IT업계에서는 권오현 삼성전자 부회장(전체 7위)이 30억원으로 가장 많았고 권영식 넷마블게임즈 집행임원은 회사 상장으로 단숨에 13위에 올랐다. 한성숙 네이버 사장(20위)은 20위 내 유일한 여성 최고경영자(CEO)로 이름을 올렸다.23일 기업경영성과 평가사이트 CEO스코어(대표 박주근)가 국내 500대 기업 CEO 중 오너일가를 제외하고 자사주를 보유한 전문경영인 166명의 자사주 가치(8월 21일 종가 기준)를 조사한 결과, 총 2413억원(보통주+우선주)으로 집계됐다.자사주 가치가 1억원 이상인 전문경영인은 111명으로 전체의 66.9%로 5억원 이상은 23.5%(39명), 10억원 이상은 11.4%(19명)였다. 166명 중 금융권 전문경영인은 14.5%(24명)로 7명 중 1명꼴이었다.자사주 가치 1위는 최양하 한샘 회장으로 무려 1585억 원에 달했다. 이는 111명 전체의 3분의 2에 해당하는 금액일 뿐만 아니라 2위인 이재경 두산 부회장(79억원)의 20배에 달하는 규모다.3위는 61억 원의 차석용 LG생활건강 부회장이 차지했다. 차 부회장은 지난 2013년 6월 말 자사주 가치가 250억원으로 지난 2013~2014년 보통주 4만여 주를 매각하면서 순위가 한 계단 하락했다.이 외 전문경영인 주식부호 ‘톱10’에는 김정남 동부화재 사장(56억원), 김용범 메리츠화재 사장(37억원), 최현만 미래에셋대우 수석부회장(34억원), 권오현 삼성전자 부회장(30억원), 이윤재 흥아해운 회장(23억원), 박진수 LG화학 부회장(22억원), 박재구 BGF리테일 사장(22억원)이 포함됐다.권오현 부회장이 전자·IT업계에서 보유한 자사주 가치가 가장 높은 경영인으로 꼽힌 가운데 권영식넷마블게임즈 집행임원(14억원)은 지난 5월 회사 상장 효과로 정유성 삼성SDS 사장(13억원)을 제치고 단숨에 업계 2위, 전체 13위로 뛰어올랐다.한성숙 네이버 사장(10억원·20위)은 20위 내에 여성으로 유일하게 이름을 올렸다. 자사주 가치 상위 10명 중 6명은 각 사(계열사 포함)에서 10년 이상 재직한 전문경영인으로 나타났다. 김정남 사장(8년), 김용범 사장(7년), 권오현 부회장(6년), 박재구 사장(6년)도 재임 기간이 5년 이상으로 긴 편에 속했다.그룹별로는 50위 내에 삼성이 7명, LG가 6명 각각 포진해 가장 많았다. 삼성은 권오현 부회장(7위), 정유성 사장(14위), 김신 삼성물산 상사부문 사장(15위), 전영현 삼성SDI 사장(8억9000만원·22위), 이윤태 삼성전기 사장(4억9000만원·40위) 등이 포함됐다.LG는 차석용 부회장(3위), 박진수 부회장(9위), 한상범 LG디스플레이 부회장(9억8000만원·21위), 조성진 LG전자 부회장(8억8000만원·23위), 권영수 LG유플러스 부회장(6억1000만원·33위)등이 포함됐다.한국항공우주산업(KAI) 방산비리 사태로 지난달 사임해 현재 검찰 수사를 받고 있는 하성용 전 사장은 자사주 가치가 5억5000만원으로 38위에 이름을 올렸다.이밖에 전문경영인 166명 중 최연소자는 38세의 임지훈 카카오 사장으로 자사주 가치가 4억9000만원(41위)이었고 반대로 최고령자는 이윤재 흥아해운 회장(72세)으로 자사주 가치가 23억원(8위)이었다.올 초 대비 자사주 가치가 가장 많이 늘어난 전문경영인은 김용범 메리츠화재 사장으로 21억 원(139.7%)이 늘었다. 권영식 넷마블게임즈 사장은 신규 상장과 함께 14억원이 늘어 증가액 2위를 차지했다. 이어 이재경 두산 부회장이 13억원(19.7%), 김정남 동부화재 사장이 11억원(24.6%) 늘었고, 전영현 삼성SDI 사장은 올해 대표이사로 취임하면서 8억9000만 원 규모의 자사주를 처음 사들였다.데일리안 이홍석 기자ⓒ (주)데일리안 - 무단전재, 변형, 무단배포 금지데일리안 관련뉴스해당 언론사에서 선정하며 언론사 페이지(아웃링크)로 이동해 볼 수 있습니다.30대 그룹, 상반기 투자 28% 급증30대그룹, 영업익 48% 급증에도 고용 0.4% 감소500대기업 매출액 대비 인건비 5.9%…2년새 0.5%p↑30대 그룹 직원 10명 중 1명 \'비정규직\'""30대 그룹 내부거래, 93% 수의계약...기업 10곳 중 8곳 100%""좋아요0훈훈해요0슬퍼요0화나요0후속기사 원해요0기사제공 :']"
7,삼성전자, 2017-08-2310:15,헤럴드경제 ,"[오전시황]코스피, 美증시 훈풍 덕…2370선 회복",https://finance.naver.com/news/news_read.nhn?article_id=0001280554&office_id=016&mode=search&query=삼성전자&page=8,"['       [오전시황]코스피, 美증시 훈풍 덕…2370선 회복      기사입력2017-08-23 10:15기사원문좋아요훈훈해요좋아요 평가하기공감좋아요0훈훈해요0슬퍼요0화나요0후속기사 원해요0댓글 [헤럴드경제=정경수 기자] 코스피가 23일 이틀째 소폭 오름세를 보이며 2370선을 회복했다.오전 9시 50분 현재 코스피는 전일 대비 5.55포인트(0.23%) 오른 2370.88을 지나고 있다. 이날 코스피는 전일보다 11.20포인트(0.47%) 오른 2376.53으로 출발한 뒤 점차 상승폭을 줄여 2370선에서 등락을 반복하고 있다.전일 미국에서는 도널드 트럼프 대통령의 정책 방향성을 구체화하는 이슈들이 이어졌다. 을지훈련이 21일부터 이어지고 있지만, 북한의 도발은 없었다. [사진=게티이미지]22일(현지시간) 뉴욕증권거래소(NYSE)에서 우량주 중심의 다우존스30 산업평균지수는 0.90% 상승한 1899.89로 마감했다. 스탠더드앤드푸어스(S&P)500지수와 나스닥종합지수는 각각 0.99%, 1.36% 올랐다.외국인은 244억원, 개인은 283억원어치 주식을 사들이고 있다. 기관은 535억원을 순매도 중이다.업종별로는 전기전자(1.18%), 전기가스업(0.52%), 운수장비(0.49%), 제조업(0.46%), 유통업(0.38%) 등이 오르고 있다.철강금속(-1.37%), 증권(-0.77%), 운수창고(-0.71%), 보험(-0.62%), 기계(-0.49%) 등은 내리고 있다.POSCO(-1.62%)를 제외한 시가총액 상위 종목은 오름세다.삼성전자(1.32%), SK하이닉스(0.15%), 한국전력(0.80%), NAVER(1.17%), 삼성물산(1.14%), 신한지주(0.38%), 현대모비스(0.80%)는 상승세다. 다만 현대차와 LG화학은 주가변동이 없다.이 밖에 애플사의 전략스마트폰 ‘아이폰8’의 대표적인 수혜주인 LG이노텍은 장중 18만원에서 52주 신고가를 다시 썼다.깨끗한나라는 ‘릴리안 생리대’ 논란에 4380원에서 52주 신저가를 기록했다.코스닥 지수는 전일 대비 0.66포인트(0.10%) 오른 644.92를 가리키고 있다.홀로 매수 중인 개인은 116억원어치 주식을 사들이고 있다. 외국인과 기관은 동반 매도에 나서 각각 61억원, 49억원을 순매도하고 있다.시가총액 상위종목은 셀트리온헬스케어(0.10%), SK머티리얼즈(0.76%)를 제외하고는 내림세다.셀트리온(-0.43%), 메디톡스(-0.37%), CJ E&M(-0.28%), 휴젤(-1.24%), 코미팜(-0.14%), 바이로메드(-0.10%), 신라젠(-1.68%)은 내리고 있다. 로엔은 주가 변동이 없다.서울 외환시장에서 원ㆍ달러 환율은 전일 대비 2.10원(-0.19%) 내린 1131.70원에 거래되고 있다. kwater@heraldcorp.com▶영감이란 불꽃에 타오르게할 스토리(INSPIRE)▶앞서가는 젊은 경제신문 친구맺기 ▶오늘의 운세 날씨 - Copyrights ⓒ 헤럴드경제 & heraldbiz.com, 무단 전재 및 재배포 금지 -헤럴드경제 관련뉴스해당 언론사에서 선정하며 언론사 페이지(아웃링크)로 이동해 볼 수 있습니다.[단독] 대마, 대형포털 쇼핑서 버젓이 팔린다김성경 ""어릴 땐 언니보다 예뻐""…김성령 향한 열등감이사강 사마귀턱,쌍꺼풀에 \'성형 의혹\' 재부상\'릴리안 생리대\' 집단소송 관심 폭증…이틀새 2000명갤럭시노트8 D-1…""탄탄한 노트 마니아층 재결집""좋아요0훈훈해요0슬퍼요0화나요0후속기사 원해요0기사제공 :']"
8,삼성전자, 2017-08-2310:10,이데일리 ,"[특징주]나무가, 삼성·애플 3D 센싱 경쟁…10조 신시장 개화 ↑",https://finance.naver.com/news/news_read.nhn?article_id=0003904517&office_id=018&mode=search&query=삼성전자&page=8,"['       [특징주]나무가, 삼성·애플 3D 센싱 경쟁…10조 신시장 개화 ↑      기사입력2017-08-23 10:10기사원문좋아요훈훈해요좋아요 평가하기공감좋아요0훈훈해요0슬퍼요0화나요0후속기사 원해요0댓글 [이데일리 박형수 기자] 나무가(190510)가 강세다. 3차원(3D) 센싱 카메라 시장이 커지면서 수혜를 볼 것이라는 기대가 주가에 영향을 준 것으로 보인다.23일 오전 10시8분 나무가는 전날보다 9.37% 오른 3만2100원에 거래되고 있다.3D센싱 카메라는 입체적으로 이미지를 인식하고 구현할 수 있다. 아이폰8이 스마트폰에 처음 적용하는 것으로 알려졌다. 3D센싱은 안면인식, 증강현실(AR), 가상현실(VR) 관련 제품에 꼭 필요한 기술이다.이동주 KTB투자증권 연구원은 “삼성전자 카메라모듈 벤더 업체”라며 “지난 2009년 3D 센싱 모듈 사업에 진출해 세계적인 대형 IT업체들과 협업 과제를 진행하고 있다”고 소개했다.이어 “오랜 연구개발 경력과 대형 글로벌 IT 업체 2곳을 고객사로 확보했다”며 “3D 센싱 모듈 제작 경험이 풍부하다”고 설명했다.그는 “올 하반기 점진적인 실적 개선흐름을 보일 것”이라며 “3D 센싱 시장 개화시 주가가 먼저 반응할 수 있다”고 판단했다.3D 센싱 시장은 올해 17억달러(1조9200억원)에서 2022년 90억달러(10조2000억원)로 연평균성장률(CAGR)이 40%에 이를 것으로 전망됐다. 아이폰8이 3D 센싱을 채택하면서 올 하반기부터 소비자 부문의 폭발적인 성장세가 이뤄질 것으로 보인다.박형수 (parkhs@edaily.co.kr)▶심쿵유발 스타 화보 [핫포토]▶[페이스북] 보러가기~♥ | [카카오톡] 플친 맺기~♥＜ⓒ종합 경제정보 미디어 이데일리 - 무단전재 & 재배포 금지＞이데일리 관련뉴스해당 언론사에서 선정하며 언론사 페이지(아웃링크)로 이동해 볼 수 있습니다.한명숙 새로운 세상 드디어 만나..당당하게 살아갈 것(종합)유아휴직수당 인상하면 뭐하나…임신하니 나가라는 회사가게 팔아도 빚 못갚는 자영업자 12만 \'시한폭탄\'현대차 ""미국시장 겨냥 픽업트럭 출시""규제 전 분양권 샀는데..… \'중도금 대출 불가\'에 뿔난 실수요자좋아요0훈훈해요0슬퍼요0화나요0후속기사 원해요0기사제공 :']"
9,삼성전자, 2017-08-2310:10,연합뉴스 ,"[증시신상품] 미래에셋대우, 텐센트-삼성전자 ELS 판매",https://finance.naver.com/news/news_read.nhn?article_id=0009492163&office_id=001&mode=search&query=삼성전자&page=8,"[""       [증시신상품] 미래에셋대우, 텐센트-삼성전자 ELS 판매      기사입력2017-08-23 10:10기사원문좋아요훈훈해요좋아요 평가하기공감좋아요0훈훈해요0슬퍼요0화나요0후속기사 원해요0댓글 (서울=연합뉴스) 윤선희 기자 = 미래에셋대우는 25일 오후 1시 30분까지 텐센트와 삼성전자 주식이 기초자산인 주가연계증권(ELS)을 판매한다고 23일 밝혔다.    이번에 판매하는 '제21508회 텐센트(Tencent)-삼성전자 원금 90% 부분지급 조기 상환형 해외주식 ELS'는 만기 1년 상품으로 조기상환 평가일(3·6·9개월)에 모든 기초자산이 기준가의 102% 이상이면 연 15%의 수익을 제공한다.    조기상환 조건을 충족하지 못하면 만기 평가일(12개월)에 두 기초자산 가격이 기준가보다 높으면 상승률이 낮은 종목의 성과만큼 수익이 나는 구조다. 그러나 두 기초자산 중 하나라도 평가가격이 기준가보다 낮으면 최대 10%까지 원금 손실이 날 수 있다.     원화로 청약과 상환을 받으므로 환전이나 환 헤지가 필요 없다. 환율에 따른 수익 변동도 없다. 청약은 100만원부터 100만원 단위로 할 수 있다.    indigo@yna.co.kr최신 유행 트렌드 총집결(클릭!)연합뉴스 관련뉴스해당 언론사에서 선정하며 언론사 페이지(아웃링크)로 이동해 볼 수 있습니다.\xa0이영애, K-9 훈련 순직 李상사 아들 학비 전액지원\xa0'45일간 호미질'로 40ｍ 땅굴 파 송유관 기름 훔쳐\xa0성희롱 피해 신입 여경…되레 곤혹스런 처지, 왜?\xa0사형 집행 4시간 전 집행 정지 명령 '십년감수'\xa011살 맏형 기지에 꼬마 삼형제 지진서 극적생환좋아요0훈훈해요0슬퍼요0화나요0후속기사 원해요0기사제공 :""]"
10,삼성전자, 2017-08-2310:04,이데일리 ,北 위험 안심 일러…부도위험지표 여전히 年 최고치,https://finance.naver.com/news/news_read.nhn?article_id=0003904509&office_id=018&mode=search&query=삼성전자&page=8,"['       北 위험 안심 일러…부도위험지표 여전히 年 최고치      기사입력2017-08-23 10:04기사원문좋아요훈훈해요좋아요 평가하기공감좋아요0훈훈해요0슬퍼요0화나요0후속기사 원해요0댓글- 22일 韓 CDS 프리미엄 63.59bp…급등 후 진정세- 다만 60bp대는 연중 최고치…北 리스크 안심 일러최근 한반도를 둘러싼 지정학적 리스크를 전후한 한국 외평채 5년물의 CDS 프리미엄 추이다. 리스크가 불거지기 전인 지난 8일(현지시간) CDS 프리미엄은 57.57bp 수준이었으나, 그 직후 고공행진을 거듭해 한때 70bp를 넘기도 했다. 그러다가 지정학적 리스크가 점차 완화하면서 CDS 프리미엄도 60bp 중반대에서 진정됐다. 다만 60bp가 넘는 수준은 여전히 연중 최고치여서 아직 안심은 이르다는 평가가 나온다. 출처=마켓포인트[이데일리 김정남 기자] 부도위험지표로 꼽히는 한국물 신용부도스와프(CDS) 프리미엄이 최근 급등 후 진정세를 보이고 있다.한반도를 둘러싼 지정학적 리스크가 조금씩 완화하면서 해외 투자자들이 보는 한국물 자산의 위험도도 작아지는 것으로 풀이된다. 다만 그 절대적인 수치는 여전히 이번 리스크 이전과 비교하면 연고점 수준이어서 아직 안심은 이르다는 평가도 동시에 나온다.23일 마켓포인트에 따르면 지난 22일(현지시간) 한국 외평채 5년물의 CDS 프리미엄은 63.59bp로 전거래일 대비 1.67% 하락했다.CDS 프리미엄은 부도나 파산 등에 따른 손실을 다른 투자자가 대신 보상해주는 신용파생상품의 수수료를 말한다. 채권을 발행한 국가와 기업의 부도 가능성 혹은 신용 위험이 높아지면 CDS 프리미엄도 함께 오른다. 보험에 가입할 때 사고 확률이 높으면 보험료가 상승하는 것과 같은 이치다.지정학적 리스크가 처음 불거진 건 지난 9일이다. 당시 57.57bp에서 62.60bp로 하루새 8.74% 급등하더니, 4거래일 만인 14일 70.19bp까지 상승했다. 이는 지난해 2월25일(71.69bp) 이후 1년 6개월 만에 최고치를 기록한 것이다. 당시 중국의 CDS 프리미엄보다 더 높았다.하지만 그 이후 북미간 긴장감이 다소 완화되면서 15일에는 65.97bp까지 하락(6.01%↓)했고, 그 뒤 6거래일째 63~64bp대를 오가고 있다.우리나라 기업들의 CDS 프리미엄 흐름도 비슷하다. 이를테면 삼성전자(005930) 역시 14일 82.11bp로 북한 리스크 직전(8일 65.60bp) 당시보다 20bp 가까이 급등했으나, 이후 75bp 안팎에서 횡보하고 있다. 우리나라 CDS 프리미엄의 움직임에 기업들도 영향을 받을 수밖에 없다.다만 아직 완전히 안정됐다고 보기는 어렵다. 절대적인 수준은 과거와 비교해 높은 편이기 때문이다. 60bp가 넘는 CDS 프리미엄은 연중 최고치다. 올해 내내 CDS 프리미엄은 40~50bp대에서 움직였다.지난 4월 핵추진 항공모함 칼빈슨호의 한반도 배치 소식이 전해졌을 때도 60.64bp까지 올랐다가 이내 50bp대로 내려앉았다.민경원 NH선물 연구원은 “CDS 프리미엄이 여전히 60bp대에서 머무른다는 건 지정학적 리스크가 완전히 해소된 것은 아니라는 우려가 시장에 있다는 의미”라고 말했다.김정남 (jungkim@edaily.co.kr)▶심쿵유발 스타 화보 [핫포토]▶[페이스북] 보러가기~♥ | [카카오톡] 플친 맺기~♥＜ⓒ종합 경제정보 미디어 이데일리 - 무단전재 & 재배포 금지＞이데일리 관련뉴스해당 언론사에서 선정하며 언론사 페이지(아웃링크)로 이동해 볼 수 있습니다.한명숙 새로운 세상 드디어 만나..당당하게 살아갈 것(종합)유아휴직수당 인상하면 뭐하나…임신하니 나가라는 회사가게 팔아도 빚 못갚는 자영업자 12만 \'시한폭탄\'현대차 ""미국시장 겨냥 픽업트럭 출시""규제 전 분양권 샀는데..… \'중도금 대출 불가\'에 뿔난 실수요자좋아요0훈훈해요0슬퍼요0화나요0후속기사 원해요0기사제공 :']"
11,삼성전자, 2017-08-2310:01,조선비즈 ,"미래에셋대우, 텐센트-삼성전자 ELS 판매",https://finance.naver.com/news/news_read.nhn?article_id=0000380633&office_id=366&mode=search&query=삼성전자&page=8,"['       미래에셋대우, 텐센트-삼성전자 ELS 판매      기사입력2017-08-23 10:01기사원문좋아요훈훈해요좋아요 평가하기공감좋아요0훈훈해요0슬퍼요0화나요0후속기사 원해요0댓글미래에셋대우(006800)는 22일부터 텐센트와 삼성전자(005930)주식을 기초자산으로 하는 ELS(주가연계증권)를 판매하고 있다고 23일 밝혔다.이번에 판매하는 ‘제21508회 텐센트(Tencent)-삼성전자 원금 90% 부분지급 조기상환형 해외주식 ELS’는 만기 1년 상품으로 조기상환평가일(3, 6, 9개월)에 모든 기초자산이 최초기준가격의 102% 이상이면 연 15%의 수익을 제공한다.조기상환조건을 충족시키지 못할 경우에 만기평가일(12개월) 기준으로 두 기초자산(텐센트, 삼성전자)의 만기평가가격이 모두 최초기준가격보다 상승했다면 기초자산 상승률이 낮은 종목의 상승률 만큼을 수익으로 지급한다.만기평가일에 두 기초자산 중 어느 하나라도 만기 평가가격이 최초 기준가격보다 떨어졌다면 최대 10%까지 원금 손실이 있을 수 있다.이번 상품은 홍콩증권거래소에 상장된 해외주식을 기초자산으로 하지만 원화로 청약하고 원화로 만기상환을 받기 때문에 해외 통화 환전이 필요 없다. 또한, 별도의 환헤지가 필요 없고 환율에 의한 수익 변동도 없다.미래에셋대우 관계자는 “글로벌 투자로 자산을 배분하면서 혹시 모를 하락 위험도 관리할 필요가 있다”며 “원금 90% 부분지급 조기상환형 해외주식 ELS는 위험관리가 가능하면서 4차 산업혁명으로 대표되는 글로벌 우량주식에 투자해 수익을 추구할 수 있는 투자솔루션” 이라고 말했다.이번 상품은 최소 100만원부터 100만원 단위로 청약이 가능하다. 오는 25일 오후 1시 30분 청약은 마감된다.상품에 대한 자세한 사항은 미래에셋대우 전국 영업점과 고객센터로 문의하면 된다.[박현익 기자 beepark@chosunbiz.com]chosunbiz.com조선비즈 관련뉴스해당 언론사에서 선정하며 언론사 페이지(아웃링크)로 이동해 볼 수 있습니다.민영 교도소 차리고 \'떼돈\'…한해 매출 2.5조""3000만원 싸게"" 집 회수하는 다주택자들""한국 가지 말라니깐…"" 골치 아픈 중국무조건 사드 탓? 중국인에 난리 난 \'한국 제품\'""내 돈 어떡해""…용산땅 사들인 건설사 망연자실좋아요0훈훈해요0슬퍼요0화나요0후속기사 원해요0기사제공 :']"
12,삼성전자, 2017-08-2310:00,뉴시스 ,[빅데이터MSI]오전 10시 시장심리 톱5···삼성전자·삼성SDI·현대상선·NAV...,https://finance.naver.com/news/news_read.nhn?article_id=0008135245&office_id=003&mode=search&query=삼성전자&page=8,"[""       [빅데이터MSI]오전 10시 시장심리 톱5···삼성전자·삼성SDI·현대상선·NAVER·롯데칠성       기사입력2017-08-23 10:00기사원문좋아요훈훈해요좋아요 평가하기공감좋아요0훈훈해요0슬퍼요0화나요0후속기사 원해요0댓글시장심리 워스트5, 현대중공업·POSCO·금호타이어·한국항공우주·기아차【서울=뉴시스】정옥주 기자 = 23일 오전 10시 기준 빅데이터 시장심리지수(MSI)가 가장 높은 톱5로 삼성전자·삼성SDI·현대상선·NAVER·롯데칠성  등이 선정됐다. 반면 가장 낮은 워스트5로 현대중공업·POSCO·금호타이어·한국항공우주·기아차가 선정됐다.뉴시스와 코스콤이 주요 상장기업 250곳에 대해 공동 분석해 산출해 낸 빅데이터 MSI(http://m.newsis.com/stock.html, 모바일 전용)로 이날 오전 10시까지 데이터를 취합한 결과 이같이 나타났다. 이날 톱5에 선정된 삼성전자 MSI 레벨은 전 거래일 6단계에서 이날 7단계로 1계단 올랐다. 삼성전자와 관련해 이날 온라인상에서 주로 언급된 키워드는 서비스, 빅스비, 스마트폰, 시장 미국, 제품, 기능, 갤럭시, 투자, 싸이월드 등이었다. 삼성SDI MSI 레벨은 전 거래일 4단계에서 이날 7단계로 3계단 상승했다. 이날 삼성SDI와 관련해 온라인상에서는 실적, 배터리, 상승, 기업, 사장, 하반기, 기관, 증가 등의 키워드가 상위에 자리했다. 현대상선 MSI 레벨은 전 거래일 7단계에서 이날도 7단계를 유지했다. 현대상선과 관련해 이날 온라인상에서 주로 언급된 키워드로는 투자, 지원, 전략, 블랙록, 현재, 정부, 마감, 소식, 규모, 상승세, 최대 1조원 등이 추출됐다. NAVER MSI 레벨은 전 거래일 4단계에서 이날 7단계로 3계단 상승했다. NAVER와 관련해 이날 온라인상에서 주로 언급된 키워드는 서비스, 의장, 지분, 프렌즈팝, 총수, 창업자, 매각, 계액, 시장 등이었다. 롯데칠성  MSI 레벨은 전 거래일 1단계에서 이날 7단계로 6계단이나 뛰어올랐다. 롯데칠성과 관련해 이날 온라인상에서 주로 언급된 키워드로는 상승, 경쟁사, 지속, 맥주, 지배력, 주가, 전환, 부산 등이 선정됐다.  반면 가장 낮은 워스트5로 현대중공업·POSCO·금호타이어·한국항공우주·기아차 등으로 집계됐다.현대중공업 MSI 레벨은 전 거래일 7단계에서 이날 1단계로 6계단이나 떨어졌다. 현대중공업과 관련해 온라인상에서 주로 언급된 키워드는 중국, 수주, 컨테이너선, 현대오일뱅크, 주가, 현대로보틱스, 발주 등이다. POSCO MSI 레벨은 전 거래일 3단계에서 이날 1단계로 2계단 내려갔다. 이날 POSCO와 관련해 온라인상에서는 미국, 리튬, 전기차, 사건, 한미, 횡령, 가격, 시장, 배임, 수요 등의 키워드가 주로 언급됐다. 금호타이어 MSI 레벨은 전 거래일 1단계에서 이날도 1단계로 같았다. 이날 금호타이어와 관련해 온라인상에서 주로 언급된 키워드로는 채권단, 매각, 회장, 인수, 금호산업, 더블스타, 지분, 중국, 자금, 주가 등이 추출됐다.  한국항공우주 MSI 레벨도 전 거래일 1단계에서 이날 1단계로 동일했다. 이날 한국항공우주와 관련해 온라인상에서 주로 언급된 키워드는 회사, 주가, 기업, 사건, 횡령, 상장사, 적자, 투자 등으로 나타났다. 기아차 MSI 레벨도 전 거래일 2단계에서 이날 1단계로 1계단 하락했다. 기아차와 관련해 온라인상에서 주로 언급된 키워드는 규모, 노조, 임금협상, 부분파업, 매출액, 국내, 특허, 취득, 통상임금 등이다. 뉴시스와 코스콤은 온라인과 소셜네트워크서비스(SNS)에서 수집된 개별 종목 관련 빅데이터를 긍정과 부정으로 분류해 점수화한 다음 이를 최근 1년 간 흐름과 비교해 지수를 산출했다. MSI산출 대상은 코스피 200종목과 코스피 지수, 코스닥 50종목과 코스닥 지수 등 250개 개별 종목이다. MSI는 1단계 '매우 나쁨', 2단계 '나쁨', 3단계 '약간 나쁨', 4단계 '보통', 5단계 '약간 좋음', 6단계 '좋음', 7단계 '매우 좋음' 등 총 7단계로 분류한다. 한편 8월1일부터 선보이는 빅데이터 MSI 모바일 전용 버전은 구글플레이 또는 애플 앱스토어에서 '뉴시스'앱을 내려받거나 뉴시스 모바일 홈페이지(m.newsis.com)에 접속한 뒤 메인화면의 '빅데이터 MSI'를 클릭해 이용하면 된다.channa224@newsis.com ※ 빅데이터 MSI는 투자 참고용이며, 투자 결과에 책임을 지지 않습니다. 주식시장에는 다양한 국내외 변수가 존재하며, 한 지표로만 판단하면 뜻하지 않은 결과를 초래할 수 있습니다.▶ 뉴시스 빅데이터 MSI 주가시세표 바로가기 ▶ 뉴시스 SNS [페이스북] [트위터]뉴시스 관련뉴스해당 언론사에서 선정하며 언론사 페이지(아웃링크)로 이동해 볼 수 있습니다.2분기 은행권 부실채권비율 '양호'···조선·해운은 여전히 높아[개장시황]美증시 훈풍에 코스피 상승 출발···2370선에서 등락[빅데이터MSI]23일 오전 주식시장 심리 3단계 '악간 나쁨'[빅데이터MSI]시장심리 톱5...삼성전자·현대상선·한국가스공사·SK텔레콤·SK이노베이션[빅데이터MSI]23일 빅데이터 '핫 키워드'…서비스·시장·스마트폰·제품·투자좋아요0훈훈해요0슬퍼요0화나요0후속기사 원해요0기사제공 :""]"
13,삼성전자, 2017-08-2309:56,데일리안 ,"[특징주]일진디스플레이, 포스터치 확대 기대감에 신고가",https://finance.naver.com/news/news_read.nhn?article_id=0002205728&office_id=119&mode=search&query=삼성전자&page=8,"['       [특징주]일진디스플레이, 포스터치 확대 기대감에 신고가      기사입력2017-08-23 09:56기사원문좋아요훈훈해요좋아요 평가하기공감좋아요0훈훈해요0슬퍼요0화나요0후속기사 원해요0댓글 일진디스플레이가 터치 매출액 증가 기대감에 신고가를 경신했다.23일 오전 9시52분 현재 일진디스플레이는 전 거래일대비 5.85% 오른 1만500원에 거래되고 있다. 장중 한 때 1만600원까지 치솟으며 신고가를 경신하기도 했다. 김갑호 교보증권 연구원은 ""삼성전자의 스마트폰이 압력 인식 기계인 포스터치를 확대할 것으로 예상되는 가운데 명맥을 유지하고 있는 일진디스플이 수혜를 볼 것""이라며 ""올해 흑자전환, 내년에는 영업이익 78% 증가가 예상된다""고 밝혔다.데일리안 전형민 기자ⓒ (주)데일리안 - 무단전재, 변형, 무단배포 금지데일리안 관련뉴스해당 언론사에서 선정하며 언론사 페이지(아웃링크)로 이동해 볼 수 있습니다.\'연쇄이탈\' 다저스 선발진, 류현진 가치 높아지나[특징주]깨끗한나라, 생리대 안전성 논란에 하락…\'신저가\'[특징주]LG전자, 미국 전기차 부품 공장 설립 소식에 상승세[특징주]LG이노텍, 하반기 호실적 전망에 \'신고가\'안세현 MVP ""아시안게임 출전 모든 종목서 메달""좋아요0훈훈해요0슬퍼요0화나요0후속기사 원해요0기사제공 :']"
14,삼성전자, 2017-08-2309:54,머니S ,"키움증권, 세전 연 11.4% 추구 '삼성전자·페이스북' 기초자산 ELS 판매",https://finance.naver.com/news/news_read.nhn?article_id=0000266547&office_id=417&mode=search&query=삼성전자&page=8,"['       키움증권, 세전 연 11.4% 추구 \'삼성전자·페이스북\' 기초자산 ELS 판매      기사입력2017-08-23 09:54기사원문좋아요훈훈해요좋아요 평가하기공감좋아요0훈훈해요0슬퍼요0화나요0후속기사 원해요0댓글본문 이미지 영역/사진제공=키움증권키움증권이 세전 연11.4%의 수익을 추구하는 \'삼성전자&페이스북 ELS(주가연계증권)\'를 출시했다.‘제92회 글로벌 100조 클럽 ELS’의 기초자산은 삼성전자와 페이스북 두 종목이다. 추구수익률은 세전 연 11.4%이고 만기는 3년이다. 발행 후 6개월마다 조기상환기회가 주어지며 조기상환 평가일에 두 기초자산이 모두 최초 기준가격의 90%(6·12개·18개월), 85%(24·30·36개월) 이상인 경우 최고 34.2%(연 수익률 11.4%, 세전) 수익으로 상환된다. 투자기간 동안 기초자산 중 하나가 최초기준가격의 60% 미만으로 떨어진 적이 있다면 원금손실이 발생할 수 있다.이 상품의 청약 마감은 오는\xa025일 오후 1시다.김수정 기자 superb@mt.co.kr머니S 관련뉴스해당 언론사에서 선정하며 언론사 페이지(아웃링크)로 이동해 볼 수 있습니다.신동진 아나운서 ""신동호 국장, 개인 이익위해 동료 팔아… 즉각 사퇴해야""스페인 경찰, 바르셀로나 테러 밴차량 운전자 사살태풍 하토, 대만 인근서 이동… 홍콩·베트남 등 이번주 영향권""강남역 살인 사건 범인, 5억원 배상하라""… 피해자 부모 손배소 승소삼성, 싸이월드에 투자… 서비스 도입 여부는 \'미정\'좋아요0훈훈해요0슬퍼요0화나요0후속기사 원해요0기사제공 :']"
15,삼성전자, 2017-08-2309:53,매일경제 ,"무궁화신탁, 평택 미군 렌탈하우스 ‘오딧세이 이글 3차’ 분양",https://finance.naver.com/news/news_read.nhn?article_id=0004001058&office_id=009&mode=search&query=삼성전자&page=8,"['       무궁화신탁, 평택 미군 렌탈하우스 ‘오딧세이 이글 3차’ 분양      기사입력2017-08-23 09:53기사원문좋아요훈훈해요좋아요 평가하기공감좋아요0훈훈해요0슬퍼요0화나요0후속기사 원해요0댓글오딧세이이글 3차 투시도 [사진제공: 무공화신탁] 무궁화신탁(시행수탁자)은 17일 서울 송파구 문정동 송파푸르지오시티 2층에서 미군 렌탈하우스 ‘오딧세이 이글 3차\' 홍보관을 열고 오피스텔과 상가 분양에 나섰다고 23일 밝혔다.경기도 평택시 팽성읍 안정리 일대에 들어서는 이 단지는 대지면적 941㎡ 지하 6층~지상 14층 오피스텔 112실과 1~2층 상업시설 4개 점포로 구성된다.오피스텔은 미군이 선호하는 방 3개(화장실 2개)를 갖춘 다양한 평면설계가 적용됐다. 여기에 옥상정원, 피트니스시설, 바비큐장, 당구장 등 커뮤니티공간도 마련될 예정이다.사업지 인근에는 2020년까지 여의도 5.4배 규모인 약 1467만7685㎡에 단일 미군기지로는 가장 큰 4만6000여명이 근무하는 기지가 건설 중이다. 미군과 미군무원의 거주 비율은 영내 40%, 영외 60%다. 약 5500명이 영외에서 거주해야 한다.이외에 삼성전자 고덕반도체공장 가동과 함께 대규모 국제신도시 등 개발로 2020년까지 약 15만명 고용창출 효과가 발생할 것으로 예상된다. 수서~평택KTX(SRT) 정차역인 평택 지제역이 지난해 개통돼 교통여건이 크게 좋아졌다.분양 관계자는 ""해당 사업장은 미군부대(K-6) 바로 앞에 위치해 렌탈수요가 탄탄하다\'면서 ""인근 고덕산업단지를 중심으로 신도시와 삼성전자, LG전자 산업단지, 광역교통망 등 각종 개발호재가 풍부해 투자자들의 문의가 증가하고 있다""고 말했다.[MK 부동산센터][매일경제 공식 페이스북] [오늘의 인기뉴스] [매경 프리미엄][ⓒ 매일경제 & mk.co.kr, 무단전재 및 재배포 금지]매일경제 관련뉴스해당 언론사에서 선정하며 언론사 페이지(아웃링크)로 이동해 볼 수 있습니다.아이비, \'8살 연하남친 고은성\' 홀린 특급 글래머 몸매베이징車 ""싼타페급 전기SUV가 2천만원""문지애 득남…""MBC 제작거부 아나운서 응원""""충돌 美 이지스함, 사고 전 해킹됐을 수도""서예지, \'파격 노출\' 시선집중 ""베이글녀가 따로 없네""좋아요0훈훈해요0슬퍼요0화나요0후속기사 원해요0기사제공 :']"
16,삼성전자, 2017-08-2309:51,MBN ,"삼성 vs LG전자, 스마트폰 시장의 승자는?…격전의 날은 9월 15일",https://finance.naver.com/news/news_read.nhn?article_id=0001166126&office_id=057&mode=search&query=삼성전자&page=8,"['       삼성 vs LG전자, 스마트폰 시장의 승자는?…격전의 날은 9월 15일       기사입력2017-08-23 09:51기사원문좋아요훈훈해요좋아요 평가하기공감좋아요0훈훈해요0슬퍼요0화나요0후속기사 원해요0댓글 삼성 vs LG전자, 스마트폰 시장의 승자는?…격전의 날은 9월 15일  LG전자가 하반기 전략 스마트폰 V30의 티저 영상 광고 두 편을 공개했습니다. 지난 22일 관련 업계에 따르면 전날 공개된 광고 두 편은 각각 15초 분량이며, 경쟁작인 삼성전자의 갤럭시노트8을 겨냥한 내용이어서 눈길을 끕니다.첫 번째 광고는 파란 연필을 손으로 부러뜨리는 장면과 함께 \'조금만 기다려. 뭐가 다른지 똑 부러지게 보여줄게\'라는 내레이션 문구를 보여줍니다. 두 번째 광고는 파란색 노트 속지에 \'너와 헤어져야 할 이유가 생겼어\'라고 쓴 뒤 속지를 찢어버리는 장면이 담겼습니다. 두 광고 모두 \'새로움. 여기서부터\'라는 메인 카피와 함께 V30의 공개일인 8월 31일을 화면에 띄우며 마무리됩니다. 파란 연필과 노트는 갤럭시노트8의 S펜과 상품명을 떠올리게 합니다. 공격적인 광고 문구와 이미지는 갤노트8에 대한 정면승부를 예고하는 것으로 해석됩니다. V30과 갤노트8은 9월 15일 국내 동시 출시가 유력합니다. V30는 18대 9 화면비의 2880×1440 OLED 디스플레이가 전면부를 꽉 채운 \'올레드 풀비전\' 제품으로 향상된 카메라 성능을 앞세웠습니다. 후면 듀얼 카메라의 표준렌즈는 지금까지 공개된 스마트폰 카메라 중 최고 수준인 F1.6의 조리갯값을 구현합니다. 빛을 많이 받아들여 더 밝고 선명한 사진 촬영이 가능합니다.[MBN 뉴스센터 / mbnreporter01@mbn.co.kr] < Copyright ⓒ MBN(www.mbn.co.kr) 무단전재 및 재배포 금지 >MBN 관련뉴스해당 언론사에서 선정하며 언론사 페이지(아웃링크)로 이동해 볼 수 있습니다.女교사, 초등생과 9차례 성관계…이 뿐만 아니다?\'남편 잃은\' 송선미, 심경 고백 ""그립지만 저는…""""꼴보기도 싫다"" 취준생 20대 아들 살해한 父""시신 소장하려했다"" 충격 발언에…\'최고형\'20대女 상대로 사기친男…편의점으로 2억을?좋아요0훈훈해요0슬퍼요0화나요0후속기사 원해요0기사제공 :']"
17,삼성전자, 2017-08-2309:49,주간경향 ,"[포커스]삼성생명의 삼성전자 주식 매각하느냐, 매각당하느냐",https://finance.naver.com/news/news_read.nhn?article_id=0000035681&office_id=033&mode=search&query=삼성전자&page=8,"[""       [포커스]삼성생명의 삼성전자 주식 매각하느냐, 매각당하느냐      기사입력2017-08-23 09:49기사원문좋아요훈훈해요좋아요 평가하기공감좋아요0훈훈해요0슬퍼요0화나요0후속기사 원해요0댓글ㆍ삼성의 피할 수 없는 과제… 정부와 정치권 초미의 관심삼성생명의 ‘삼성전자 지분 매각’ 문제가 정치권을 중심으로 공론화되고 있다. 삼성생명은 국내 최대 기업인 삼성전자의 지분 8.24%를 보유한 최대주주다. 7월 말 기준 보유지분의 시세가치는 무려 32조원에 달한다.정치권에서는 ‘경제민주화’를 내건 문재인 정부 집권기야말로 그간 온갖 특혜 논란을 빚어온 삼성생명의 삼성전자 지분 보유 문제를 해소할 적기라고 판단하고 있다. 금융산업의 구조개선에 관한 법률(금산법) 상 상호출자제한 기업집단의 금융회사는 그룹 내 비금융회사 지분을 5% 이상 취득하지 못하도록 돼 있다. 이에 따르면 삼성생명 역시 삼성전자의 지분을 5% 이상 가질 수 없지만, 참여정부 당시 법 개정 이전에 취득한 주식에 대해선 예외를 인정해준 탓에 삼성생명은 계속 삼성전자의 최대주주 지위를 유지할 수 있었다.삼성생명, 삼성물산 등 주요 그룹 계열사들이 밀집해있는 서울 서초동 '삼성타운'에 깃발이 펄럭이고 있다. / 이준헌 기자특혜 비판 받아온 취득원가 기준삼성생명의 최대주주는 이건희 삼성전자 회장(20.76%)이다. 삼성생명의 2대주주는 삼성물산(19.34%)인데, 삼성물산의 최대주주는 이재용 삼성전자 부회장(17.08%)이다. 삼성물산은 삼성전자의 2대주주이기도 하다. 삼성 총수 일가가 5%대의 턱없이 적은 지분으로 삼성전자를 ‘지배’할 수 있었던 핵심 원동력 중 하나가 삼성생명이다.삼성전자 지분 매각 문제는 삼성그룹의 지주회사체제 전환을 위해서라도 피해갈 수 없는 필수과제다. 삼성도 마냥 이 문제를 외면할 수만은 없다는 얘기다. 정부와 정치권이 이 문제를 어떻게 풀어나가느냐에 따라 아직 순환출자 문제를 안고 있거나 경영승계 초기과정에 있는 다른 재벌기업들도 큰 영향을 받게 될 전망이다.삼성생명이 삼성전자 주식 일부 혹은 대부분을 매각해야 하는 상황은 크게 두 가지 경우로 나눠볼 수 있다. 첫 번째는 삼성이 지주회사체계로의 개편과정에서 자의로 주식 매각에 나서는 경우다. 전문가별로 시점이나 방식에는 다소 차이가 있지만 삼성그룹 구조개편의 큰 축 중 하나는 삼성생명을 중심으로 하는 금융지주회사 설립이다. 삼성생명을 금융지주회사로 만든 뒤 삼성화재, 삼성카드 등 금융계열사를 자회사로 편입하는 방식이다.최고의 삼성 전문가로 꼽히는 김상조 공정거래위원장 역시 지난해 2월 경제개혁연대에서 발간한 ‘삼성그룹의 금융지주회사 설립에 대한 분석과 전망’ 보고서에서 “향후 1~2년 내 금융지주회사 전환작업이 공식화될 것”이라고 전망한 바 있다.김 위원장의 당시 예측은 정확했다. 삼성은 공개적으로 금융지주회사 설립을 인정하거나 언급한 바 없지만 실제로는 물밑작업을 통해 부지런히 금융지주회사 설립을 준비 중이었다는 사실이 공교롭게도 이재용 부회장의 뇌물공여 혐의 재판과정에서 밝혀졌다. 공판을 통해 확인된 증언 등에 따르면 삼성은 지난해 1월 금융위원회에 회사 분할과 삼성전자 주식 매각 문제에 대한 자체 보고서를 만들어 “실현 가능성을 검토해 달라”고 타진했다. 금융지주회사를 설립하려면 금융위의 사전 승인이 필요하기 때문이다. 삼성생명은 이에 대해 “강화되는 국제 회계기준에 맞춰 회사를 개편하기 위한 차원”이라고 해명했지만, 재계에선 이를 금융지주회사 설립을 위한 준비작업으로 해석하고 있다.삼성생명이 금융지주로 개편하면서 삼성전자 주식을 매각하는 방안은 정부나 삼성에나 최선의 방식이다. 정부 입장에서는 이른바 ‘삼성 특혜’에 대한 짐을 덜 수 있고, 삼성 입장에선 이재용 부회장을 중심으로 한 지주회사체계로의 그룹 구조개편에 속도를 더할 수 있다.이에 비해 삼성전자 주식을 매각해야만 하는 정반대 시나리오도 있다. 바로 보험업법이나 보험업법 감독규정 개정을 통한 삼성전자 지분에 대한 사실상의 ‘강제매각’ 조치다.금융지주 전환 시 ‘매각기간’이 관건보험사의 경우 보험업법 제106조에 따라 대주주 및 대통령령으로 정하는 자회사의 채권이나 주식을 소유할 때 총자산의 3% 이하 금액만 쓸 수 있도록 규정하고 있다. 삼성생명의 경우 올 3월 기준 총자산은 약 199조원이므로 원칙적으로는 삼성전자의 주식을 최대 약 5조9700억원까지 보유할 수 있다.하지만 삼성생명은 시세가치가 30조원이 넘는 삼성전자 주식을 계속 보유해 왔다. 어떻게 가능했을까. 하위 보험업법 감독규정에서 보험사가 보유 중인 주식의 가치를 평가할 때 시세가치(공정가치)가 아닌 취득원가를 기준으로 하도록 하고 있는 탓이다. 삼성생명이 삼성전자를 취득할 당시 총원가는 5조6716억원으로 최대 보유한도인 5조9700억원에 약간 못미친다.취득원가를 기준으로 하고 있는 이 감독규정은 시민단체 등으로부터 “삼성을 위한 전형적인 특혜 규정”이라는 비판을 받아왔다. 학계에서도 은행 등 다른 금융권과는 달리 유독 보험사에만 취득원가를 적용하는 규정을 놓고 문제제기가 있어 왔다. 여당 내부에서도 이에 대한 비판적인 시각이 많았고, 이종걸 의원 등은 현행 ‘취득원가’ 기준을 ‘공정가치’ 기준으로 바꾸도록 하는 보험업법 개정안을 국회에 제출한 상태다. 기준 변경은 금융위가 현행 규정을 바꾸는 것만으로도 가능하다. 기준이 바뀔 경우 삼성은 최단 1년부터 최장 7년 이내에 법적 주식 보유 허용한도 금액(5조9700억원)을 초과하는 26조원가량의 삼성전자 주식을 의무적으로 매각해야 한다.보험업법 개정안 통과될까보험업법 개정이나 감독규정 변경을 통한 강제매각은 이 부회장 입장에서는 피하고 싶은 일이다. 이 경우 주식 매각으로 얻는 차익 대부분을 유배당 계약자나 주주들에게 돌려줘야 하기 때문이다. 또한 이 부회장 입장에서는 최대한 삼성생명이 삼성전자의 주식을 많이 보유하고 있는 것이 나은 선택이다. 금융지주회사로 삼성생명을 전환할 경우 금융지주회사법에 따라 삼성생명은 삼성전자의 특수관계인 중 ‘최대주주’만 아니면 된다. 이에 따르면 삼성생명은 2대주주인 삼성물산의 지분율(4.57%)보다 낮게만 지분을 유지하면 문제가 없다. 현재 보유 중인 지분 중 3.91% 정도만 매각하면 된다는 얘기다.하지만 이 역시 결코 쉬운 문제는 아니다. 지분 3.91%만 판다고 해도 매각대금이 10조원을 훌쩍 넘어간다. 이 덩치 큰 주식을 언제 누구한테 얼마에 파느냐도 관건이다. 주식 대량매각으로 인한 주가 하락 등 부가적인 문제도 걸린다는 게 삼성생명의 입장이다.무엇보다 최대 관건은 실제 매각에 나설 경우 얼마 동안의 기간에 걸쳐 매각을 하느냐 여부다. 이 문제는 매우 중요하다. 매각 기간이 짧으면 짧을수록 유배당 계약자들에게 환원해줘야 할 차익이 커지기 때문이다. 경제개혁연대가 올 2월 발표한 ‘삼성그룹의 지주회사 전환 등에 따른 삼성생명 유배당 계약자에 대한 배당문제’ 보고서를 보면 ‘삼성전자 지분 전량 매각’을 가정할 때 삼성생명이 1년 내 지분을 매각할 경우 유배당 계약자들에게 돌아가는 배당 재원은 약 3조9000억원인 데 비해 7년간에 걸쳐 지분을 매각할 경우 배당 재원은 1조8567억원으로 2조원 이상 차이가 난다.삼성생명의 경우 삼성전자 주식을 취득할 당시 ‘자금’은 모두 유배당 계약자들의 호주머니에서 나왔다. 주식 취득이 이뤄진 1990년대 이전에는 삼성생명이 유배당 상품만 팔았기 때문이다. 유배당 계약자들의 돈으로 산 주식인 만큼 최대한 이들에게 많은 배당이 돌아가도록 하는 게 상식적이지만 삼성의 ‘본심’은 그렇지 않다는 게 정치권의 해석이다.박용진 더불어민주당 의원(국회 정무위)실의 김성영 보좌관은 “삼성이 금융위에 삼성생명 분할 문제 검토를 의뢰했을 때 사실 최대 쟁점은 주식 매각기간을 7년으로 해달라는 것이었다”며 “하지만 금융위는 난색을 표하며 2년 내 매각 방침을 고수해 계획이 실행되지 못한 것”이라고 밝혔다.본래 금융지주회사법 상 이 같은 초과지분 매각 시 기본 5년이 주어지고, 금융위는 상황을 고려해 최장 2년까지 매각기간을 추가로 부여할 수 있다. 삼성 측은 이를 근거로 매각기간을 7년으로 요구했지만 당시 보고서를 검토한 금융위 관계자는 “삼성생명은 보험사라 규정상 2년 이내로 해야 한다”며 반려한 것이다. 방영민 삼성생명 부사장은 이 부회장 공판에 출석해 “2년 내 지분을 매각하라는 금융위 요구는 현실적으로 받아들이기가 불가능했다”고 증언하기도 했다. 삼성의 ‘본심’이 드러남에 따라 금융지주 전환이 진행될 경우 주식 매각기간을 어떻게 설정하느냐를 놓고 상당한 논란이 일 것으로 전망된다.삼성생명의 금융지주 전환 문제와는 별개로 주식평가액 기준을 공정가치로 변경하려는 움직임은 계속 진행 중이다. 이종걸 의원이 발의한 보험업법 개정안의 경우 보험업법 감독규정을 직접 공정가치 기준으로 고쳐놓았다. 대신 달라진 법 적용으로 지분을 매각해야 할 경우에는 7년에 걸쳐 매각하도록 했다. 한 재계 관계자는 “삼성에 대한 특혜도 없애는 동시에 단기간 주식 매각으로 인한 시장 혼란, 주주가치 훼손 등을 막기 위한 절충안으로 보인다”고 밝혔다. 개정안이 국회 문턱을 넘을 수 있을지 여부는 미지수다. 발의 때부터 이미 ‘삼성을 겨냥한 표적입법’이라는 반론이 제기된 데다, 개정안에서 제시한 ‘7년’의 매각기간이 지나치게 길다는 지적도 일각에서 나온다.공정가치로 변경하는 것은 금융위가 자체 감독규정만 고쳐도 가능한 일이지만 재계는 당장 실현될 가능성은 낮게 보고 있다. 우선 문재인 정부가 발표한 ‘국정운영 5개년 계획’에 이 내용이 들어 있지 않고, 무엇보다 금융위가 적극적이지 않아 보인다는 이유에서다. 개정안에 대한 국회 정무위원회의 검토보고서에 따르면 금융위는 “보험은 장기계약의 성격을 가지므로 단순한 자산가치 변동에 따라 평가기준을 바꾸는 건 합리적이지 않다”고 밝혔다.법 개정이나 규정 변경을 통해 기준을 바꾼다 해도 삼성생명이 인적분할 등을 통해 금융지주 전환을 추진할 경우 이 법을 적용할 수 있을지 불투명하다는 지적도 있다. 경제개혁연대 이은정 실행위원은 “인적분할로 보험회사가 신설회사의 주식을 신규 취득한 것으로 볼 때 자산운용 규제의 기준을 취득가로 할지 시가로 할지에 대한 명확한 해석도 없고 사례도 없다”고 밝혔다.서울 서초동 삼성사옥에서 직원들이 점심식사를 하기 위해 사무실을 나서고 있다. / 김창길 기자발의된 ‘퇴로차단법’ 주목이와 함께 삼성생명의 전자 지분 매각을 ‘촉진’할 또 다른 법안이 발의돼 있는 것도 주목할 점이다. 민주당 박용진 의원은 11일 법률의 제·개정으로 특정 주주의 지분 매각이 강제되는 경우, 불가피한 사유에 한해 특정 주주가 해당 지분을 매입하는 것을 허용하는 내용의 ‘자본시장과 금융투자업에 관한 법률 개정안’을 발의했다. 현재 논의되는 삼성생명의 삼성전자 지분 매각 과정에서 가장 큰 걸림돌은 막대한 금액의 주식을 제대로 처분하기 어렵다는 문제다. 박 의원이 발의한 개정안이 통과되면 삼성생명이 지분을 매각할 때 주권상장법인인 삼성전자가 예외적으로 이를 바로 사들일 수 있게 된다. 단, 이 예외 적용에 따른 단서조항에 따라 삼성전자는 사들인 지분을 즉시 소각해야 한다. 삼성 측이 그간 전자 지분 매각에 대해 “처분 자체가 곤란하다”며 퇴로로 삼아왔음을 빗대 재계에서는 이 법을 ‘퇴로차단법’이라고도 부르고 있다.김진방 인하대 경제학과 교수는 “주식 대량매각 시 문제가 되는 건 가격 조작 등의 부정거래 문제인데 예외적으로 합법적인 길을 열어두는 것은 합리적으로 보인다”며 “다만 지분을 매입하는 과정에서 일부 주주들의 반발이 있을 수 있겠지만 시장가격에 합당하게 매입해 소각한다면 주주가치 훼손 등의 문제도 발생하지 않을 것”이라고 밝혔다. © 주간경향 (weekly.khan.co.kr), 무단전재 및 재배포 금지 〈경향신문은 한국온라인신문협회(www.kona.or.kr)의 디지털뉴스이용규칙에 따른 저작권을 행사합니다.〉주간경향 관련뉴스해당 언론사에서 선정하며 언론사 페이지(아웃링크)로 이동해 볼 수 있습니다.[특집]한국 방직산업 몰락의 뒤안길적립식 펀드는 왜 왕따가 되었나가계빚 급증에 '재미 본' 은행들[표지 이야기]빼앗긴 삼성 노조활동에도 '봄'은 오는가[정창수의 '나라살림을 제대로 바꾸는 법']LED 교체가 예산절약이라는 착각좋아요0훈훈해요0슬퍼요0화나요0후속기사 원해요0기사제공 :""]"
18,삼성전자, 2017-08-2309:44,조선비즈 ,"키움증권, 삼성전자·페이스북 ELS 판매",https://finance.naver.com/news/news_read.nhn?article_id=0000380628&office_id=366&mode=search&query=삼성전자&page=8,"['       키움증권, 삼성전자·페이스북 ELS 판매      기사입력2017-08-23 09:44기사원문좋아요훈훈해요좋아요 평가하기공감좋아요0훈훈해요0슬퍼요0화나요0후속기사 원해요0댓글 키움증권이 세전 연11.4%의 수익을 추구하는 삼성전자&페이스북 ELS(주가연계증권)를 출시한다.이번에 출시되는 ‘제92회 글로벌 100조 클럽 ELS’의 기초자산은 삼성전자와 페이스북 두 종목이다.추구수익률은 세전 연 11.4%이고 만기는 3년이다. 발행 후 6개월마다 조기상환기회가 주어진다.조기상환 평가일에 두 기초자산이 모두 최초 기준가격의 90%(6개월, 12개월, 18개월), 85%(24개월, 30개월, 36개월) 이상인 경우 최고 34.2%(연 수익률 11.4%, 세전) 수익으로 상환된다.투자기간 동안 기초자산 중 하나가 최초기준가격의 60% 미만으로 떨어진 적이 있다면 원금손실이 발생할 수 있다.청약 마감은 오는 25일 오후 1시다. 자세한 내용은 키움증권 홈페이지(www.kiwoom.com)나 키움금융센터(1544-9200)로 문의하면 된다.[박현익 기자 beepark@chosunbiz.com]chosunbiz.com조선비즈 관련뉴스해당 언론사에서 선정하며 언론사 페이지(아웃링크)로 이동해 볼 수 있습니다.""3000만원 싸게"" 집 회수하는 다주택자들""한국 가지 말라니깐…"" 골치 아픈 중국무조건 사드 탓? 중국인에 난리 난 \'한국 제품\'""내 돈 어떡해""…용산땅 사들인 건설사 망연자실""朴 정부 덕분에 대박""…신바람 난 중국 선사들좋아요0훈훈해요0슬퍼요0화나요0후속기사 원해요0기사제공 :']"
19,삼성전자, 2017-08-2309:39,헤럴드경제 ,갤럭시노트8 예상판매량 올 하반기 1100만대,https://finance.naver.com/news/news_read.nhn?article_id=0001280499&office_id=016&mode=search&query=삼성전자&page=8,"['       갤럭시노트8 예상판매량 올 하반기 1100만대      기사입력2017-08-23 09:39기사원문좋아요훈훈해요좋아요 평가하기공감좋아요0훈훈해요0슬퍼요0화나요0후속기사 원해요0댓글 [헤럴드경제=문영규 기자]삼성전자의 갤럭시노트8 출시가 임박한 가운데 금융투자업계 일각에선 올 하반기 판매량을 1100만대 수준으로 예측했다.김동원 KB증권 연구원은 23일 발간한 보고서에서 하반기 갤럭시노트8 출하량을 3분기 350만대, 4분기 750만대로 올해 하반기만 총 1100만대에 이를 것으로 전망했다.이는 갤럭시노트3 판매량인 1200만대에 이어 역대 노트 시리즈 가운데 2번째로 가장 많은 수준이다. [사진제공=연합뉴스]KB증권에 따르면 갤럭시노트1은 100만대, 노트2는 850만대, 노트4와 노트5는 각각 800만대와 850만대 가량 팔린 것으로 전해졌다.그는 “갤럭시노트8의 4분기 출하비중이 68%에 이를 것”으로 전망하며 “4분기 IM사업부 영업이익은 전분기(3조원) 대비 10% 증가한 3조3000억원(전년대비 32%)”으로 추산했다.이에 따른 삼성전자의 4분기 전체 영업이익은 전분기대비 8%, 전년대비 62% 급증한 14조9000억원에 이를 것으로 예상했다.갤럭시노트8 출시 수혜주로는 삼성전자와 삼성전기가 꼽힌다.김동원 연구원은 “갤럭시노트8 듀얼카메라 수요의 80% 이상을 공급하는 삼성전기는 3분기부터 큰 폭의 실적개선이 전망된다”며 “삼성전기의 3분기 영업이익은 전분기대비 77% 증가(전년대비 877% 증가)한 1251억원으로 예상되고 하반기 영업이익도 상반기대비 129% 증가 (전년대비 흑자전환)한 2207억원으로 추정된다”고 분석했다.김 연구원은 이번 갤럭시노트8 출시 의의로 삼성전자 플래그십 스마트폰에서 듀얼카메라가 최초로 탑재된 점, 갤럭시노트7 발화이슈 이후 대화면 스마트폰 대기 수요 흡수가 가능할 것이라는 점 등을 꼽았다.ygmoon@heraldcorp.com▶영감이란 불꽃에 타오르게할 스토리(INSPIRE)▶앞서가는 젊은 경제신문 친구맺기 ▶오늘의 운세 날씨 - Copyrights ⓒ 헤럴드경제 & heraldbiz.com, 무단 전재 및 재배포 금지 -헤럴드경제 관련뉴스해당 언론사에서 선정하며 언론사 페이지(아웃링크)로 이동해 볼 수 있습니다.김성경 ""어릴 땐 언니보다 예뻐""…김성령 향한 열등감이사강 사마귀턱,쌍꺼풀에 \'성형 의혹\' 재부상\'릴리안 생리대\' 집단소송 관심 폭증…이틀새 2000명갤럭시노트8 D-1…""탄탄한 노트 마니아층 재결집""\'외부자들\' 나경원 ""문 대통령, 지지자 꺾을 강단 없어""좋아요0훈훈해요0슬퍼요0화나요0후속기사 원해요0기사제공 :']"
0,삼성전자, 2017-08-2309:38,이데일리 ,"[머니팁]키움증권, 세전 연 11.4% 추구 ‘삼성전자&페이스북 ELS’ 판매",https://finance.naver.com/news/news_read.nhn?article_id=0003904475&office_id=018&mode=search&query=삼성전자&page=9,"['       [머니팁]키움증권, 세전 연 11.4% 추구 ‘삼성전자&페이스북 ELS’ 판매      기사입력2017-08-23 09:38기사원문좋아요훈훈해요좋아요 평가하기공감좋아요0훈훈해요0슬퍼요0화나요0후속기사 원해요0댓글- 만기 3년, 발행 후 6개월마다 조기상환 기회사진=키움증권 제공[이데일리 윤필호 기자] 키움증권은 세전 연11.4%의 수익을 추구하는 ‘삼성전자&페이스북 ELS(주가연계증권)’를 출시한다고 23일 밝혔다.이번에 출시되는 ‘제92회 글로벌 100조 클럽 ELS’의 기초자산은 삼성전자와 페이스북 두 종목이다. 추구수익률은 세전 연 11.4%이고 만기는 3년이다. 발행 후 6개월마다 조기상환기회가 주어지며 조기상환 평가일에 두 기초자산이 모두 최초 기준가격의 90%(6개월, 12개월, 18개월), 85%(24개월, 30개월, 36개월) 이상인 경우 최고 34.2%(연 수익률 11.4%, 세전) 수익으로 상환된다. 투자기간 동안 기초자산 중 하나가 최초기준가격의 60% 미만으로 떨어진 적이 있다면 원금손실이 발생할 수 있다. 청약 마감은 25일 13시까지다.윤필호 (nothing@edaily.co.kr)▶심쿵유발 스타 화보 [핫포토]▶[페이스북] 보러가기~♥ | [카카오톡] 플친 맺기~♥＜ⓒ종합 경제정보 미디어 이데일리 - 무단전재 & 재배포 금지＞이데일리 관련뉴스해당 언론사에서 선정하며 언론사 페이지(아웃링크)로 이동해 볼 수 있습니다.한명숙 새로운 세상 드디어 만나..당당하게 살아갈 것(종합)유아휴직수당 인상하면 뭐하나…임신하니 나가라는 회사가게 팔아도 빚 못갚는 자영업자 12만 \'시한폭탄\'현대차 ""미국시장 겨냥 픽업트럭 출시""규제 전 분양권 샀는데..… \'중도금 대출 불가\'에 뿔난 실수요자좋아요0훈훈해요0슬퍼요0화나요0후속기사 원해요0기사제공 :']"
1,삼성전자, 2017-08-2309:38,파이낸셜뉴스 ,[Fn 오전시황]코스피 2370선 ‘훌쩍’...美 세제개편안 기대 효과,https://finance.naver.com/news/news_read.nhn?article_id=0003862358&office_id=014&mode=search&query=삼성전자&page=9,"[""       [Fn 오전시황]코스피 2370선 ‘훌쩍’...美 세제개편안 기대 효과      기사입력2017-08-23 09:38기사원문좋아요훈훈해요좋아요 평가하기공감좋아요0훈훈해요0슬퍼요0화나요0후속기사 원해요0댓글  코스피가 23일 미국의 세제개편안 단행 기대 효과로 2370선 위로 훌쩍 뛰어올랐다.  이날 오전 9시12분 현재 코스피는 전날보다 8.20포인트(0.35%) 오른 2373.53을 가리키고 있다.  전날보다 11.20포인트(0.47%) 오른 2,376.53에 출발한 코스피는 한때 2379.59까지 올라 2380선까지 넘보는 등 추가 상승 기회를 엿보고 있다.  22일(미국시간) 뉴욕증권거래소(NYSE)에서 다우존스 30 산업평균지수는 전장보다 196.14포인트(0.90%) 상승한 2만1899.89에 거래를 마쳤다. 스탠더드앤드푸어스(S&P) 500 지수는 전장보다 24.14포인트(0.99%) 높은 2452.51에, 기술주 중심의 나스닥 지수는 84.35포인트(1.36%) 오른 6297.48에 각각 장을 마감했다.  이날 유가증권시장에서 외국인은 130억원을 순매수하고 있다. 외국인은 코스피에서 이틀 연속 순매수를 이어가고 있다. 개인도 222억원 순매수로 지수를 밀어올리고 있다. 반면 기관은 371억원 매도 우위다.  시가총액 상위주는 대체로 상승세다.  삼성전자는 1.40% 상승했고, SK하이닉스는 0.73% 올랐다. 한국전력(0.11%), LG화학(0.28%), NAVER(1.17%), 삼성물산(0.76%), 신한금융지주(0.58%) 등도 함께 강세다. 반면 현대차(-0.68%), 포스코(-0.29%), 현대모비스(-0.80%) 등은 소폭 하락했다.  업종별로는 전기전자(1.14%)의 상승세가 뚜렷하다. 의료정밀(0.59%), 제조업(0.49%), 서비스업(0.46%), 유통업(0.39%), 건설업(0.30%) 등도 함께 오르고 있다.  반면 철강금속(-0.63%), 보험(-0.35%), 은행(-0.34%), 비금속광물(-0.34%), 통신업(-0.24%) 등은 하락하고 있다. ggg@fnnews.com 강구귀 기자   ▶ 세상의 모든 골 때리는 이야기 'fn파스'▶ 속보이는 연예뉴스 fn스타  ※ 저작권자 ⓒ  파이낸셜뉴스. 무단 전재-재배포 금지파이낸셜뉴스 관련뉴스해당 언론사에서 선정하며 언론사 페이지(아웃링크)로 이동해 볼 수 있습니다.세계서 가장 예쁜 기상캐스터, 몸매 때문에 시청률이..불륜녀로 찍힌 걸그룹 출신 여성의 최후별장에서 벌거벗은 男 웃는 사진, 꽃뱀의 최후대왕 여드름인 줄 알고 짰다가 1시간만에.. 뜻밖의 사태배고플 때 호두를 먹으면 생기는 놀라운 변화좋아요0훈훈해요0슬퍼요0화나요0후속기사 원해요0기사제공 :""]"
2,삼성전자, 2017-08-2309:38,서울경제 ,"[오전시황] 글로벌 증시 상승에 코스피, 2,370원 돌파",https://finance.naver.com/news/news_read.nhn?article_id=0003096868&office_id=011&mode=search&query=삼성전자&page=9,"['       [오전시황] 글로벌 증시 상승에 코스피, 2,370원 돌파      기사입력2017-08-23 09:38기사원문좋아요훈훈해요좋아요 평가하기공감좋아요0훈훈해요0슬퍼요0화나요0후속기사 원해요0댓글 [서울경제] 글로벌 증시 상승에 코스피도 오름세다. 개인과 외국인의 순매수세에 코스피지수는 2,370선을 돌파했다. 23일 코스피 지수는 오전 9시 28분 전 거래일 보다 6.80포인트(0.29%) 오른 2,372.13에 거래 중이다. 이날 코스피 지수는 전일 대비 11.20포인트(0.47%) 오른 2,376.53에 출발했다. 간밤 뉴욕증시는 미국의 세제개편 기대감에 상승 마감했다. 최근 주가 하락에 따른 저가매수세가 유입됐고, 장중 세제개편안 통과 가능성이 제기되며 상승했다는 분석이다. 폴 라이언 하원의장은 공화당이 의견 일치를 보이고 있다며 세제개편안이 실패했던 건강보험개혁안보다 통과가 쉬울 수 있음을 시사하기도 했다. 다우존스 30 산업평균지수는 전 거래일 대비 196.14포인트(0.90%) 상승한 2만1899.89를 기록했다. 스탠더드앤드푸어스(S&P) 500 지수는 24.14포인트(0.99%) 뛴 2452.51에, 기술주 중심의 나스닥 지수는 84.35포인트(1.36%) 오른 6297.48에 마감했다. 투자주체별로 살펴보면 코스피지수는 개인과 외국인이 202억원, 161억원을 사들이는 가운데 기관은 369억원어치를 팔고 있다. 대부분의 업종은 혼조세를 보이고 있다. 전기전자(1.1%), 전기가스업(0.45%), 유통업(0.48%), 제조업(0.41%) 등이 상승하고 있고, 철강금속(-1.19%), 운수창고(-0.62%), 증권(-0.63%), 보험(-0.57%) 등은 하락세다. 삼성전자(005930)를 비롯한 대장주들은 상승세다. 삼성전자는 전일보다 2만9,000원(1.23%) 오른 237만9,000원에 거래 중이고, SK하이닉스(000660)(0.15%), 삼성전자우(005935)(0.98%), 한국전력(015760)(0.57%)도 상승 중이다. 네이버는 창업자인 이해진 글로벌투자책임자(GIO)가 지난 22일 보유주식 11만주(0.33%)를 주당 74만3,990원에 블록딜로 처분했다는 공시에 1만원(1.3%) 오른 77만7,000원에 거래되고 있다. 같은 시각 코스닥 지수는 전 거래일보다 0.52포인트(0.08%) 오른 644.78에 거래 중이다. 이날 코스닥지수는 전일 대비 3.53포인트(0.55%) 오른 647.79에 장을 시작했다. 서울 외환시장에서 원·달러 환율은 2원 내린 1,132.5원에 거래되고 있다. /박시진기자 see1205@sedaily.com[서울경제 바로가기]1997년 이래 대한민국 최고의 과학자 DB [바로가기]서울경제의 모든 연재물!... 서경Cube [바로가기▶]저작권자 ⓒ 서울경제, 무단 전재 및 재배포 금지서울경제 관련뉴스해당 언론사에서 선정하며 언론사 페이지(아웃링크)로 이동해 볼 수 있습니다.임종석 ""탁현민 거취, 대통령 인사권 존중돼야""文, 정상외교 재시동...9월초 푸틴과 두번째 정상회담\'릴리안 생리대\' 미개봉상품만 교환 가능? ""이젠 하다 하다 생리대까지"" 네티즌살충제 계란 파동에 되레 오른 文 지지율, 무슨 일이北 ""한마디에 미국의 위용 폴싹""···괌 위협영상 공개좋아요0훈훈해요0슬퍼요0화나요0후속기사 원해요0기사제공 :']"
3,삼성전자, 2017-08-2309:37,데일리안 ,"키움증권, 세전 연11.4% 추구 삼성전자 & 페이스북 ELS 출시",https://finance.naver.com/news/news_read.nhn?article_id=0002205719&office_id=119&mode=search&query=삼성전자&page=9,"['       키움증권, 세전 연11.4% 추구 삼성전자 & 페이스북 ELS 출시      기사입력2017-08-23 09:37기사원문좋아요훈훈해요좋아요 평가하기공감좋아요0훈훈해요0슬퍼요0화나요0후속기사 원해요0댓글키움증권은 세전 연11.4%의 수익을 추구하는 삼성전자&페이스북 주가연계증권(ELS)를 출시한다.ⓒ키움증권키움증권은 세전 연11.4%의 수익을 추구하는 삼성전자·페이스북 주가연계증권(ELS)를 출시한다고 23일 밝혔다.\'제92회 글로벌 100조 클럽 ELS\'의 기초자산은 삼성전자와 페이스북 두 종목이다. 추구수익률은 세전 연 11.4%이고 만기는 3년이다. 발행 후 6개월마다 조기상환기회가 주어지며 조기상환 평가일에 두 기초자산이 모두 최초 기준가격의 90%(6개월, 12개월, 18개월), 85%(24개월, 30개월, 36개월) 이상인 경우 최고 34.2%(연 수익률 11.4%, 세전) 수익으로 상환된다. 투자기간 동안 기초자산 중 하나가 최초기준가격의 60% 미만으로 떨어진 적이 있다면 원금손실이 발생할 수 있다.청약 마감은 오는 25일 오후 1시다.데일리안 한성안 기자ⓒ (주)데일리안 - 무단전재, 변형, 무단배포 금지데일리안 관련뉴스해당 언론사에서 선정하며 언론사 페이지(아웃링크)로 이동해 볼 수 있습니다.현대차투자증권, 연 5.0% 제공 ELS 1종 공모하나금융투자, 독일지수 기초자산 ELS 등 총 5종 모집KB증권, ELS·DLS 8종 공모 시작[인사]키움증권""쿠쿠전자, 제품 믹스 악화와 사드 여파에 수익 정상화 불확실…목표가↓""-키움증권좋아요0훈훈해요0슬퍼요0화나요0후속기사 원해요0기사제공 :']"
4,삼성전자, 2017-08-2309:32,뉴시스 ,[개장시황]美증시 훈풍에 코스피 상승 출발···2370선에서 등락,https://finance.naver.com/news/news_read.nhn?article_id=0008135157&office_id=003&mode=search&query=삼성전자&page=9,"['       [개장시황]美증시 훈풍에 코스피 상승 출발···2370선에서 등락      기사입력2017-08-23 09:32기사원문좋아요훈훈해요좋아요 평가하기공감좋아요0훈훈해요0슬퍼요0화나요0후속기사 원해요0댓글【알링턴=AP/뉴시스】도널드 트럼프 미국 대통령이 21일(현지시간) 버지니아주 알링턴에 있는 포트 마이어에서 새로운 아프가니스탄 전략을 밝히고 있다. 2017.08.22【서울=뉴시스】남빛나라 기자 = 밤사이 미국 증시가 트럼프발(發) 불확실성이 작아지면서 상승 마감한 가운데 23일 코스피도 상승 출발했다. 이날 코스피지수는 전 거래일(2365.33)보다 11.2포인트(0.47%) 오른 2376.53으로 출발했다. 이후 오전 9시24분 기준 2370선에서 움직이고 있다.유가증권시장(코스피)에서 외국인(+177억원)과 개인(+173억원)은 매수 우위를 보이고 있다. 기관(-354억원)은 순매도세다. 외국인의 매수세는 전기전자 업종(+383억원)에서 두드러졌다. 지난 밤사이 미국에서는 도널드 트럼프 대통령의 정책 방향성을 구체화하는 이슈들이 이어졌다. 트럼프 대통령은 TV로 생중계된 연설을 통해 아프가니스탄 추가 파병 가능성에 대해 언급했다. 그는 ""내 본능은 (미군) 철수였고 나는 본능을 따르는 것을 좋아했지만 백악관 집무실 책상에 앉았을 때는 달라야 한다는 이야기를 들었다""고 발언, 고립주의에서 개입주의로의 변화를 시사했다. 아울러 미국 정치전문매체 \'폴리티코\'는 트럼프 정부와 주요 의원들이 세제개편안에 대한 공감대를 형성했다고 보도해 시장의 기대감을 키웠다. 국내에선 한미연합 을지프리덤가디언(UFG)이 진행 중이지만 지정학적 리스크는 불거지지 않았다. UFG 기간 방한한 미군 수뇌부들이 이례적으로 합동 기자회견을 열고 한미동맹의 견고함을 강조한 데 대해 북한은 별다른 특이 반응을 보이지 않았다.코스피를 업종별로 보면 전기전자(1.13%),  유통업(0.57%), 서비스업(0.55%), 제조업(0.51%) 등이 상승세다. 반면 운수창고(-0.62%), 철강금속(-0.59%), 보험(-0.32%), 증권(-0.19%), 은행(-0.17%) 등은 하락세다.코스피 시가총액 상위종목을 보면 \'대장주\' 삼성전자는 전일 대비 1.19% 오른 237만8000원에 거래 중이다.SK하이닉스(0.73%), 삼성전자우(+1.09%), 한국전력(0.34%), NAVER(1.69%), LG화학(0.14%), 삼성물산(0.76%), 신한지주(0.19%) 등은 빨간불(상승)을 켰다. POSCO(-0.88%), 현대모비스(-0.40%), 삼성생명(-0.84%)에는 파란불(하락)이 들어왔다. 코스닥지수는 전 거래일(644.26)보다 3.53포인트(0.55%) 오른 647.79로 출발했다.서상영 키움증권 연구원은 ""미국 증시에서 반도체를 비롯한 정보기술(IT)과 금융, 바이오 업종이 상승을 주도한 점을 감안하면 한국 증시도 상승세를 이어갈 것""이라며 ""다만 중국 상품선물시장 야간시장에서 철광석, 철근의 급락을 고려하면  관련 종목들이 상승을 제한할 전망이다. 이에 따라 오늘 한국 증시는 전기전자 업종이 상승을 주도할 것으로 보이지만 상승폭은 제한될 것으로 예상된다""고 말했다. 한편 뉴욕증권거래소(NYSE)에 따르면 22일(현지시간) 우량주 중심의 다우존스 30 산업평균지수는 전장보다 196.14포인트(0.90%) 상승한 2만1899.89로 마감했다.대형주 중심의 스탠더드앤드푸어스(S&P)500 지수는 24.14포인트(0.99%) 높아진 2452.51에 거래를 마쳤다. 기술주 중심의 나스닥 지수는 84.35포인트(1.36%) 오른 6297.48로 마감했다. south@newsis.com▶ 뉴시스 빅데이터 MSI 주가시세표 바로가기 ▶ 뉴시스 SNS [페이스북] [트위터]뉴시스 관련뉴스해당 언론사에서 선정하며 언론사 페이지(아웃링크)로 이동해 볼 수 있습니다.\'투기과열지구\' 서울·과천·세종 오늘부터 LTV·DTI 40%로 축소2분기 은행권 부실채권비율 1.25% \'양호\'···조선·해운은 여전히 높아[빅데이터MSI]23일 오전 주식시장 심리 3단계 \'악간 나쁨\'[빅데이터MSI]시장심리 톱5...삼성전자·현대상선·한국가스공사·SK텔레콤·SK이노베이션[빅데이터MSI]23일 빅데이터 \'핫 키워드\'…서비스·시장·스마트폰·제품·투자좋아요0훈훈해요0슬퍼요0화나요0후속기사 원해요0기사제공 :']"
5,삼성전자, 2017-08-2309:30,데일리안 ,뉴욕증시 훈풍에 2370선 회복…전기전자 '강세',https://finance.naver.com/news/news_read.nhn?article_id=0002205716&office_id=119&mode=search&query=삼성전자&page=9,"[""       뉴욕증시 훈풍에 2370선 회복…전기전자 '강세'      기사입력2017-08-23 09:30기사원문좋아요훈훈해요좋아요 평가하기공감좋아요0훈훈해요0슬퍼요0화나요0후속기사 원해요0댓글23일 코스피지수는 전 거래일 대비 11.20포인트(0.47%) 오른 2376.53에 장을 시작했다. ⓒ게티이미지뱅크코스피가 뉴욕증시 상승세에 힘입어 상승출발했다. 23일 코스피지수는 전 거래일 대비 11.20포인트(0.47%) 오른 2376.53에 장을 시작했다.전문가들은 전날 미국 증시가 트럼프 기대감에 힘입어 상승하면서 국내 증시에도 긍정적인 영향을 미쳤다고 분석했다. 22일(현지시간) 뉴욕증시에서 주요 증시는 강세를 나타냈다. 저가매수세와 함께 세제개편 통과 가능성에 대한 기대가 지수 상승을 견인했다.   코스피지수는 오전 9시 26분 현재 2372.31로 상승세를 이어가고 있다. 같은 시간 개인과 외국인은 각각 206억원 165억원을 순매수했다. 반면 기관은 384억원을 순매도했다.시가총액 상위 종목 상승흐름을 나타냈다. 삼성전자는 전일대비 3만3000원(1.40%)오른 238만3000원에 거래되고 있다. SK하이닉스도 전일대비 800원(1.17%)오른 6만9000원을 기록 중이다. 이어 한국전력(0.23%), LG화학(0.55%), NAVER(1.17%), 삼성물산(0.38%), 신한지주(0.38%), KB금융(0.36%), SK(0.75%), 롯데케미칼(0.38%), S-Oil(0.43%), 삼성에스디에스(0.89%), 삼성SDI(0.54%), LG전자(2.25%)등도 올랐다.  반면 현대차(-0.34%), POSCO(-0.29%), 현대모비스(-0.80%), SK텔레콤(-0.19%), 삼성바이오로직스(-0.17%), SK이노베이션(-0.29%), LG생활건강(-0.10%), 하나금융지주(-0.71%), 기아차(-0.42%)등은 내렸다.업종별지수는 전기전자가 1.12%상승하며 가장 큰 오름폭을 나타냈다. LG이노텍은 하반기 실적 기대감에 장 중 17만8000원까지 오르며 신고가를 갈아치웠다. 이어 의료정밀(0.55%), 유통(0.41%), 건설(0.35%), 전기가스(0.23%), 화학(0.11%)등도 상승했다. 반면 철강금속(-0.55%), 보험(-0.40%), 비금속광물(-0.31%), 통신(-0.24%), 의약(-0.22%), 종이목재(-0.16%), 운송장비(-0.10%)등은 하락했다.코스닥은  3.53포인트(0.55%) 오른 647.79 개장했다. 코스닥 시장에서는 개인이 102억원을 순매수했지만 외국인과 기관이 각각 66억원 33억원을 순매도했다.한편, 이날 외환시장에서 원·달러 환율은 1.8원 내린 1132.0원에 시작했다.데일리안 한성안 기자ⓒ (주)데일리안 - 무단전재, 변형, 무단배포 금지좋아요0훈훈해요0슬퍼요0화나요0후속기사 원해요0기사제공 :""]"
6,삼성전자, 2017-08-2309:30,아시아경제 ,"코스피, 美 훈풍에 2370선 회복…개인·외국인 '사자'",https://finance.naver.com/news/news_read.nhn?article_id=0004060024&office_id=277&mode=search&query=삼성전자&page=9,"['       코스피, 美 훈풍에 2370선 회복…개인·외국인 \'사자\'      기사입력2017-08-23 09:30기사원문좋아요훈훈해요좋아요 평가하기공감좋아요0훈훈해요0슬퍼요0화나요0후속기사 원해요0댓글 [아시아경제 조강욱 기자] 코스피가 미국발 훈풍에 힘입어 장 초반 상승세다.23일 오전 9시15분 현재 코스피는 전 거래일보다 0.32% 오른 2372.89에 거래되고 있다.이날 코스피는 전 거래일 대비 0.47% 오른 2376.53에 출발했다.간밤 뉴욕 증시는 일제히 상승했다. 도널드 트럼프 대통령의 대선 공약인 세제개편안에 대한 기대감이 다시 작용하면서 증시를 밀어올렸다. 이날 다우존스산업평균지수는 전일대비 0.90%(196.21포인트) 오른 2만1899.96으로 장을 마감했다. 이날 다우지수 상승 폭은 지난 4월 이후 가장 높은 수준이다. S&P 500 지수 역시 금융주와 기술주들이 함께 오르며 전날보다 0.99%(24.12포인트) 오른 2452.49로 장을 마쳤다. 기술주 중심의 나스닥 지수는 전일대비 1.36%(84.35포인트) 상승한 6297.48로 거래를 마감했다. 이 시각 현재 개인과 외국인들의 매수세가 지수 상승을 뒷받침하고 있다.개인과 외국인은 각각 211억원, 144억원 순매수세를 보이고 있다. 기관 홀로 366억원어치를 순매도하고 있다.시가총액 기준으로는 삼성전자(1.19%)와 NAVER(1.43%)가 1%대 상승률을 보이고 있다. 삼성물산(0.76%), SK하이닉스(0.73%), 신한지주(0.58%), KB금융(0.36%), 한국전력(0.34%), LG화학(0.14%) 등도 오르고 있다.반면 POSCO(-0.88%), 삼성생명(-0.84%), 현대차(-0.34%), 현대모비스(-0.20%) 등은 내리고 있다.업종별로는 전기 ·전자(1.06%), 제조업(0.47%), 서비스업(0.43%), 유통업(0.30%) 등이 상승세인 반면, 철강 ·금속(-0.75%), 운수창고(-0.63%), 보험(-0.52%), 증권(-0.49%), 비금속광물(-0.29%), 종이 ·목재(-0.18%) 등은 하락 중이다.조강욱 기자 jomarok@asiae.co.kr▶ 뉴스가 재밌다! 세상의 모든 재미 [티잼]▶ #아시아경제, #오늘의 많이 본 뉴스(클릭!)아시아경제 관련뉴스해당 언론사에서 선정하며 언론사 페이지(아웃링크)로 이동해 볼 수 있습니다.""미국이 심상찮다"" 백악관 은밀히…美 해군, 전 세계 모든 함대를 일제히…탈모약 먹었는데 성욕이…\'놀라운 변화\'이효리 일냈다…JTBC 대기록 \'초대박\'\'상상 초월\'…北 \'진짜 무서운 무기\' 알고보니좋아요0훈훈해요0슬퍼요0화나요0후속기사 원해요0기사제공 :']"
7,삼성전자, 2017-08-2309:27,서울경제 ,"리켐, 갤럭시노트8 수혜 기대에 상승세",https://finance.naver.com/news/news_read.nhn?article_id=0003096844&office_id=011&mode=search&query=삼성전자&page=9,"['       리켐, 갤럭시노트8 수혜 기대에 상승세      기사입력2017-08-23 09:27기사원문좋아요훈훈해요좋아요 평가하기공감좋아요0훈훈해요0슬퍼요0화나요0후속기사 원해요0댓글 [서울경제] 리켐(131100)이 오는 24일 공개되는 삼성전자 갤럭시노트 8에 대한 기대감으로 장 초반 상승세다.리켐은 23일 오전 9시24분 현재 코스닥 시장에서 전일 대비 9.39%(185원) 오른 2,710원에 거래되고 있다.삼성전자는 23일(현지시간), 한국시간으로 24일 자정 미국 뉴욕서 갤럭시노트8을 공개한다. 리켐은 삼성전자의 2차벤더로 갤럭시 등 제품에 소재를 공급하는 것으로 알려졌다. 리켐 측은 “삼성전자 2차벤더는 맞지만 관련 소재가 갤럭시노트8로 들어가는지 2차벤더로서 알 수는 없다”고 밝혔다. /박호현기자 greenlight@sedaily.com[서울경제 바로가기]1997년 이래 대한민국 최고의 과학자 DB [바로가기]서울경제의 모든 연재물!... 서경Cube [바로가기▶]저작권자 ⓒ 서울경제, 무단 전재 및 재배포 금지서울경제 관련뉴스해당 언론사에서 선정하며 언론사 페이지(아웃링크)로 이동해 볼 수 있습니다.임종석 ""탁현민 거취, 대통령 인사권 존중돼야""文, 정상외교 재시동...9월초 푸틴과 두번째 정상회담\'릴리안 생리대\' 미개봉상품만 교환 가능? ""이젠 하다 하다 생리대까지"" 네티즌살충제 계란 파동에 되레 오른 文 지지율, 무슨 일이北 ""한마디에 미국의 위용 폴싹""···괌 위협영상 공개좋아요0훈훈해요0슬퍼요0화나요0후속기사 원해요0기사제공 :']"
8,삼성전자, 2017-08-2309:24,한국경제TV ,"[외신뉴스] 美 재무부, 북핵 관련 中,러시아 추가 제재",https://finance.naver.com/news/news_read.nhn?article_id=0000569507&office_id=215&mode=search&query=삼성전자&page=9,"['       [외신뉴스] 美 재무부, 북핵 관련 中,러시아 추가 제재      기사입력2017-08-23 09:24기사원문좋아요훈훈해요좋아요 평가하기공감좋아요0훈훈해요0슬퍼요0화나요0후속기사 원해요0댓글[한국경제TV 전세원 기자]5. 먼저 5위는 네슬레와 타이슨, 유니레버와 같은 대형 식품 유통 업체들이 IBM과 손잡고 블록체인 기술을 활용한다는 소식인데요,정보기술부터 온라인 소매업, 식품사업까지 외연을 넓히고 있는 아마존과의 경쟁을 염두에 두고, \'연대\' 움직임을 벌이고 있는 것으로 풀이됩니다.4. 다음으로 호주 광산업체 BHP 빌리턴이 미국 셰일 가스 산업에서 철수한다는 보도가 나왔는데요,저유가 기조가 계속되면서 올 하반기에도 수익 상승을 기대하기 힘든 상황이 되자, 셰일 오일 자산 매각에 나섰다는 분석입니다.3. 삼성전자가 하반기 전략 스마트폰인 갤럭시노트8을 오늘밤 공개합니다.미국 뉴욕에서 한국시간으로 오늘 밤 12시에 열리는 언팩  행사에는,지금까지 삼성이 쌓아 온 행사 역량을 집대성한 \'초대형 쇼\'가 연출될 것이라는 기대를 모으고 있습니다.2. 이어서 2위는 북대서양조약기구 사무총장이 트럼프 미국 대통령의 아프가니스탄 추가 파병 계획에 환영의 뜻을 밝혔다는 소식입니다.추가 파병을 검토해온 나토에, 트럼프 대통령의 이번 발표가 어떤 영향을 미칠지 이목이 집중되고 있습니다.1. 이런 가운데 미국 재무부는 북한의 핵 프로그램에 도움을 준 중국과 러시아 등의 기업에 대해 추가 제재를 시행하겠다고 밝혔습니다.미국 재무부가 북핵과 관련해 독자적인 제재를 취하는 것은 이번이 올해 네 번째로, 이에 대해 중국은 강력히 반발하고 나섰습니다.5. 5위입니다. 프랑스 에너지 기업인 토탈이 세계 최대 해운회사 머스크로부터 석유사업을 인수한 것이,토탈의 신용등급을 끌어내지 않을 것이라는 보도가 나왔습니다.4. 한편 미국 주택건설업체들의 주가가 고평가 되어있고, 향후 산업 전망도 어둡다는 보도가 나왔습니다.주택경기를 나타내는 S&P 주택건설지수는 올 들어 지금까지 31%나 올랐는데요,본지는 이와 같은 상승세로 인해 주택 건설업체들의 기업가치가 지나친 고평가를 받고 있다고 지적했습니다.3. 이어서 월스트리트저널은 최근의 위안화 강세는 펀더멘털이 아닌 정치적 요소에 크게 기인한 것이기 때문에,오래가지 않을 것이라는 관측이 시장에서 지배적이라고 밝혔습니다.2. 2위입니다. 미국 은행들이 지난 2분기 비용 감축과 이자수입 증가 덕분에 연율로 평균 10.7%의 높은 수익률을 기록했다고미 연방예금공사 의장이 밝혔는데요, 은행 펀더멘털이 여전히 견고하고, 은행들이 미국 경제의 탄탄한 버팀목이 되고 있다고 주장했습니다.1. 마지막으로 1위입니다. 트럼프 행정부가 한미 FTA 재협상을 요구하고 있지만,업계별 입장이 각기 달라 뚜렷한 변화는 어려울 것이라고 신문은 전망했는데요, 현실적으로 일부 조항에 대한 손질에 그칠 것이며,탄탄한 한미 동맹이 어느 때보다 중시되는 현재 상황에서,트럼프 행정부는 결국 \'한미 무역협정\'보다는 \'NAFTA 재협상\'에 주목하게 될 것이라고 전했습니다.전세원 기자 ⓒ 한국경제TV, 무단 전재 및 재배포 금지한국경제TV 관련뉴스해당 언론사에서 선정하며 언론사 페이지(아웃링크)로 이동해 볼 수 있습니다.김태희, 남편 비 촬영장에 간식차 쐈다…더운날 커피+빙수 \'특급내조\'\'배용준 전 연인\' 이사강, 한정판으로 가득한 집...남다른 집안 스펙70대 할머니 성폭행 하려다 살해한 30대男, 변명이 기가 막혀김소영 아나운서, 알고보니 주당? \'네비맨\' 오상진 귀여운 애칭김성경이 폭로한 친언니 김성령 몸무게는? ""40kg대 아니야""좋아요0훈훈해요0슬퍼요0화나요0후속기사 원해요0기사제공 :']"
9,삼성전자, 2017-08-2309:23,이데일리 ,"[특징주]디엔에프, 3D낸드 소재출하 확대 기대감에 `강세`",https://finance.naver.com/news/news_read.nhn?article_id=0003904449&office_id=018&mode=search&query=삼성전자&page=9,"['       [특징주]디엔에프, 3D낸드 소재출하 확대 기대감에 `강세`      기사입력2017-08-23 09:23기사원문좋아요훈훈해요좋아요 평가하기공감좋아요0훈훈해요0슬퍼요0화나요0후속기사 원해요0댓글 [이데일리 이후섭 기자] 디엔에프(092070)가 3D 낸드 소재출하 확대 따른 실적개선 기대감에 강세다.23일 오전 9시12분 현재 디엔에프 주가는 전날대비 600원(3.59%) 오른 1만7300원을 기록 중이다.유종우 한국투자증권 연구원은 이날 보고서를 통해 “디엔에프는 고객사의 4세대 3D 낸드 양산이 본격화되면서 하반기 HCDS 제품 매출액 증가가 예상보다 커질 전망”이라며 “HCDS 매출액은 상반기 88억원에서 하반기 158억원으로 79% 증가할 것”이라고 내다봤다. 3분기 매출액과 영업이익은 210억원, 51억원으로 전분기대비 각각 23%, 52% 증가할 것으로 전망했다. 유 연구원은 “HCDS 매출액이 크게 증가하면서 매출액 및 영업이익 증가에 기여할 전망”이라며 “평택공장 외에도 화성공장과 중국 시안공장의 공정전환으로 인한 물량 증가 효과도 발생할 것”이라고 설명했다. 매출액이 증가하면서 수익성도 개선돼 3분기 영업이익률은 24%로 전분기대비 4.6%포인트 상승할 것으로 예상했다.이어 그는 “삼성전자가 내년 D램 생산설비 확보를 위해 화성공장의 일부 낸드라인을 D램라인으로 전환하는 작업을 할 계획”이라며 “D램에도 HCDS가 사용되는데 디엔에프는 삼성전자 D램용 HCDS를 독점 공급하고 있어 D램 생산설비 증가에 따른 수혜가 기대된다”고 판단했다.이후섭 (dlgntjq@edaily.co.kr)▶심쿵유발 스타 화보 [핫포토]▶[페이스북] 보러가기~♥ | [카카오톡] 플친 맺기~♥＜ⓒ종합 경제정보 미디어 이데일리 - 무단전재 & 재배포 금지＞이데일리 관련뉴스해당 언론사에서 선정하며 언론사 페이지(아웃링크)로 이동해 볼 수 있습니다.한명숙 새로운 세상 드디어 만나..당당하게 살아갈 것(종합)유아휴직수당 인상하면 뭐하나…임신하니 나가라는 회사가게 팔아도 빚 못갚는 자영업자 12만 \'시한폭탄\'현대차 ""미국시장 겨냥 픽업트럭 출시""규제 전 분양권 샀는데..… \'중도금 대출 불가\'에 뿔난 실수요자좋아요0훈훈해요0슬퍼요0화나요0후속기사 원해요0기사제공 :']"
10,삼성전자, 2017-08-2309:23,아이뉴스24 ,"""갤노트8, 판매 양호할 것…아이폰8 전까지 시간 넉넉""",https://finance.naver.com/news/news_read.nhn?article_id=0000421477&office_id=031&mode=search&query=삼성전자&page=9,"['       ""갤노트8, 판매 양호할 것…아이폰8 전까지 시간 넉넉""      기사입력2017-08-23 09:23기사원문좋아요훈훈해요좋아요 평가하기공감좋아요0훈훈해요0슬퍼요0화나요0후속기사 원해요0댓글[아이뉴스24 김나리기자] 갤럭시노트8이 대화면 프리미엄 스마트폰의 대기 수요를 선점하면서 양호한 판매실적을 기록할 것이라는 분석이 나왔다. 23일 김동원 KB증권 애널리스트에 따르면 23일(현지시각) 삼성전자는 미국에서 신규 플래그십 모델인 갤럭시노트8을 공개할 예정이다. 김 애널리스트는 ""갤럭시노트8의 정식 출시 예정일은 내달 15일""이라며 ""애플 아이폰8 10주년 모델이 출시되기 1~2개월 전까지 대화면 프리미엄폰 대기 수요를 선점할 수 있는 시간""이라고 판단했다.하반기 갤럭시노트8 출하량은 1천100만대(3분기 350만대, 4분기 750만대)가 될 것으로 추정했다. 이중 4분기 출하비중이 68%에 이를 것이라는 전망이다.김 애널리스트는 ""이에 따라 4분기 삼성전자 스마트폰(IM)의 평균판가 하락도 제한적으로 예상된다""며 ""4분기 IM 사업부의 영업이익은 전분기 3조원보다 10% 증가한 3조 3천억원이 될 것""으로 예상했다. 전년과 비교해서는 32% 증가한 수치다.삼성전자의 4분기 영업이익은 전분기 대비 8% 증가(전년 대비 62% 증가)한 14조9천억원을 기록할 것이라고 진단했다. 플렉서블 유기발광다이오드(OLED), 듀얼카메라 등을 통한 플래그십 스마트폰의 기술진화 지속으로 인해 향후에도 수익이 증가할 것이라는 설명이다.김 애널리스트는 ""이번 갤럭시노트8에는 삼성전자 플래그십 스마트 폰에서 최초로 듀얼카메라가 탑재됐다는 의미가 있다""며 ""갤럭시노트7 발화이슈 이후 대화면 스마트폰에 대한 대기 수요 흡수가 가능할 것""이라고 기대했다.특히 갤럭시노트8 듀얼카메라 수요의 80% 이상을 공급하는 삼성전기는 3분기부터 큰 폭의 실적개선을 예상했다. 삼성전기의 3분기 영업이익은 전분기 대비 77% 증가(전년 대비 877% 증가)한 1천251억원으로 예상했으며, 하반기 영업이익은 상반기 대비 129% 증가(전년 대비 흑자전환)한 2천207억원을 기록할 것으로 추정했다.김 애널리스트는 ""갤럭시노트8 출시에 따른 양호한 판매 전망으로 인한 수혜가 기대된다""며 최선호주로 삼성전자와 삼성전기를 제시했다./김나리기자 lily@inews24.com▶프리미엄 뉴스서비스 아이뉴스24▶연예스포츠 조이뉴스24, 생생한 라이브캐스트[ⓒ 아이뉴스24 무단전재 및 재배포 금지]아이뉴스24 관련뉴스해당 언론사에서 선정하며 언론사 페이지(아웃링크)로 이동해 볼 수 있습니다.롯데免, 사드 보복 어려움 속 글로벌 경쟁력 입증현대차그룹, 대학생 봉사단과 함께 교육 격차 해소LG유플러스, 부산 아파트 330세대에 \'홈IoT\' 구축\'갤럭시S9\' 모듈형 방식 채택?스틸리언 \'앱수트 프리미엄\', GS인증 획득좋아요0훈훈해요0슬퍼요0화나요0후속기사 원해요0기사제공 :']"
11,삼성전자, 2017-08-2309:22,연합뉴스 ,"코스피 '미국발 훈풍'에 2,370선 '훌쩍'",https://finance.naver.com/news/news_read.nhn?article_id=0009491968&office_id=001&mode=search&query=삼성전자&page=9,"[""       코스피 '미국발 훈풍'에 2,370선 '훌쩍'      기사입력2017-08-23 09:22기사원문좋아요훈훈해요좋아요 평가하기공감좋아요0훈훈해요0슬퍼요0화나요0후속기사 원해요0댓글코스피 상승 (PG)[제작 조혜인]외국인 이틀째 순매수…코스닥도 상승(서울=연합뉴스) 전명훈 기자 = 코스피가 23일 미국발 훈풍을 타고 2,370선 위로 훌쩍 뛰어올랐다.    이날 오전 9시12분 현재 코스피는 전날보다 8.20포인트(0.35%) 오른 2,373.53을 가리키고 있다.    전날보다 11.20포인트(0.47%) 오른 2,376.53에 출발한 코스피는 한때 2,379.59까지 올라 2,380선까지 넘보는 등 추가 상승 기회를 엿보고 있다.      지난밤 뉴욕증시에서는 미국의 정치 불안 완화, 세제개편안 통과 기대감 등에 주요 지수가 함께 상승했다.     뉴욕증권거래소(NYSE)에서 다우존스 30 산업평균지수는 전장보다 196.14포인트(0.90%) 상승한 21,899.89에 거래를 마쳤다.     스탠더드앤드푸어스(S&P) 500 지수는 전장보다 24.14포인트(0.99%) 높은 2,452.51에, 기술주 중심의 나스닥 지수는 84.35포인트(1.36%) 오른 6,297.48에 각각 장을 마감했다.     이날 유가증권시장에서 외국인은 130억원을 순매수하고 있다. 외국인은 코스피에서 이틀 연속 순매수를 이어가고 있다. 개인도 222억 순매수로 지수를 밀어올리고 있다. 반면 기관은 371억원 매도 우위다.     시가총액 상위주는 대체로 상승세다.    대장주 삼성전자는 1.40% 상승했고, SK하이닉스는 0.73% 올랐다. 한국전력(0.11%), LG화학(0.28%), NAVER(1.17%), 삼성물산(0.76%), 신한지주(0.58%) 등도 함께 강세다.    시총 10위 내에서 하락하는 종목은 현대차(-0.68%), 포스코(-0.29%), 현대모비스(-0.80%) 정도다.    업종별로는 전기전자(1.14%)의 상승세가 뚜렷하다. 의료정밀(0.59%), 제조업(0.49%), 서비스업(0.46%), 유통업(0.39%), 건설업(0.30%) 등도 함께 오르고 있다.     반면 철강금속(-0.63%), 보험(-0.35%), 은행(-0.34%), 비금속광물(-0.34%), 통신업(-0.24%) 등은 하락하고 있다.    코스닥지수는 전날보다 1.41포인트(0.22%) 오른 645.67을 가리키고 있다. 전날에 이어 이틀 연속 상승세다.    지수는 3.53포인트(0.55%) 오른 647.79로 거래를 시작해 추가 상승을 시도하고 있다.    시총 1∼3위인 셀트리온(0.17%), 셀트리온헬스케어(0.21%), 메디톡스(0.32%)가 함께 강세인 반면 4∼6위인 CJ E&M(-0.42%), 휴젤(-0.04%), 로엔(-0.12%)은 소폭 하락하고 있다.     id@yna.co.kr최신 유행 트렌드 총집결(클릭!)연합뉴스 관련뉴스해당 언론사에서 선정하며 언론사 페이지(아웃링크)로 이동해 볼 수 있습니다.\xa0사형 집행 4시간 전 집행 정지 명령 '십년감수'\xa011살 맏형 기지에 꼬마 삼형제 지진서 극적생환\xa0성희롱 피해 신입 여경…되레 곤혹스런 처지, 왜?\xa0北침투부대 '실미도 공작원' 유해 46년만에 영면\xa0이영애, K-9 훈련 순직 李상사 아들 학비 전액지원좋아요0훈훈해요0슬퍼요0화나요0후속기사 원해요0기사제공 :""]"
12,삼성전자, 2017-08-2309:22,매일경제 ,"코스피, 잭슨홀 미팅 앞두고 강보합 출발…2370선 회복",https://finance.naver.com/news/news_read.nhn?article_id=0004001031&office_id=009&mode=search&query=삼성전자&page=9,"['       코스피, 잭슨홀 미팅 앞두고 강보합 출발…2370선 회복      기사입력2017-08-23 09:22기사원문좋아요훈훈해요좋아요 평가하기공감좋아요0훈훈해요0슬퍼요0화나요0후속기사 원해요0댓글 코스피가 대북리스크 완화와 저가매수세 유입에 힘입어 이틀째 오름세를 보이고 있다.23일 오전 9시 15분 현재 코스피는 전일 대비 7.63포인트(0.32%) 오른 2372.96을 기록하고 있다. 이날 코스피는 11.20포인트 오른 2376.53에 개장한 후 장 초반 상승폭이 다소 줄고 있다.대북 리스크가 심화되면서 지난 11일 2310선까지 하락했던 지수는 이날 2370선을 회복하는 등 반등세를 보이고 있다. 하지만 최근 일별 거래대금이 3조~4조원대에 머무는 등 관망심리가 뚜렷한 모습을 보이고 있다.글로벌 증시의 관심은 오는 25일부터 진행되는 미국 연방준비제도(Fed·연준)의 연례경제심포지엄 \'잭슨홀 미팅\'으로 쏠리고 있다. 특히 한국 시간으로 오는 27일 0시 연설에 나설 재닛 옐런 미국 연준 의장이 미국의 금리 인상 경로에 대해 어떤 견해를 내놓을지 주목된다. 앞서 벤 버냉키 의장은 2010년과 2012년 양적완화 규모를 확대할 때 잭슨홀 연설을 활용했다. 옐런 의장도 이번 연설에서 연내 금리인상 가능성을 부각시킬 것이란 전망이 우세하다. 김대준 한국투자증권 연구원은 ""관망심리가 확산된 것은 아무래도 2분기 어닝시즌이 종료한 영향이 크다. 실적 모멘텀이 사라졌기 때문""이라며 ""매년 8월마다 열리는 잭슨홀 심포지엄을 기점으로 주식시장 흐름이 급변했고 투자자들도 이러한 결과를 충분히 인식하고 있다""고 말했다.이어 ""수급에서 확인되는 관망세가 이를 방증한다""라며 ""시장 참여자들은 예상보단 대응에 방점을 두고 있다""고 덧붙였다. 업종별로 전기·전자, 유통업, 제조업 등이 소폭 오르고 있고 철강·금속, 통신업, 운수창고 등은 떨어지고 있다.매매주체별로 외국인과 개인이 각각 104억원, 219억원을 순매수하고 있고 기관은 340억원을 순매도하고 있다. 프로그램 매매는 302억원 매도 우위다.시가총액 상위 종목들은 대체로 강세다. 삼성전자, SK하이닉스, 한국전력, NAVER 등이 상승하고 있고 현대차, POSCO, 현대모비스 등은 약세다.이날 유가증권시장에서는 390개 종목이 상승하고 있고 303개 종목이 하락하고 있다.코스닥은 전일 대비 0.85포인트(0.13%) 오른 645.11을 기록 중이다.[디지털뉴스국 고득관 기자][매일경제 공식 페이스북] [오늘의 인기뉴스] [매경 프리미엄][ⓒ 매일경제 & mk.co.kr, 무단전재 및 재배포 금지]매일경제 관련뉴스해당 언론사에서 선정하며 언론사 페이지(아웃링크)로 이동해 볼 수 있습니다.아이비, \'8살 연하남친 고은성\' 홀린 특급 글래머 몸매베이징車 ""싼타페급 전기SUV가 2천만원""양현종도 못 이끈 70승…KIA 시즌 첫 4연패""충돌 美 이지스함, 사고 전 해킹됐을 수도""서예지, \'파격 노출\' 시선집중 ""베이글녀가 따로 없네""좋아요0훈훈해요0슬퍼요0화나요0후속기사 원해요0기사제공 :']"
13,삼성전자, 2017-08-2309:21,머니투데이 ,"코스피, 美 훈풍에 2370대 회복... 외인 IT '사자'",https://finance.naver.com/news/news_read.nhn?article_id=0003923433&office_id=008&mode=search&query=삼성전자&page=9,"['       코스피, 美 훈풍에 2370대 회복... 외인 IT \'사자\'      기사입력2017-08-23 09:21기사원문좋아요훈훈해요좋아요 평가하기공감좋아요0훈훈해요0슬퍼요0화나요0후속기사 원해요0댓글 [머니투데이 송선옥 기자] [삼성전자 1% 상승·SK하이닉스 7일째 올라]코스피 시장이 23일 미국 뉴욕증시 상승 소식에 힘입어 2370대를 회복했다. 코스피 지수는 오전 9시18분 현재 전일대비 8.32포인트(0.35%) 올라 2373.65를 기록하고 있다. 코스피 지수는 개장초 2379.59까지 오르기도 했다. 미국 뉴욕증시는 세제개편 기대감과 기술주 헬스케어주의 급등에 힘입어 상승했다. 다우존스 산업평균 지수는 22일(현지시간) 전일대비 0.9% 오른 2만1899.89로, S&P(스탠다드앤푸어스) 500 지수는 1% 상승한 2452.51로 마감했다. 나스닥종합지수는 1.4% 올라 6297.48로 장을 마쳤다. 서부텍사스산원유(WTI) 9월 인도분 선물가격은 배럴당 0.6% 오른 47.64달러를 기록했다. 코스피 시장에서는 이틀째 ‘사자’인 외국인이 151억원 순매수다. 개인이 169억원 순매수이나 기관이 323억원 순매도다. 외국인은 전기전자 업종에서만 358억원 순매수중이다. 프로그램 매매는 차익거래 294억원 순매도, 비차익거래 13억원 순매도 등 전체 307억원 매도 우위다. 지수선물 시장에서는 외국인과 개인이 각각 1182계약, 49계약 순매도다. 기관이 1436계약 순매수다. 업종 중에서는 전기전자가 1% 이상 오르고 있으며 화학 의약품 의료정밀 유통업 전기가스업 건설업 운수창고 금융업 은행 증권 등이 상승중이다. 비금속광물 통신업 등이 하락이다. 시가총액 상위종목 중에서는 삼성전자가 1% 이상 올라 238만원대에서 거래되고 있다. SK하이닉스가 7거래일 연속 상승중이다. 현대차 POSCO 현대모비스 SK텔레콤 등이 하락이다. NAVER가 이해진 NAVER 글로벌투자책임자(GIO)겸 창업자의 지분 블록딜 성공 소식에 1% 이상 올라 거래되고 있다. 이 GIO는 지난 22일 보유주식 11만주(0.33%)를 시간외 대량매매(블록딜)로 처분했다. 한 주당 매각단가는 22일 종가에서 3% 할인된 74만3990원으로 처분 규모는 818억3890만원이다. 이에 따라 이 창업자의 지분율은 4.6%에서 4.31%로 하락했다. 한국전력 LG화학 삼성물산 신한지주 등이 오르고 있다. LG전자가 미국 미시간주에 전기차 부품 공장을 설립한다는 소식에 2% 이상 오르고 있다. LG이노텍이 하반기 실적개선 기대감에 1% 이상 오르고 있다. LG이노텍은 개장초 17만8000원을 터치하며 52주 신고가를 경신했다. 깨끗한나라가 생리대 부작용 논란에 2% 이상 내리고 있다. 깨끗한나라는 한때 4380원을 기록하며 52주 최저가를 갈아치웠다. 코스닥 지수는 1.40포인트(0.22%) 상승한 645.66을 기록하고 있다. 코스닥 시장에서는 외국인과 기관이 각각 76억원, 25억원 순매도이나 개인이 107억원 순매수로 대응하고 있다. 상당수 업종이 상승이다. IT종합 오락문화 통신서비스 컴퓨터서비스 통신장비 반도체 IT부품 기계장비 제약 화학 의료정밀기기 금융 운송장비부품 등이 오르고 있다. 유통 등이 약세다. 시총 상위종목 중에서는 셀트리온 메디톡스 코미팜 SK머티리얼즈 에스에프에이 등이 상승이나 셀트리온헬스케어 로엔 신라젠 포스코컴텍 GS홈쇼핑 등이 내리고 있다. 감마누가 에스엠브이의 연결 자회사 지분 취득 소식에 11% 이상 오르고 있다. 감마누는 이날 에스엠브이의 자회사인 천계국제여행사 신룡국제여행사 해피고 등 3개사의 지분을 취득했다고 밝혔다. 지분 취득규모는 150억원이다. 에스엠브이는 오는 25일 제3자배정 유상증자 납입을 마무리하고 감마누의 최대주주가 될 예정이다. 가상화폐 관련주인 퓨전데이타가 18% 급등중이다. 퓨전데이타는 지난달 24일 유니와이드테크놀로지와 36억7000만원 규모의 전자화폐시스템 파트 공급계약을 체결했다고 공시했다. 엔알케이가 최대주주 지분 매각설에 10% 강세다. 리켐이 자회사 와이즈플래닛의 지분 전량을 취득한다는 소식에 7% 이상 오르고 있다. 한편 원/달러 환율은 서울 외국환시장에서 전일대비 0.70원(0.06%) 내린 1133.10원을 기록하고 있다. TOM칼럼-깊이있는 투자정보▶무료 만화 즐기고~ 선물타자!▶ 빵빵한 차&레이싱걸▶ 송선옥 기자 oops@mt.co.kr머니투데이 관련뉴스해당 언론사에서 선정하며 언론사 페이지(아웃링크)로 이동해 볼 수 있습니다.[포토is] ""깜짝이야!""… 여기는 지하철 대테러 훈련 현장김민채 ""정운택과 결혼 안했다… 2개월 전 이미 결별""[단독]檢 ""\'주식부자 이희진\' 피해자, 200여명 더""배우 송선미 남편, 변호사 사무실서 흉기 찔려 사망현대차 임원급여 10% 자진삭감, 과장급 동결..노조는 7%↑?좋아요0훈훈해요0슬퍼요0화나요0후속기사 원해요0기사제공 :']"
14,삼성전자, 2017-08-2309:20,한국경제 ,"IT주, 외인 '사자'에 상승…LG전자 3%↑",https://finance.naver.com/news/news_read.nhn?article_id=0003813273&office_id=015&mode=search&query=삼성전자&page=9,"['       IT주, 외인 \'사자\'에 상승…LG전자 3%↑      기사입력2017-08-23 09:20기사원문좋아요훈훈해요좋아요 평가하기공감좋아요0훈훈해요0슬퍼요0화나요0후속기사 원해요0댓글 정보기술(IT)주가 외국인 매수세 유입에 힘입어 상승하고 있다.23일 오전 9시13분 현재 유가증권시장 전기전자 업종지수는 전날 대비 179.38포인트(1.04%) 오른 17,435.41을 기록 중이다. 전 업종 중 가장 큰 폭으로 오르고 있다.외국인이 전기전자 업종에 대해 313억원 \'사자\'에 나서며 관련주 주가를 뒷받침하고 있다. 대장주 삼성전자가 이틀 연속 오르고 있다. SK하이닉스(0.73%), 삼성SDI(1.35%), 삼성전기(0.71%), LG이토넥(2.03%) 등도 줄줄이 오름세다.LG전자(3.43%)는 미국 미시간주에 전기차 부품 공장을 설립한다는 소식이 전해지며 3%대 강세를 나타내고 있다.오정민 한경닷컴 기자 blooming@hankyung.com[한경닷컴 바로가기] [글방] [모바일한경 구독신청] ⓒ 한국경제 & hankyung.com, 무단전재 및 재배포 금지한국경제 관련뉴스해당 언론사에서 선정하며 언론사 페이지(아웃링크)로 이동해 볼 수 있습니다.코스피, 美 훈풍에 2370선에서 상승세…전기전자업 ↑(출발)삼성전자 238만9000원…1.66%↑""현대차 야심작, 애물단지 될 수도"" 폭탄 전망소개팅 제안받은 女 승무원, 의외의 반응에 \'깜짝\'12억7000만원 개포주공1단지, 일주일 새 집값이좋아요0훈훈해요0슬퍼요0화나요0후속기사 원해요0기사제공 :']"
15,삼성전자, 2017-08-2309:19,아시아경제 ,"""삼성때문에""…올해 전세계 반도체 투자 전망 20% 상향",https://finance.naver.com/news/news_read.nhn?article_id=0004060002&office_id=277&mode=search&query=삼성전자&page=9,"['       ""삼성때문에""…올해 전세계 반도체 투자 전망 20% 상향      기사입력2017-08-23 09:19기사원문좋아요훈훈해요좋아요 평가하기공감좋아요0훈훈해요0슬퍼요0화나요0후속기사 원해요0댓글분기별 전세계 반도체 투자액 현황(출처:IC인사이츠)[아시아경제 강희종 기자]삼성전자가 올해 투자를 크게 확대하면서 지난 2분기 전세계 반도체 투자액이 사상 최대를 기록한 것으로 나타났다. 이에 따라 시장조사업체는 서둘러 올해 반도체 투자 전망을 20% 상향 조정했다.미국 반도체 시장조사업체인 IC인사이츠는 22일(현지시간) 올해 연간 전세계 반도체 투자액이 854억달러(약 96조6700억원)에 이를 것이라고 전망했다. 이는 종전 전망치보다 약 20% 늘어난 것이라고 회사측은 설명했다.IC인사이츠가 이처럼 전망치를 확대한 것은 올해 상반기 반도체 투자액이 크게 늘었기 때문이다. 전세계 반도체 투자액은 올해 1분기 190억달러(21조5000억원)에 이어 2분기(26조5000억원)로 사상 최고치를 기록했다. 올해 상반기 전체 투자액(425억달러)는 지난해 상반기(287억 달러)에 비해 무려 48% 증가했다.이같은 증가는 삼성전자가 올해 상반기 반도체 투자를 대폭 늘렸기 때문이다. 삼성전자는 올해 상반기 110억달러(약 12조5000억원)를 투자했다. 이는 지난해 상반기 투자액의 3배에 달하는 것이며 작년 연간 투자액에서 3 억달러 못미치는 금액이다.IC인사이츠는 ""올해 상반기 삼성전자 투자액은 전세계 반도체 투자액의 25%를 차지했으며 2분기만 놓고 보면 28%에 육박한다""고 설명했다.삼성전자가 올해 하반기에도 이같은 투자를 이어갈지는 확인되지 않고 있다. 삼성전자는 아직 연간 투자금액을 구체적으로 발표하지 않고 있다. 다만 ""반도체와 디스플레이를 중심으로 지난해 대비 투자가 대폭 증가할 것으로 예상된다""는 정도로만 언급하고 있다. 일부에서는 삼성전자의 투자금액이 워넉 커서 시장에 충격을 줄 것을 우려해 외부에 구체적인 액수를 발표하지 않는 것이란 분석도 나온다.상반기 삼성전자 반도체 투자 현황(출처:IC인사이츠)삼성전자가 상반기와 달리 하반기에 투자를 크게 줄일 가능성도 있다. 실제로 삼성전자는 2012년 상반기 85억달러(9조6200억원)를 투자했는데 하반기 37억달러(4조1900억언)으로 50% 가량 줄인 바 있다.이를 감안해 IC인사이츠는 올해 삼성전자 연간 반도체 투자금액이 150억달러(약 17조원)~220억달러(25조원)이 될 것으로 전망했다. 만약 삼성이 220억 달러를 투자할 경우 올해 전세계 반도체 투자금액은 854억 달러로 지난해보다 27% 늘어나게 된다.대만의 TSMC, 미국 인텔은 지난해와 비슷한 수준에서 투자할 것으로 전망된다. TSMC는 올해 상반기 68억달러(7조7000억원)을 투자했다. 이 회사는 당초 밝혔던 100억 달러(11조3000억원)투자 계획에는 변동이 없다는 입장이다. 인텔은 올해 120억달러(13조6000억원)를 투자할 계획이며 올해 상반기까지 47억 달러(5조3000억원)를 집행했다.강희종 기자 mindle@asiae.co.kr▶ 뉴스가 재밌다! 세상의 모든 재미 [티잼]▶ #아시아경제, #오늘의 많이 본 뉴스(클릭!)아시아경제 관련뉴스해당 언론사에서 선정하며 언론사 페이지(아웃링크)로 이동해 볼 수 있습니다.""미국이 심상찮다"" 백악관 은밀히…美 해군, 전 세계 모든 함대를 일제히…탈모약 먹었는데 성욕이…\'놀라운 변화\'이효리 일냈다…JTBC 대기록 \'초대박\'\'상상 초월\'…北 \'진짜 무서운 무기\' 알고보니좋아요0훈훈해요0슬퍼요0화나요0후속기사 원해요0기사제공 :']"
16,삼성전자, 2017-08-2309:17,이데일리 ,"코스피, 이틀째 강세…뉴욕發 훈풍에 외국인 순매수",https://finance.naver.com/news/news_read.nhn?article_id=0003904438&office_id=018&mode=search&query=삼성전자&page=9,"['       코스피, 이틀째 강세…뉴욕發 훈풍에 외국인 순매수      기사입력2017-08-23 09:17기사원문좋아요훈훈해요좋아요 평가하기공감좋아요0훈훈해요0슬퍼요0화나요0후속기사 원해요0댓글 [이데일리 박형수 기자] 코스피지수가 이틀 연속으로 오르고 있다. 간밤 뉴욕 증시가 오르면서 국내 증시에도 영향을 주는 것으로 보인다.23일 오전 9시15분 현재 코스피지수는 전 거래일보다 7.34포인트(0.31%) 오른 2372.67을 기록 중이다. 11포인트가량 오르며 출발했으나 상승폭을 조금 내줬다. 뉴욕증시에서 주요 지수가 트럼프 정부의 세제개편안 통과 기대로 상승했다. 22일(미국시간) 뉴욕증권거래소(NYSE)에서 다우존스 30 산업평균지수는 전날보다 196.14포인트(0.90%) 오른 2만1899.89로 거래를 마쳤다. 스탠더드앤드푸어스(S&P) 500 지수는 0.99% 올랐고 기술주 중심의 나스닥 지수는 1.36% 상승했다.유가증권시장에서 개인과 외국인은 각각 232억원, 81억원 규모의 순매수를 기록하고 있다. 기관투자가는 331억원 매도 우위를 보이고 있다. 프로그램 매매는 차익과 비차익을 합쳐 322억원 순매도를 기록 중이다. 대다수 업종이 오름세다. 전기·전자 유통 제조 서비스 업종 등이 강세를 보이는 반면 철강·금속 비금속광물 보험 운수창고 업종 등은 약세다.시가총액 상위 종목도 대다수가 강세다. 삼성전자(005930)가 전날보다 1.23% 오른 237만9000원을 기록 중이고 SK하이닉스 한국전력 네이버 LG화학 삼성물산 등도 오름세다. 현대차 포스코 현대모비스 삼성생명 SK텔레콤 등은 약 보합권에 머물고 있다.같은 시간 코스닥지수도 전날보다 0.87포인트(0.14%) 오른 645.13을 기록하고 있다.박형수 (parkhs@edaily.co.kr)▶심쿵유발 스타 화보 [핫포토]▶[페이스북] 보러가기~♥ | [카카오톡] 플친 맺기~♥＜ⓒ종합 경제정보 미디어 이데일리 - 무단전재 & 재배포 금지＞이데일리 관련뉴스해당 언론사에서 선정하며 언론사 페이지(아웃링크)로 이동해 볼 수 있습니다.한명숙 새로운 세상 드디어 만나..당당하게 살아갈 것(종합)유아휴직수당 인상하면 뭐하나…임신하니 나가라는 회사가게 팔아도 빚 못갚는 자영업자 12만 \'시한폭탄\'현대차 ""미국시장 겨냥 픽업트럭 출시""규제 전 분양권 샀는데..… \'중도금 대출 불가\'에 뿔난 실수요자좋아요0훈훈해요0슬퍼요0화나요0후속기사 원해요0기사제공 :']"
17,삼성전자, 2017-08-2309:16,한국경제 ,"코스피, 美 훈풍에 2370선에서 상승세…전기전자업 ↑",https://finance.naver.com/news/news_read.nhn?article_id=0003813270&office_id=015&mode=search&query=삼성전자&page=9,"['       코스피, 美 훈풍에 2370선에서 상승세…전기전자업 ↑      기사입력2017-08-23 09:16기사원문좋아요훈훈해요좋아요 평가하기공감좋아요0훈훈해요0슬퍼요0화나요0후속기사 원해요0댓글 코스피가 미국발 훈풍에 2370선에서 상승하고 있다. 개인과 외국인이 동반 매수에 나서는 모습이다. 미 증시의 반도체주 강세 영향으로 전기전자업종이 오르고 있다.23일 오전 9시6분 현재 코스피지수는 전거래일보다 7.51포인트(0.32%) 오른 2372.84를 기록 중이다. 지수는 이날 2376.53으로 상승 출발했다. 간밤 뉴욕증시는 3대 지수가 동반 강세를 나타냈다. 저가매수세와 함께 세제개편안 통과 가능성에 대한 기대가 지수를 밀어올렸다. 도널드 트럼프 미국 대통령이 아프가니스탄에 미군을 추가 파병할 것이라고 밝힌 점도 정치 불확실성을 완화시켰다. 공화당과 트럼프 대통령의 정책 간극이 축소될 가능성이 높아졌다는 분석이다.이날 코스피 시장에서는 외국인과 개인이 쌍끌이 매수에 나서고 있다. 외국인이 148억원, 개인이 136억원을 순매수 중이다. 기관은 310억원어치를 팔고 있다. 프로그램으로는 295억원어치 물량이 나오고 있다.미 증시에서 반도체 업종이 강세를 보인 영향으로 코스피 시장에서도 전기전자업종이 오름세를 띄고 있다. 1.15% 상승 중이다. 제조업 서비스업 유통업 건설업 의료정밀 등도 상승세다. 철강금속 운수창고 운송장비 보험 은행 등은 내림세다.시가총액 상위 종목에서는 삼성전자 SK하이닉스 네이버 삼성물산 SK 삼성생명 LG화학 등이 오르고 있다. 현대모비스 포스코 SK텔레콤 등은 떨어지는 중이다.LG이노텍이 하반기 실적 기대감에 52주 신고가를 치솟았다. 네이버(NAVER)는 이해진 글로벌투자책임자(GIO)가 보유 지분을 매각했다는 소식에 1% 상승하고 있다.코스닥지수는 전거래일보다 1.50포인트(0.23%) 상승한 645.76을 기록 중이다. 개인이 98억원 매수 우위다. 외국인과 기관은 각각 68억원, 22억원어치를 팔고 있다. 시가총액 상위 종목 중에서는 에스에프에이 포스코켐텍 셀트리온헬스케어 셀트리온 메디톡스 등이 오르고 있다. 신라젠 GS홈쇼핑 컴투스 코미팜 휴젤 등은 하락세다.비아트론은 3분기 최대 실적을 기록할 것이란 증권사 분석에 4% 상승하고 있다. 엔알케이는 최대주주 지분 매각설에 9% 급등 중이다.서울 외환시장에서 원·달러 환율은 1.20원(0.11%) 내린 1132.60원을 기록 중이다.김은지 한경닷컴 기자 eunin11@hankyung.com[한경닷컴 바로가기] [글방] [모바일한경 구독신청] ⓒ 한국경제 & hankyung.com, 무단전재 및 재배포 금지한국경제 관련뉴스해당 언론사에서 선정하며 언론사 페이지(아웃링크)로 이동해 볼 수 있습니다.(출발)코스닥, 3.53p 오른 647.79(출발)삼성전자 238만9000원…1.66%↑""현대차 야심작, 애물단지 될 수도"" 폭탄 전망소개팅 제안받은 女 승무원, 의외의 반응에 \'깜짝\'12억7000만원 개포주공1단지, 일주일 새 집값이좋아요0훈훈해요0슬퍼요0화나요0후속기사 원해요0기사제공 :']"
18,삼성전자, 2017-08-2309:14,이데일리 ,"‘두산위브’ 스마트아파트 된다..LG유플러스, 홈IoT 구축",https://finance.naver.com/news/news_read.nhn?article_id=0003904432&office_id=018&mode=search&query=삼성전자&page=9,"['       ‘두산위브’ 스마트아파트 된다..LG유플러스, 홈IoT 구축      기사입력2017-08-23 09:14기사원문좋아요훈훈해요좋아요 평가하기공감좋아요0훈훈해요0슬퍼요0화나요0후속기사 원해요0댓글 [이데일리 김현아 기자] LG유플러스(032640)(부회장 권영수)가 두산건설이 시공하는 프리미엄 신축 주상복합아파트 ‘구서역 두산위브 포세이돈’ 330세대에 홈IoT 플랫폼을 구축한다.제휴 건설사 중 부산지역 최초로 ‘구서역 두산위브 포세이돈’에 IoT 센서와 통신모듈을 탑재한 IoT 공기질 측정기를 설치할 예정이다. 이를 통해 집 앞 공기환경을 측정 및 분석해 행동가이드를 제안하는 등 입주민들의 건강과 편의성을 높일 계획이다. 입주민들은 단지 내 놀이터, 산책로, 커뮤니티센터 등에서 측정된 미세먼지와 초미세먼지 농도, 온도, 습도 등을 LG유플러스 IoT 전용앱인 ‘IoT@home’과 PC에서 24시간 365일 실시간으로 확인이 가능하다. 이에 따라 일반적으로 1시간 지연된 기존 관측망 정보와 달리 외부 환경에 따른 대비를 철저히 할 수 있다.입주민들이 IoT 공기청정기 및 IoT 실내 공기질 센서를 구매해 연동할 경우 세대 내/외부 공기질 비교를 통해 환기시점 알림, 빌트인 전열교환기 및 공기청정기 자동 작동 등 공기질 케어 서비스 이용도 가능하다.뿐만 아니라, 두산건설은 ‘구서역 두산위브 포세이돈’ 입주민들이 더 쾌적하고 편리하게 생활할 수 있도록 집안 내 시스템 에어컨도 LG전자의 IoT 모델로 옵션 판매할 계획이다.홈IoT 플랫폼은 주상복합아파트에 들어가는 홈 네트워크와 LG유플러스의 홈IoT 서비스를 하나의 애플리케이션으로 사용할 수 있도록 통합한 시스템으로, 입주민들은 스마트폰 앱에서 입주 시 설치된 조명, 난방, 가스 및 유선 기반의 기존 빌트인 시스템은 물론 개별 구매하는 LG전자, 삼성전자 등 IoT 생활 가전을 연동해 통합적으로 제어할 수 있게 된다. 부산 ‘구서역 두산위브 포세이돈’ 주상복합아파트뿐만 아니라 향후 두산건설이 공급하는 신축 아파트 단지에도 자사 홈IoT 시스템을 구축해 최신 IT 기술을 더한 명품 아파트 브랜드 구축에 힘쓸 계획이다.‘구서역 두산위브 포세이돈’은 부산광역시 금정구 구서동에 위치해 있으며 지하 6층부터 지상 32층까지 2개 동이 있는 주상복합아파트 단지다. LG유플러스 IoT제휴담당 류창수 상무는 “국내 최다인 30여개 건설사들과 사업협약을 맺고 건설시장에서 홈IoT 플랫폼을 확산시키고 있다”며 “실질적으로 IoT 공기질 측정기와 같이 아파트 입주민들의 건강과 주거 편의성을 극대화할 수 있는 IoT 기기들을 지속적으로 공급해 나갈 계획”이라고 말했다.김현아 (chaos@edaily.co.kr)▶심쿵유발 스타 화보 [핫포토]▶[페이스북] 보러가기~♥ | [카카오톡] 플친 맺기~♥＜ⓒ종합 경제정보 미디어 이데일리 - 무단전재 & 재배포 금지＞이데일리 관련뉴스해당 언론사에서 선정하며 언론사 페이지(아웃링크)로 이동해 볼 수 있습니다.한명숙 새로운 세상 드디어 만나..당당하게 살아갈 것(종합)유아휴직수당 인상하면 뭐하나…임신하니 나가라는 회사가게 팔아도 빚 못갚는 자영업자 12만 \'시한폭탄\'현대차 ""미국시장 겨냥 픽업트럭 출시""규제 전 분양권 샀는데..… \'중도금 대출 불가\'에 뿔난 실수요자좋아요0훈훈해요0슬퍼요0화나요0후속기사 원해요0기사제공 :']"
19,삼성전자, 2017-08-2309:12,헤럴드경제 ,자사주 다수 보유 전문경영인 눈길 “책임경영 앞장”,https://finance.naver.com/news/news_read.nhn?article_id=0001280468&office_id=016&mode=search&query=삼성전자&page=9,"['       자사주 다수 보유 전문경영인 눈길 “책임경영 앞장”      기사입력2017-08-23 09:12기사원문좋아요훈훈해요좋아요 평가하기공감좋아요0훈훈해요0슬퍼요0화나요0후속기사 원해요0댓글-최양하 한샘 회장 보유 자사주 가치 1585억원 1위-‘내 재산처럼’ 회사 미래 열겠다는 강한 의지 반영[헤럴드경제=이슬기 기자] 자신이 이끄는 회사의 주식을 다수 보유한 전문경영인(오너일가 제외)이 속속 등장하면서 시선이 쏠린다. 전문경영인이 자사주를 가지는 것은 ‘책임경영’ 의지의 발현이자. 덕목으로 꼽히기 때문이다. “회사의 미래가 밝다는 것을 소액주주들에게 몸소 보여주고, 자신의 재산을 관리하듯 장기적인 안목으로 회사의 성장동력을 발굴하겠다는 무언의 표현”이라는 게 업계 관계자의 설명이다. 중견기업인 한샘의 최양하 회장은 삼성·LG 등 쟁쟁한 대기업의 전문경영인을 제치고 ‘최다 자사주 보유자’에 등극해 주주들의 호평을 받고 있다. 최양하 한샘 회장기업 경영성과 평가기관 CEO스코어는 국내 500대 기업 최고경영자(CEO) 가운데 자사주를 보유한 전문경영인 166명의 주식가치를 조사한 결과, 총 2413억원(21일 종가 기준, 보통주+우선주)으로 집계됐다고 23일 밝혔다.자사주를 가장 많이 보유하고 있는 사람은 최양하 한샘 회장이었다. 최 회장이 가진 자사주 가치는 모두 1585억원에 달해, 전체 전문경영인 보유 자사주 가치의 66%에 달했다. 이는 2위인 이재경 두산 부회장이 보유한 가치(79억원)의 약 20배에 달하는 것이다. 이재경 두산 부회장3위와 4위는 차석용 LG생활건강 부회장(61억원), 김정남 동부화재 사장(56억원)이 각각 차지했다. 김용범 메리츠화재 사장(37억원)은 그 뒤를 이었다. 김용범 메리츠화재 사장은 특히 올해 초 대비 자사주 가치가 가장 많이 늘어난 전문경영인으로도 꼽혔다. 김 사장의 자사주 가치는 지난 몇 개월동안 총 21억원(139.7%)이나 증가했다. 메리츠화재 주식 가치가 그만큼 오른 때문이다. 차석용 LG생활건강 부회장 김정남 동부화재 사장 김용범 메리츠화재 사장지난해 67억원의 연봉을 받아 ‘대한민국 연봉왕’에 오른 권오현 삼성전자 부회장은 자사주 30억원 어치를 보유해 7위에 올랐다. 권오현 삼성전자 부회장권영식 넷마블게임즈 집행임원(14억원)은 지난 5월 회사 상장과 함께 단숨에 13위에 올랐고, 한성숙 네이버 사장(10억원)은 조사 대상 전문경영인 가운데 유일한 여성 CEO였다. 권영식 넷마블게임즈 집행임원 한성숙 네이버 사장조사 대상 가운데 최연소 CEO는 38세의 임지훈 카카오 사장으로, 자사주 가치가 4억 9000만원(41위)이었다. 최고령은 올해 72세인 이윤재 흥아해운 회장으로 23억원어치(8위)의 자사주를 갖고 있는 것으로 나타났다. 임지훈 카카오 사장 이윤재 흥아해운 회장전문경영인들의 이 같은 자사주 수집 열풍에는 강한 책임경영 의지가 담겨 있다는 게 업계의 중론이다.실제 한샘은 소유와 경영을 철저히 분리한 전략을 통해 국내 가구업계를 평정했다. 지난해에는 연결기준 매출액 1조 9345억원, 영업이익 1596억원, 당기순이익 1275억원으로 사상 최대 실적을 경신했고, 올해 상반기에도 매출액 1조 164억원, 영업이익 662억원, 당기순이익 505억원의 성적을 거뒀다. 최 회장이 대표이사 사장에 올랐던 1998년, 한샘의 실적이 매출 1737억원, 영업이익 142억원, 당기순이익 26억원이었던 것을 고려하면 눈부신 성과다.업계 관계자는 “오너일가가 경영일선에 나서면 지배구조 강화 등 경영 외적인 요소에 힘을 쏟을 수 밖에 없다”며 “전문경영인이 다양한 전략개발에 집중해 성공신화를 일군 한샘의 예시가 다른 회사에도 긍정적인 영향을 끼치고 있다”고 말했다.yesyep@heraldcorp.com▶영감이란 불꽃에 타오르게할 스토리(INSPIRE)▶앞서가는 젊은 경제신문 친구맺기 ▶오늘의 운세 날씨 - Copyrights ⓒ 헤럴드경제 & heraldbiz.com, 무단 전재 및 재배포 금지 -헤럴드경제 관련뉴스해당 언론사에서 선정하며 언론사 페이지(아웃링크)로 이동해 볼 수 있습니다.김성경 ""어릴 땐 언니보다 예뻐""…김성령 향한 열등감이사강 사마귀턱,쌍꺼풀에 \'성형 의혹\' 재부상\'릴리안 생리대\' 집단소송 관심 폭증…이틀새 2000명갤럭시노트8 D-1…""탄탄한 노트 마니아층 재결집""\'외부자들\' 나경원 ""문 대통령, 지지자 꺾을 강단 없어""좋아요0훈훈해요0슬퍼요0화나요0후속기사 원해요0기사제공 :']"
0,삼성전자, 2017-08-2309:09,머니투데이 ,"[특징주]일진디스플, 포스터치 수혜로 연일 신고가",https://finance.naver.com/news/news_read.nhn?article_id=0003923422&office_id=008&mode=search&query=삼성전자&page=10,"['       [특징주]일진디스플, 포스터치 수혜로 연일 신고가       기사입력2017-08-23 09:09기사원문좋아요훈훈해요좋아요 평가하기공감좋아요0훈훈해요0슬퍼요0화나요0후속기사 원해요0댓글 [머니투데이 오정은 기자] 일진디스플레이가 터치 매출액 증가 기대감에 연일 신고가를 경신하고 있다. 23일 오전 9시8분 현재 코스피 시장에서 일진디스플은 전일대비 2.32% 오른 1만150원에 거래 중이다. 김갑호 교보증권 스몰캡팀장은 ""삼성전자의 스마트폰이 압력 인식 포스터치를 확대할 것으로 예상되는 가운데 명맥을 유지하고 있는 일진디스플이 수혜를 볼 것""이라며 ""올해 흑자전환, 내년에는 영업이익 78% 증가가 예상된다""고 밝혔다. TOM칼럼-깊이있는 투자정보▶무료 만화 즐기고~ 선물타자!▶ 빵빵한 차&레이싱걸▶ 오정은 기자 agentlittle@mt.co.kr머니투데이 관련뉴스해당 언론사에서 선정하며 언론사 페이지(아웃링크)로 이동해 볼 수 있습니다.[포토is] ""깜짝이야!""… 여기는 지하철 대테러 훈련 현장김민채 ""정운택과 결혼 안했다… 2개월 전 이미 결별""[단독]檢 ""\'주식부자 이희진\' 피해자, 200여명 더""배우 송선미 남편, 변호사 사무실서 흉기 찔려 사망현대차 임원급여 10% 자진삭감, 과장급 동결..노조는 7%↑?좋아요0훈훈해요0슬퍼요0화나요0후속기사 원해요0기사제공 :']"
1,삼성전자, 2017-08-2309:03,이데일리 ,[마켓인]반도체성장펀드 성장단계 위탁운용사에 L&S벤처캐피탈,https://finance.naver.com/news/news_read.nhn?article_id=0003904412&office_id=018&mode=search&query=삼성전자&page=10,"['       [마켓인]반도체성장펀드 성장단계 위탁운용사에 L&S벤처캐피탈      기사입력2017-08-23 09:03기사원문좋아요훈훈해요좋아요 평가하기공감좋아요0훈훈해요0슬퍼요0화나요0후속기사 원해요0댓글 [이데일리 신상건 기자] 한국성장금융투자운용(이하 한국성장금융)의 반도체성장펀드 성장단계 위탁운용사(GP)로 L&S벤처캐피탈이 선정됐다.\xa0반도체성장펀드 등에서 총 300억원을 출자하며 이를 바탕으로 위탁운용사는 총 600억 원 규모의 펀드를 조성할 예정이다. 주목적 투자대상은 반도체 장비, 부품, 소재 관련 중소기업이나 투자형 TCB기술등급이 상위 5등급(TI5) 이상 또는 기술가치평가를 받은 기업이다.반도체성장펀드는 국내 반도체 산업의 글로벌 경쟁력을 이끌기 위해 마련됐다. 삼성전자와 SK하이닉스가 각각 500억원, \xa0250억원을 출자했고 한국성장금융이 250억 원을 더해 총 1000억 원까지 펀드 규모가 확대됐다.신상건(adonis@edaily.co.kr)▶심쿵유발 스타 화보 [핫포토]▶[페이스북] 보러가기~♥ | [카카오톡] 플친 맺기~♥＜ⓒ종합 경제정보 미디어 이데일리 - 무단전재 & 재배포 금지＞이데일리 관련뉴스해당 언론사에서 선정하며 언론사 페이지(아웃링크)로 이동해 볼 수 있습니다.한명숙 새로운 세상 드디어 만나..당당하게 살아갈 것(종합)유아휴직수당 인상하면 뭐하나…임신하니 나가라는 회사가게 팔아도 빚 못갚는 자영업자 12만 \'시한폭탄\'현대차 ""미국시장 겨냥 픽업트럭 출시""규제 전 분양권 샀는데..… \'중도금 대출 불가\'에 뿔난 실수요자좋아요0훈훈해요0슬퍼요0화나요0후속기사 원해요0기사제공 :']"
2,삼성전자, 2017-08-2309:03,한국경제 ,(출발)삼성전자 238만9000원…1.66%↑,https://finance.naver.com/news/news_read.nhn?article_id=0003813257&office_id=015&mode=search&query=삼성전자&page=10,"['       (출발)삼성전자 238만9000원…1.66%↑      기사입력2017-08-23 09:03기사원문좋아요훈훈해요좋아요 평가하기공감좋아요0훈훈해요0슬퍼요0화나요0후속기사 원해요0댓글 한경닷컴[한경닷컴 바로가기] [글방] [모바일한경 구독신청] ⓒ 한국경제 & hankyung.com, 무단전재 및 재배포 금지한국경제 관련뉴스해당 언론사에서 선정하며 언론사 페이지(아웃링크)로 이동해 볼 수 있습니다.하반기 실적을 고려한 IT주 투자 우선 순위는?-하나삼성, 모든 가전에 IoT기능 탑재""현대차 야심작, 애물단지 될 수도"" 폭탄 전망소개팅 제안받은 女 승무원, 의외의 반응에 \'깜짝\'12억7000만원 개포주공1단지, 일주일 새 집값이좋아요0훈훈해요0슬퍼요0화나요0후속기사 원해요0기사제공 :']"
3,삼성전자, 2017-08-2309:02,뉴시스 ,[빅데이터MSI]시장심리 톱5...삼성전자·현대상선·한국가스공사·SK텔레콤·SK이...,https://finance.naver.com/news/news_read.nhn?article_id=0008135109&office_id=003&mode=search&query=삼성전자&page=10,"['       [빅데이터MSI]시장심리 톱5...삼성전자·현대상선·한국가스공사·SK텔레콤·SK이노베이션       기사입력2017-08-23 09:02기사원문좋아요훈훈해요좋아요 평가하기공감좋아요0훈훈해요0슬퍼요0화나요0후속기사 원해요0댓글시장심리 워스트5, 기아차·한국항공우주·금호타이어·POSCO·현대중공업【서울=뉴시스】이진영 기자 = 23일 빅데이터 시장심리지수(MSI)가 가장 높은 \'톱5\'로 삼성전자·현대상선·한국가스공사·SK텔레콤·SK이노베이션가 선정됐다. 반면 시장심리가 가장 저조한 \'워스트 5\'로 기아차·한국항공우주·금호타이어·POSCO·현대중공업가 뽑혔다.  뉴시스와 코스콤이 주요 상장기업 250곳에 대해 공동 분석해 산출해 낸 빅데이터 MSI(http://m.newsis.com/stock.html, 모바일 전용)로 전 거래일 오후 4시부터 이날 오전 8시까지 데이터를 취합한 결과 이같이 나타났다.  이날 톱5에 선정된 삼성전자 MSI 레벨은 가장 높은 7단계로 전일보다 1계단 상승했다. 삼성전자는 오는 23일 오전 11시 현지시각 미국 뉴욕 맨해튼 파크 애비뉴 아모리에서 갤럭시노트7의 후속작 갤럭시노트8을 최초로 선보일 예정이다. 한국시각으로는 24일 0시이다. 또 삼성전자는 전략 스마트폰 갤럭시S8과 S8플러스에 탑재된 \'빅스비 보이스\' 서비스를 전 세계 200여개국으로 확대한다고 전날 밝혔다. 빅스비 보이스는 사용자의 음성 명령을 인식해 다양한 기능을 수행하는 인공지능 기반의 음성 인식 서비스이다. 삼성전자 관련해 이날 온라인상에서는 빅스비, 스마트폰, 시장, 미국, 제품, 싸이월드, 투자, 기능, 갤럭시 등이 키워드로 언급됐다. 현대상선 MSI 레벨은 7단계로 전일과 같다. 최근 현대상선이 세계 최대 자산운용사인 블랙록으로부터 최대 1조원 규모의 투자 제안을 받았다는 소식이 전해진 바 있다. 또 현대상선이 7월 부산항에서 지난해보다 93% 늘어난 16만7018TEU를 처리해 사상 최대 실적을 냈다고 22일 밝힌 것도 긍정적인 영향을 미치는 것으로 풀이된다. 현대상선 관련해 이날 온라인상에서 투자, 지원, 전략, 블랙록, 현재, 정부 등이 키워드로 검출됐다.  한국가스공사 MSI 레벨은 전날보다 3계단 상승한 7단계이다. 강승균 연구원은 전날 보고서를 통해 ""한국가스공사는 2분기 실적 발표 후 최근 5거래일 동안 주가가 약 10% 하락했다""며 ""연말에 유가에 따라 추가적인 손상차손 이슈가 있지만 이는 이미 수개월 전부터 시장에 알려진 수준이고 천연가스 수요가 증가하면 본업이 좋아진다는 중장기적 방향성은 유효한 상황""이라고 진단했다. 강 연구원은 또 ""손상차손 리스크를 제외하고는 해외 자원개발에서 유가 점진적 우상향 및 생산량 증가로 실적 개선이 지속될 것""이라며 ""미수금 회수도 올해 하반기 마무리되고 이라크 주바이르 법인에서의 투자금 회수도 배당 또는 감자를 통해 이어질 것""이라고 내다봤다.한국가스공사 관련해 이날 온라인상에서는 버크셔해서웨이, 내일채움공제, 기업, 버핏, 사업, 최대 등이 키워드로 조사됐다. SK텔레콤 MSI 레벨은 7단계로 전일보다 2계단 올랐다. SK텔레콤이 스타벅스커피코리아와 함께 연내 인공지능 음성인식 기기 \'누구\'로 스타벅스 음료를 주문할 수 있는 서비스를 개발해 제공한다는 소식이 관심을 불러일으키고 있다. 양사는 관련 내용의 양해각서를 체결했다고 전날 발표했다. SK텔레콤 관련해 이날 온라인상에서는 서비스, 주문, 스타벅스, 매장, 음성, 제품, 실버, 커피, 인공지능등의 단어가 상위에 올랐다. SK이노베이션 MSI 레벨은 7단계로 3계단 상승했다. 최근 국제유가 상승에 정유 업황이 좋아질 것이라는 기대감이 작용하고 있다.  이도연 한국투자증권 연구원은 ""지난해 아시아, 중동, 아프리카 등 공급이 수요를 밑돌면서 석유 제품 재고가 빠르게 감소하고 있다""며 ""세계 정제 설비의 유휴생산능력은 2017년 말~2018년쯤부터 고갈돼 1960년 이후 처음으로 유휴생산능력이 마이너스로 돌아가는 것""이라고 말했다. 또 ""2019년까지는 석유제품 생산시설 증설도 부족해 석유제품 수급은 더욱 타이트해질 전망""이라며 SK이노베이션, S-Oil, GS 등의 투자의견을 \'비중 확대\'로 유지했다. SK이노베이션 관련해 이날 온라인상에서는 채용, 회장, 하반기, 유가, 실적, 시장, 윤활기유, 윤활유, 풍력 등의 키워드가 빈도가 높게 감지됐다. 이와 달리 시장심리가 가장 부정적인 5종목으로는 기아차·한국항공우주·금호타이어·POSCO·현대중공업이 집계됐다.기아차 MSI 레벨은 이날 가장 낮은 1단계로 한 계단 하락했다. 기아차 관련해 이날 온라인상에서는 노조, 규모, 부분파업, 임금협상, 파업, 매출액 등이 키워드로 가장 많이 뽑혔다. 한국항공우주 MSI 레벨은 이날 1단계로 전일과 동일하다. 한국항공우주 관련해 이날 온라인상에서는 회사, 주가, 기업, 사건, 횡령, 배임 등의 키워드가 상위권에 추출됐다. 금호타이어 MSI 레벨은 전일과 같은 1단계이다. 금호타이어 관련해 이날 온라인상에서는 채권단, 매각, 더블스타, 회장, 중국, 인수 등이 키워드로 꼽혔다.  POSCO MSI 레벨은 이날 1단계로 전일보다 2계단 하락했다. POSCO 관련해 이날 온라인상에서는 미국, 리튬, 전기차, 횡령, 한미, 사건 등이 키워드로 조사됐다. 현대중공업 MSI 레벨은 이날 1단계로 6계단 급락했다. 현대중공업 관련해 이날 온라인상에서는 중국, 수주, 현대오일뱅크, 컨테이너선, 주가, 현대로보틱스 등이 키워드로 검출됐다. 뉴시스와 코스콤은 온라인과 소셜네트워크서비스(SNS)에서 수집된 개별 종목 관련 빅데이터를 긍정과 부정으로 분류해 점수화한 다음 이를 최근 1년 간 흐름과 비교해 MSI(Market Sentiment Index) 지수를 산출했다. MSI산출 대상은 코스피 200종목과 코스피 지수, 코스닥 50종목과 코스닥 지수 등 250개 개별 종목이다. MSI는 1단계 \'매우 나쁨\', 2단계 \'나쁨\', 3단계 \'약간 나쁨\', 4단계 \'보통\', 5단계 \'약간 좋음\', 6단계 \'좋음\', 7단계 \'매우 좋음\' 등 총 7단계로 분류한다. 한편 8월 1일부터 선보이는 빅데이터 MSI 모바일 전용 버전은 구글플레이 또는 애플 앱스토어에서 \'뉴시스\'앱을 내려받거나 뉴시스 모바일 홈페이지(m.newsis.com)에 접속한 뒤 메인화면의 \'빅데이터 MSI\'를 클릭해 이용하면 된다. mint@newsis.com ※ 빅데이터MSI는 투자 참고용이며, 투자 결과에 책임을 지지 않습니다. 주식시장에서는 다양한 국내외 변수가 존재하기 때문에 한 지표로만 판단하면 뜻하지 않은 결과를 초래할 수 있습니다.▶ 뉴시스 빅데이터 MSI 주가시세표 바로가기 ▶ 뉴시스 SNS [페이스북] [트위터]뉴시스 관련뉴스해당 언론사에서 선정하며 언론사 페이지(아웃링크)로 이동해 볼 수 있습니다.\'투기과열지구\' 서울·과천·세종 오늘부터 LTV·DTI 40%로 축소2분기 은행권 부실채권비율 1.25% \'양호\'···조선·해운은 여전히 높아[빅데이터MSI]23일 빅데이터 \'핫 키워드\'…서비스·시장·스마트폰·제품·투자[빅데이터MSI]23일 오전 주식시장 심리 3단계 \'악간 나쁨\'[MSI급등주]갤럭시노트8 공개 하루 앞둔 삼성전자 강세좋아요0훈훈해요0슬퍼요0화나요0후속기사 원해요0기사제공 :']"
4,삼성전자, 2017-08-2309:01,머니투데이 ,"[스팟]삼성전자, 3만9000원(1.66%) 오른 238만9000원 출발",https://finance.naver.com/news/news_read.nhn?article_id=0003923415&office_id=008&mode=search&query=삼성전자&page=10,"['       [스팟]삼성전자, 3만9000원(1.66%) 오른 238만9000원 출발      기사입력2017-08-23 09:01기사원문좋아요훈훈해요좋아요 평가하기공감좋아요0훈훈해요0슬퍼요0화나요0후속기사 원해요0댓글 [머니투데이 하세린 기자] 23일 삼성전자 출발.TOM칼럼-깊이있는 투자정보▶무료 만화 즐기고~ 선물타자!▶ 빵빵한 차&레이싱걸▶ 하세린 기자 iwrite@mt.co.kr머니투데이 관련뉴스해당 언론사에서 선정하며 언론사 페이지(아웃링크)로 이동해 볼 수 있습니다.[포토is] ""깜짝이야!""… 여기는 지하철 대테러 훈련 현장김민채 ""정운택과 결혼 안했다… 2개월 전 이미 결별""[단독]檢 ""\'주식부자 이희진\' 피해자, 200여명 더""배우 송선미 남편, 변호사 사무실서 흉기 찔려 사망현대차 임원급여 10% 자진삭감, 과장급 동결..노조는 7%↑?좋아요0훈훈해요0슬퍼요0화나요0후속기사 원해요0기사제공 :']"
5,삼성전자, 2017-08-2308:56,MBN ,"'갤럭시노트8' 공개 이벤트 '나'도 볼 수 있다?…뉴욕 속 삼성 ""바쁘다 바빠""",https://finance.naver.com/news/news_read.nhn?article_id=0001166090&office_id=057&mode=search&query=삼성전자&page=10,"['       \'갤럭시노트8\' 공개 이벤트 \'나\'도 볼 수 있다?…뉴욕 속 삼성 ""바쁘다 바빠""      기사입력2017-08-23 08:56기사원문좋아요훈훈해요좋아요 평가하기공감좋아요0훈훈해요0슬퍼요0화나요0후속기사 원해요0댓글 \'갤럭시노트8\' 공개 D-1, 출시 \'나\'도 볼 수 있다?…뉴욕 속 삼성 ""바쁘다 바빠""삼성전자[005930]가 하반기 전략 스마트폰인 갤럭시노트8의 공개를 앞두고 막바지 준비에 한창입니다. 삼성전자는 23일 오전 11시(현지시간) 미국 뉴욕 맨해튼 파크 애비뉴 아모리에서 갤럭시노트7의 후속작 갤럭시노트8을 최초로 선보입니다. 한국시간으로는 24일 오전 0시입니다.파크 애비뉴 아모리는 뉴욕 맨해튼의 어퍼 이스트 사이드에 있는 복합 전시·공연장으로, 갤럭시 언팩 행사가 이곳에서 열리는 것은 이번이 처음입니다. 21일(현지시간) 방문한 파크 애비뉴 아모리에는 언팩을 알리는 포스터나 전광판을 찾아볼 수는 없었지만 언팩 관련 출입증을 건 삼성전자 전시팀 관계자들이 드나들어 행사 준비에 여념이 없어 보였습니다. 출입문은 굳게 닫혀 있었고 보안 관계자들이 입구 앞에서 외부인의 출입을 엄격히 통제했습니다. 전세계 기자들과 업계 관계자 2천여명이 방문하는 공간이기 때문에 테러 등의 위험을 방지하기 위해 각별히 신경을 쓰는 모습입니다. 고동진 무선사업부장(사장) 등 삼성전자 임원들은 22일(현지시간) 오후 이곳에서 리허설하고 당일인 23일 오전 11시부터 약 1시간 30분가량 신제품을 소개한다. 이 행사는 실시간으로 생중계될 예정입니다. 삼성전자는 매번 언팩 때마다 참석자의 눈길을 사로잡는 깜짝 이벤트를 기획했던 만큼 이번 행사에는 어떤 이벤트가 준비됐을 지도 관심거리입니다. 지난해 갤럭시노트7 언팩 행사 참가자들은 가상현실(VR)과 증강현실(AR)이 뒤섞인 혼합현실을 체험한 것을 행사의 백미로 꼽았습니다.갤럭시노트8은 대화면 패블릿으로 많은 팬을 보유하고 있는 갤럭시노트 시리즈의 7번째 제품입니다. 이번에는 특히 전작인 배터리 발화 사건으로 리콜됐던 갤럭시노트7의 노트 시리즈 후속작으로 세계적으로 주목을 받고 있습니다. 갤럭시노트8은 6.3인치 크기(대각선 길이) 2960×1440 화소 슈퍼 아몰레드(AMOLED) 디스플레이가 장착될 것으로 보입니다.삼성 플래그십 스마트폰 최초로 듀얼 카메라를 선보입니다. 후면 듀얼 카메라는 1천300만 화소 광각렌즈와 1천200만 화소 망원렌즈로 구성되며 손 떨림 방지(OIS) 기능이 적용되고 광학 2배 줌이 지원됩니다.국내 출시일은 9월 15일입니다. [MBN 뉴스센터 / mbnreporter01@mbn.co.kr] < Copyright ⓒ MBN(www.mbn.co.kr) 무단전재 및 재배포 금지 >MBN 관련뉴스해당 언론사에서 선정하며 언론사 페이지(아웃링크)로 이동해 볼 수 있습니다.폭격 마치고 돌아온 F-15k의 다급한 무전…""위험하다!""\'환자 90명 약물 살인\' 간호사 ""지루했다""""꼴보기도 싫다"" 취준생 20대 아들 살해한 父""잘생겨서…"" 초등생과 9차례 관계한 워킹맘20대女 상대로 사기친男…편의점으로 2억을?좋아요0훈훈해요0슬퍼요0화나요0후속기사 원해요0기사제공 :']"
6,삼성전자, 2017-08-2308:52,아이뉴스24 ,"최양하 한샘 회장, 자사주 보유 '1위' 전문경영인",https://finance.naver.com/news/news_read.nhn?article_id=0000421465&office_id=031&mode=search&query=삼성전자&page=10,"[""       최양하 한샘 회장, 자사주 보유 '1위' 전문경영인      기사입력2017-08-23 08:52기사원문좋아요훈훈해요좋아요 평가하기공감좋아요0훈훈해요0슬퍼요0화나요0후속기사 원해요0댓글[아이뉴스24 윤선훈기자] 국내 500대 기업 전문경영인 중 자사주 보유 1위는 최양하 한샘 회장으로 조사됐다. 최 회장의 자사주 가치는 약 1천600억원으로, 2위인 이재경 두산 부회장의 20배에 달했다.23일 기업 경영성과 평가사이트 CEO스코어가 국내 500대 기업 CEO 중 오너 일가를 제외하고 자사주를 보유한 전문경영인 166명의 자사주 가치(8월 21일 종가 기준)를 조사한 결과 총 2천413억원(보통주+우선주)으로 집계됐다.자사주 가치가 1억원 이상인 전문경영인은 111명으로 전체의 66.9%였고, 5억원 이상은 23.5%(39명), 10억원 이상은 11.4%(19명)였다. 166명 중 금융권 전문경영인은 14.5%(24명)로 7명 중 1명 꼴이었다.최양하 한샘 회장이 자사주 가치 1천585억원으로 1위를 기록했다. 이는 전문경영인 111명 전체의 3분의 2에 해당하는 금액이다. 2위인 이재경 두산 부회장(79억원)과는 20배 차이다.3위는 61억원의 차석용 LG생활건강 부회장이다. 차 부회장은 지난 2013년 6월 말 자사주 가치가 250억원이었지만, 2013~2014년 보통주 4만여주를 매각하면서 순위가 한 계단 하락했다.이 밖에 전문경영인 김정남 동부화재 사장(56억원), 김용범 메리츠화재 사장(37억원), 최현만 미래에셋대우 수석부회장(34억원), 권오현 삼성전자 부회장(30억원), 이윤재 흥아해운 회장(23억원), 박진수 LG화학 부회장(22억원), 박재구 BGF리테일 사장(22억원)이 10위 안에 포함됐다.'톱 10' 밖으로는 권영식 넷마블게임즈 집행임원(14억원)이 지난 5월 회사 상장과 함께 단숨에 13위로 뛰어올랐다. 20위를 차지한 한성숙 네이버 사장(10억원)은 조사 대상 전문경영인 166명 중 유일한 여성 CEO였다. 그룹별로는 50위 내에 삼성이 7명, LG가 6명 각각 포진해 가장 많았다. 삼성은 권오현 부회장(7위), 정유성 삼성SDS 사장(13억원, 14위), 김신 삼성물산 상사부문 사장(12억원, 15위), 전영현 삼성SDI 사장(8억9천만원, 22위), 이윤태 삼성전기 사장(4억9천만원, 40위)이 포함됐고 LG는 차석용 부회장(3위), 박진수 부회장(9위), 한상범 LG디스플레이 부회장(9억8천만원, 21위), 조성진 LG전자 부회장(8억8천만원, 23위), 권영수 LG유플러스 부회장(6억1천만원, 33위)이 포함됐다.한편 올 초 대비 자사주 가치가 가장 많이 늘어난 전문경영인은 김용범 메리츠화재 사장으로 21억원(139.7%)이 늘었다. 권영식 넷마블게임즈 사장은 신규 상장과 함께 14억원이 늘어 증가액 2위를 차지했다. 이어 이재경 두산 부회장이 13억원(19.7%), 김정남 동부화재 사장이 11억원(24.6%) 늘었고 전영현 삼성SDI 사장은 올해 대표이사로 취임하면서 8억9천만원 규모의 자사주를 처음 사들였다./윤선훈기자 krel@inews24.com▶프리미엄 뉴스서비스 아이뉴스24▶연예스포츠 조이뉴스24, 생생한 라이브캐스트[ⓒ 아이뉴스24 무단전재 및 재배포 금지]아이뉴스24 관련뉴스해당 언론사에서 선정하며 언론사 페이지(아웃링크)로 이동해 볼 수 있습니다.[김나리]'테크핀' 발목 잡는 은산분리 규제[르포]쿠팡 자축파티 속 물류센터는 '잔업잔혹사'[SK '딥 체인지']① 연이은 사업 재편 행보'커버드콜 펀드'에 1.4조원 몰리며 히트…이유는?실적 좋아진 IT서비스 4사 …비결은?좋아요0훈훈해요0슬퍼요0화나요0후속기사 원해요0기사제공 :""]"
7,삼성전자, 2017-08-2308:52,아이뉴스24 ,"""컴퓨터 구조 중심, CPU에서 메모리로 이동한다""",https://finance.naver.com/news/news_read.nhn?article_id=0000421466&office_id=031&mode=search&query=삼성전자&page=10,"['       ""컴퓨터 구조 중심, CPU에서 메모리로 이동한다""      기사입력2017-08-23 08:52기사원문좋아요훈훈해요좋아요 평가하기공감좋아요0훈훈해요0슬퍼요0화나요0후속기사 원해요0댓글[아이뉴스24 김다운기자] 앞으로 컴퓨터 구조의 중심이 중앙처리장치(CPU)가 아닌 메모리가 되는 \'메모리 중심 컴퓨팅\' 시대가 올 것이라는 전망이 나왔다. 이에 따라 반도체 수요도 증가할 것이란 예상이다.23일 도현우 미래에셋대우 애널리스트는 세계 최대 낸드플래시 콘퍼런스인 \'플래시 메모리 서밋(FMS) 2017\' 참관 리포트를 통해 이 같이 분석했다.그는 ""낸드 수요의 중심이 모바일에서 서버로 완전히 넘어가는 분위기""라며 ""낸드 수요를 주도하고 있는 어플리케이션이 모바일에서 서버로 바뀌고 있기 때문""이라고 진단했다.낸드 수요는 서버 시장을 중심으로 성장세가 지속될 것으로 예상했다. FMS 2017에서 등장한 메모리 중심 컴퓨팅 등의 개념을 바탕으로 고성능 스토리지 시장이 커질 것이라는 분석이다.도 애널리스트는 ""FMS 2017에서는 메모리가 서버 아키텍처의 중심이되는 메모리 중심 컴퓨팅이라는 개념이 크게 부각됐다""고 전했다.1950년 컴퓨터가 탄생한 이래 컴퓨터의 구조는 항상 CPU였고 메모리는 이를 보조하기 위한 장치였지만, 최근 머신러닝 등 고효율 메모리 구조를 요구하는 수요들이 등장하면서 메모리가 컴퓨터 구조의 중심이 돼야 한다는 주장이 등장하고 있다는 것이다.현재 데이터센터는 서버 단위로 운영된는데, 각각의 서버에 CPU, D램, 낸드 등이 탑재돼 있고 데이터는 서버의 CPU와 메모리에서 각각 처리된다. 그리고 서버 여러 대가 네트워크를 통해 연결된다.반면 메모리 중심 컴퓨팅은 데이터센터 서버 전체의 CPU, D램, 낸드, 하드디스크드라이브(HDD) 등 요소를 자원 풀로 관리한다고 도 애널리스트는 풀이했다. CPU는 CPU끼리, 메모리는 메모리끼리 구성된 풀로 만들면 거대한 메모리 풀에 저장된 데이터를 복수의 CPU가 병렬로 액세스할 수 있다. CPU와 메모리가 서버 단위로 각각 데이터를 처리하는 것보다 훨씬 성능이 높아질 수 있다는 설명이다.그는 ""데이터센터 처리 능력 증가는 머신러닝 등 수요를 자극할 수 있어 전체 반도체 수요에 긍정적으로 작용될 전망""이라고 기대했다.한편 앞으로 낸드 공급에 대해서는 올해까지는 안정을 유지할 것이나 내년부터는 증가세가 높아질 것으로 예상했다. 도 애널리스트는 ""업체들의 3D 낸드 생산량 증가, 도시바 정상화, 더블 스태킹, 쿼드레벨셀(QLC) 등 기술이 본격화되며 공급 증가에 영향을 줄 것""이라고 전망했다.아울러 ""중국 로컬 낸드 업체들의 제품 양산은 2018년 하반기나 2019년부터 가능할 것""이라며 ""삼성전자 등 빅플레이어들의 기술 수준에는 크게 미치지 못할 것이나 니치 플레이어들의 수준과는 유사하거나 상회하는 기술을 보일 것""이라고 덧붙였다./김다운기자 kdw@inews24.com▶프리미엄 뉴스서비스 아이뉴스24▶연예스포츠 조이뉴스24, 생생한 라이브캐스트[ⓒ 아이뉴스24 무단전재 및 재배포 금지]아이뉴스24 관련뉴스해당 언론사에서 선정하며 언론사 페이지(아웃링크)로 이동해 볼 수 있습니다.최양하 한샘 회장, 자사주 보유 \'1위\' 전문경영인[김나리]\'테크핀\' 발목 잡는 은산분리 규제[르포]쿠팡 자축파티 속 물류센터는 \'잔업잔혹사\'[SK \'딥 체인지\']① 연이은 사업 재편 행보\'커버드콜 펀드\'에 1.4조원 몰리며 히트…이유는?좋아요0훈훈해요0슬퍼요0화나요0후속기사 원해요0기사제공 :']"
8,삼성전자, 2017-08-2308:50,한국경제 ,"""국내 증시, 전기전자업종이 상승 주도할 것""-키움",https://finance.naver.com/news/news_read.nhn?article_id=0003813251&office_id=015&mode=search&query=삼성전자&page=10,"['       ""국내 증시, 전기전자업종이 상승 주도할 것""-키움      기사입력2017-08-23 08:50기사원문좋아요훈훈해요좋아요 평가하기공감좋아요0훈훈해요0슬퍼요0화나요0후속기사 원해요0댓글 키움증권은 23일 미국 증시의 영향으로 전기전자업종이 이날 국내 증시의 상승세를 주도할 것으로 전망했다. 삼성전자의 갤럭시노트8 공개도 전기전자업종에 우호적인 영향을 줄 것이란 분석이다.간밤 뉴욕증시는 3대 지수가 동반 강세를 나타냈다. 저가매수세와 함께 세제개편안 통과 가능성에 대한 기대가 지수를 밀어올렸다. 도널드 트럼프 미국 대통령이 아프가니스탄에 미군을 추가 파병할 것이라고 밝힌 점도 정치 불확실성을 완화시켰다. 서상영 키움증권 연구원은 ""트럼프 연설 후 트럼프 정책에 대해 반대를 하던 존 메케인 상원의원이 트럼프가 올바른 방향으로 큰 걸음을 내딛었다고 말했다""며 ""공화당과 트럼프 대통령의 정책 간극이 축소될 가능성이 높아졌다는 기대감이 증시에 작용했다""고 풀이했다.특히 반도체 업체들의 상승이 두드러졌다. 서 연구원은 ""PC, 서버와 모바일 등 제품 믹스 최적화에 따라 수요가 예상보다 증가하면서 D램과 낸드(NAND) 칩의 가격 상승세가 이어질 것이란 기대가 짙었다""며 ""반도체 가격 상승세가 다음 분기에도 이어질 것이라는 점이 부각되며 반도체 상장지수펀드(ETF)가 1.34% 상승했다""고 설명했다. 이를 감안하면 한국 증시도 상승세를 이어갈 것이란 판단이다. 서 연구원은 ""미 증시에서 반도체와 은행 업종이 상승을 주도했고, 한국 증시에서도 관련 종목들의 상승세가 이어질 것으로 보인다""고 말했다.갤럭시노트8 공개도 호재다. 그는 ""삼성전자의 갤럭시노트8 발표는 전기전자 업종에 우호적인 영향을 줄 수 있다""면서도 ""중국 상품선물시장의 야간시장에서 철광석(-4.32%), 철근(-4.19%)이 급락했다는 점을 감안하면 관련 종목들의 상승은 제한적일 것""으로 예상했다.주 후반 열리는 잭슨홀 미팅은 시장에 큰 변화를 주지 않을 것으로 내다봤다. 다만 유로존 경기가 주춤하고 있어 마리오 드라기 유럽중앙은행(ECB) 총재가 비둘기파적인 발언을 할 가능성도 제기되고 있다고 짚었다. 이러한 변수가 이날 국내 증시의 상승폭을 제한할 수도 있다는 분석이다.김은지 한경닷컴 기자 eunin11@hankyung.com[한경닷컴 바로가기] [글방] [모바일한경 구독신청] ⓒ 한국경제 & hankyung.com, 무단전재 및 재배포 금지한국경제 관련뉴스해당 언론사에서 선정하며 언론사 페이지(아웃링크)로 이동해 볼 수 있습니다.하반기 실적을 고려한 IT주 투자 우선 순위는?-하나뉴욕증시 미 세제개편 기대에 강세… 다우 0.9% 상승 마감""현대차 야심작, 애물단지 될 수도"" 폭탄 전망소개팅 제안받은 女 승무원, 의외의 반응에 \'깜짝\'12억7000만원 개포주공1단지, 일주일 새 집값이좋아요0훈훈해요0슬퍼요0화나요0후속기사 원해요0기사제공 :']"
9,삼성전자, 2017-08-2308:46,머니투데이 ,23일 코스피 시초가 약보합 예상-동시호가,https://finance.naver.com/news/news_read.nhn?article_id=0003923402&office_id=008&mode=search&query=삼성전자&page=10,"['       23일 코스피 시초가 약보합 예상-동시호가       기사입력2017-08-23 08:46기사원문좋아요훈훈해요좋아요 평가하기공감좋아요0훈훈해요0슬퍼요0화나요0후속기사 원해요0댓글 [머니투데이 송선옥 기자] 23일 코스피 시초가 출발은 약보합이 예상된다. 미래에셋대우에 따르면 오전 8시40분 동시호가 현재 코스피 시가총액 상위종목에 매수 우위의 종목이 다수다. 업종별로는 전기전자 의료정밀 운수창고가 상대적인 강세다. 시총 상위종목 중에서는 삼성전자 SK하이닉스 삼성전자우 등으로 매수세가 유입되고 있다. 미국 뉴욕증시는 세제개편 기대감과 기술주 헬스케어주의 급등에 힘입어 상승했다. 다우존스 산업평균 지수는 22일(현지시간) 전일대비 0.9% 오른 2만1899.89로, S&P(스탠다드앤푸어스) 500 지수는 1% 상승한 2452.51로 마감했다. 나스닥종합지수는 1.4% 올라 6297.48로 장을 마쳤다. 서부텍사스산원유(WTI) 9월 인도분 선물가격은 배럴당 0.6% 오른 47.64달러를 기록했다. TOM칼럼-깊이있는 투자정보▶무료 만화 즐기고~ 선물타자!▶ 빵빵한 차&레이싱걸▶ 송선옥 기자 oops@mt.co.kr머니투데이 관련뉴스해당 언론사에서 선정하며 언론사 페이지(아웃링크)로 이동해 볼 수 있습니다.[포토is] ""깜짝이야!""… 여기는 지하철 대테러 훈련 현장김민채 ""정운택과 결혼 안했다… 2개월 전 이미 결별""[단독]檢 ""\'주식부자 이희진\' 피해자, 200여명 더""배우 송선미 남편, 변호사 사무실서 흉기 찔려 사망현대차 임원급여 10% 자진삭감, 과장급 동결..노조는 7%↑?좋아요0훈훈해요0슬퍼요0화나요0후속기사 원해요0기사제공 :']"
10,삼성전자, 2017-08-2308:46,헤럴드경제 ,갤럭시노트 8 공개 D-1…수혜주 담아볼까,https://finance.naver.com/news/news_read.nhn?article_id=0001280451&office_id=016&mode=search&query=삼성전자&page=10,"['       갤럭시노트 8 공개 D-1…수혜주 담아볼까      기사입력2017-08-23 08:46기사원문좋아요훈훈해요좋아요 평가하기공감좋아요0훈훈해요0슬퍼요0화나요0후속기사 원해요0댓글-삼성전자 주가는 주춤, 갤럭시노트8 부품주 ↑-삼성전기ㆍ삼성SDIㆍ해성옵틱스ㆍ옵트론텍ㆍ자화전자 관심[헤럴드경제=김나래 기자] 갤럭시노트8 공개를 하루 앞두고 시장에서는 부품주에 관심이 주목되고 있다. 삼성전자가 올 상반기 출시한 갤럭시S8에 이어‘갤럭시노트8’까지 흥행할 경우 삼성전자 부품 협력사들은 올 하반기에도 실적 상승세가 이어질 것으로 예상된다. 23일 한국거래소에 따르면 삼성전자는 22일 전일 대비 8000원(0.34%) 오른 235만원에 거래를 마쳤다. 반면 부품주인 삼성SDI와 삼성전기의 경우 각각 3.92%, 0.41% 상승했고, 지난달 말 대비로도 각각 10.09%, 5.76%올랐다. 최근 삼성전자보다는 관련 부품주들의 상승세가 돋보이고 있다.\xa0갤럭시노트8 특징은 ▲신뢰성(안전성) 회복 ▲듀얼 카메라 채택 예상 ▲홈버튼을 제거한 전면 디스플레이(베젤리스) 적용 ▲인공지능 비서 빅스비 확대 ▲S펜을 적용한 갤럭시노트 차별화 유지 등이다.갤럭시노트8은 삼성 스마트폰 가운데 처음으로 듀얼카메라를 탑재할 것으로 알려져 있다. 이에 전체 물량의 약 70%를 공급할 것으로 보이는 삼성전기에 관심이 높아지고 있다. 그동안 삼성전기는 삼성 플래그십 모델 후면 카메라 양산을 맡았기 때문에 듀얼카메라 수요가 커질수록 매출도 높아질 것으로 예상된다. 내년에는 기판사업부의 실적 개선도 기대가 크다. 삼성SDI도 갤럭시노트8을 비롯한 하반기 플래그쉽 신모델 출시에 따라 소형전지의 수익성이 개선될 것으로 예상하고 있다.어규진 이베스트투자증권 연구원은 “삼성SDI의 3분기 실적은 매출액 1조6000억원, 영업이익 185억원으로 실적 개선세가 지속될 전망”이라고 밝혔다.중소형주 부품주들 중에서는 해성옵틱스, 옵트론텍, 자화전자 등 듀얼 카메라 관련 업체들도 주목받고 있다. 옵트론텍과 자화전자도 각각 2.97%, 3.17% 이상 올랐다. 이는 지난달 말 보다 각각 8.72% 4.56% 주가가 상승했다.박강호 대신증권 연구원은 “삼성전자의 듀얼 카메라 채택이 본격화되면서 관련 부품업체의 2018년 실적 호조를 거둘 것”이라며 “수혜주로는 대덕GDS, 자화전자, 옵트론텍을 주목해야 한다”고 밝혔다. 관련 부품업체 가운데 해성옵틱스는 이날 3.61%, 지난달 말 대비 14.67% 상승했다. 해성옵틱스는 듀얼 카메라 수혜가 기대되는 가장 저평가된 IT부품사라는 분석이다.박형우 신한금융투자 연구원은 “해성옵틱스의 듀얼카메라용 AFA(자동초점교정기능), OIS(손떨림보정기능)와 렌즈 공급의 실적 기여는 3분기부터”라며 “영업이익률은 지난 2분기 0%에서 3분기 3.5%로 개선될 것”이라고 예상했다.이외에도 파워로직스가 갤럭시노트8 전면 카메라모듈 주력 공급사(메인 벤더)로 선정됐고, 캠시스가 세컨 벤더로 선정된 것으로 알려져 기대감을 높이고 있다. ticktock@heraldcorp.com▶영감이란 불꽃에 타오르게할 스토리(INSPIRE)▶앞서가는 젊은 경제신문 친구맺기 ▶오늘의 운세 날씨 - Copyrights ⓒ 헤럴드경제 & heraldbiz.com, 무단 전재 및 재배포 금지 -헤럴드경제 관련뉴스해당 언론사에서 선정하며 언론사 페이지(아웃링크)로 이동해 볼 수 있습니다.김정숙 여사, 靑에 편지 보낸 초등생 개개인에 답장한명숙, 2년 만기 출소…추미애 ""기소독점주의 피해자""日학자 ""日 외무성, 해적판 지도로 독도영유권 주장""STX조선 작업자 송기마스크 대신 방독마스크 썼다문재인 우표 추가발행…25~28일 예약 접수좋아요0훈훈해요0슬퍼요0화나요0후속기사 원해요0기사제공 :']"
11,삼성전자, 2017-08-2308:39,뉴시스 ,[빅데이터MSI]23일 빅데이터 '핫 키워드'…서비스·시장·스마트폰·제품·투자,https://finance.naver.com/news/news_read.nhn?article_id=0008135081&office_id=003&mode=search&query=삼성전자&page=10,"[""       [빅데이터MSI]23일 빅데이터 '핫 키워드'…서비스·시장·스마트폰·제품·투자      기사입력2017-08-23 08:39기사원문좋아요훈훈해요좋아요 평가하기공감좋아요0훈훈해요0슬퍼요0화나요0후속기사 원해요0댓글【서울=뉴시스】김형섭 기자 = 23일 빅데이터 시장심리지수(MSI)의 핫 키워드는 '서비스'로 나타났다. 뉴시스와 코스콤(구 한국증권전산)이 공동 분석한 MSI(http://m.newsis.com/stock.html, 모바일 전용)에 따르면 전 거래일 오후 4시부터 이날 오전 8시까지 온라인과 소셜네트워크서비스(SNS), 블로그, 증권 관련 사이트에서 집계된 주요 상위 키워드는 서비스·시장·스마트폰·제품·투자 등이다. 전날 코스피가 기관의 매수세에 힘입어 사흘 만에 반등해 2360선을 회복한 가운데 '서비스'(8871건·1위), '시장'(6228건·2위), '스마트폰'(4608건·3위), '제품'(3915건·4위), '투자'(3690건·5위) 등이 검색어 상위에 올랐다. 이 같은 키워드들은 지정학적 리스크가 축소된 가운데 반등을 시도 중인 유가증권시장에 대한 투자자들의 관심과 하반기 프리미엄 스마트폰 대전에 대한 소비자들의 기대가 반영된 결과로 풀이된다. 코스피는 전날 직전 거래일(2355.00)보다 10.33포인트(0.44%) 오른 2365.33에 장을 종료했다. 지난 18일 2360선을 내준 후 줄곧 이를 밑돌았으나 다시 2360선 중반까지 지수를 높였다.   개인(823억원)과 외국인(279억원)이 순매도세를 나타낸 데 반해 기관(892억원)은 순매수세를 나타냈다. 북핵 리스크가 소강 국면에 들면서 시장 자체가 안도하는 랠리를 나타냈다는 평가다. 이런 가운데 코스닥 대장주 셀트리온은 다음달 29일 오전 10시 임시 주주총회를 열어 코스피 상장을 위한 코스닥시장 상장폐지 의안을 상정해 처리하기로 결정했다고 공시했다.  삼성전자가 야심차게 준비한 갤럭시노트8 공개 시점이 하루 앞으로 다가오면서 디자인, 스펙 등에 대한 소비자들의 관심도 고조되고 있다.  삼성전자는 23일 오전 11시(현지시간) 미국 뉴욕 파크 애비뉴 아모리에서 갤럭시노트8을 처음으로 공개한다. 한국 시간으로는 24일 자정이다.  삼성은 지난 상반기에 출시한 갤럭시S8 시리즈를 성공적으로 시장에 안착시키며 갤노트7 단종이라는 악재를 불식시켰지만 이번에 나오는 제품이 실질적인 차기작이라는 점을 감안하면 갤노트8이 또 다른 시험대가 될 전망이다. 삼성전자 외에 LG전자, 애플 등 국내외 정보기술(IT) 업체들의 차기 전략 스마트폰이 다음달까지 연이어 공개된다.  이밖에 주요 검색어 5위에 '투자'가 올라온 것은 삼성이 스타트업 투자법인인 삼성벤처투자를 통해 SNS의 원조격인 싸이월드에 수십억원을 투자한 데 따른 것으로 보인다. 삼성벤처투자는 유망한 벤처 기업이나 스타트업 등에 자금을 지원해 기술 개발을 강화할 목적으로 다양한 투자를 이어가고 있다. 하지만 싸이월드처럼 플랫폼 서비스 투자는 처음인 것으로 알려져 눈길을 모으고 있다. 싸이월드는 2000년대 국내 SNS의 대표격으로 국내 트렌드의 중심으로 자리잡았으나 이후 페이스북, 트위터, 인스타그램 등 새로운 형식의 SNS들이 인기를 끌며 밀려난 바 있다.  한편 8월1일부터 선보이는 빅데이터 MSI 모바일 전용 버전은 구글플레이 또는 애플 앱스토어에서 '뉴시스'앱을 내려받거나 뉴시스 모바일 홈페이지(m.newsis.com)에 접속한 뒤 메인화면의 '빅데이터 MSI'를 클릭해 이용하면 된다. ephites@newsis.com  ※ 빅데이터MSI는 투자 참고용이며, 투자 결과에 책임을 지지 않습니다. 주식시장에서는 다양한 국내외 변수가 존재하기 때문에 한 지표로만 판단하면 뜻하지 않은 결과를 초래할 수 있습니다.▶ 뉴시스 빅데이터 MSI 주가시세표 바로가기 ▶ 뉴시스 SNS [페이스북] [트위터]뉴시스 관련뉴스해당 언론사에서 선정하며 언론사 페이지(아웃링크)로 이동해 볼 수 있습니다.'투기과열지구' 서울·과천·세종 내일부터 LTV·DTI 40%로 축소비트코인 가격 500만원 돌파...1년만에 7.7배 급등[빅데이터MSI]22일 빅데이터 심리 1→1→2→2단계…'나쁨'[MSI급등주]갤럭시노트8 공개 하루 앞둔 삼성전자 강세[빅데이터MSI]22일 '핫키워드'···시장·정부·게임·기업좋아요0훈훈해요0슬퍼요0화나요0후속기사 원해요0기사제공 :""]"
12,삼성전자, 2017-08-2308:28,연합뉴스 ,"미래에셋대우 ""삼성전자, 3D 낸드 기술 독주""",https://finance.naver.com/news/news_read.nhn?article_id=0009491851&office_id=001&mode=search&query=삼성전자&page=10,"['       미래에셋대우 ""삼성전자, 3D 낸드 기술 독주""      기사입력2017-08-23 08:28기사원문좋아요훈훈해요좋아요 평가하기공감좋아요0훈훈해요0슬퍼요0화나요0후속기사 원해요0댓글[연합뉴스 자료사진](서울=연합뉴스) 윤선희 기자 = 미래에셋대우는 23일 삼성전자가 당분간 3D 낸드(NAND) 시장에서 독주할 것이라며 목표주가 295만원과 투자의견 \'매수\'를 유지했다.     도현우 연구원은 ""미국 산타클라라에서 8∼10일(현지시각) 열린 세계 플래시메모리 기술 전시회 \'플래시 메모리 서밋(FMS) 2017\'에서 삼성전자의 뛰어난 3D 낸드 기술이 관심을 끌었다""며 ""삼성전자는 최근 평택 신규 3D 낸드 팹을 가동했으며 하반기에 2차 투자도 할 것""이라고 말했다.     그는 ""삼성전자는 내년 평택과 시안 추가 투자로 경쟁사 대비 규모의 경제 우위를 지속할 수 있을 것으로 보인다""고 강조했다.    그러면서 ""하반기부터 주력 3D 낸드 기술은 64단이 될 것""이라며 ""삼성전자는 내년 96단 3D 낸드 양산도 진행할 계획이어서 당분간 3D 낸드에서 독주가 예상된다""고 설명했다.     도 연구원은 삼성전자의 올해 3분기 영업이익 추정치는 전 분기보다 2% 줄어든 13조7천500억원으로 제시하면서 ""반도체 부문 영업이익이 9조2천100억원으로 15% 증가할 것으로 전망하는데, D램과 낸드 출하량이 평택 신규 팹 가동 등으로 늘어날 것""이라고 말했다.    그는 ""정보기술·모바일(IM)부문 영업이익은 2조9천800억원으로 27% 감소할 것으로 예상한다""며 ""타사 신규 모델 출시로 경쟁이 심화하고 노트8 출시로 마케팅 비용 증가도 부담될 것""이라고 지적했다.    그러면서 ""높은 수익성과 강한 자사주 매입, 주주환원 정책 등으로 주가 흐름이 경쟁사 대비 양호할 것""이라며 ""현 주가는 올해 기준 주가수익비율(PER) 9.0배, 주가순자산비율(PBR) 1.6배로 글로벌 경쟁사보다 저평가됐다""고 덧붙였다.    indigo@yna.co.kr최신 유행 트렌드 총집결(클릭!)연합뉴스 관련뉴스해당 언론사에서 선정하며 언론사 페이지(아웃링크)로 이동해 볼 수 있습니다.\xa0사형 집행 4시간 전 집행 정지 명령 \'십년감수\'\xa011살 맏형 기지에 꼬마 삼형제 지진서 극적생환\xa0성희롱 피해 신입 여경…되레 곤혹스런 처지, 왜?\xa0\'K-9 사고\' 부대 부사관, 부대 흙 3천750t 빼돌려\xa0송선미 측 ""남편 사망, 상속분쟁 탓 아니다""좋아요0훈훈해요0슬퍼요0화나요0후속기사 원해요0기사제공 :']"
13,삼성전자, 2017-08-2308:05,머니투데이 ,"삼성전자, 3D 낸드 우위 지속... 3Q 영업익 13.75조-미래",https://finance.naver.com/news/news_read.nhn?article_id=0003923381&office_id=008&mode=search&query=삼성전자&page=10,"['       삼성전자, 3D 낸드 우위 지속... 3Q 영업익 13.75조-미래       기사입력2017-08-23 08:05기사원문좋아요훈훈해요좋아요 평가하기공감좋아요0훈훈해요0슬퍼요0화나요0후속기사 원해요0댓글 [머니투데이 송선옥 기자] 미래에셋대우는 23일 삼성전자의 3D 낸드 기술 우위가 지속되고 있다며 투자의견 ‘매수’, 목표주가 295만원을 유지한다고 밝혔다. 도현우 미래에셋대우 연구원은 “플래시 메모리 서밋(FMS) 2017 참석한 결과 많은 업계 참석자들이 삼성전자의 뛰어난 3D 낸드 기술에 큰 관심을 보였다”며 “삼성전자는 하반기 평택 2차 투자, 2018년 평택 시안 추가 투자 등으로 경쟁사 대비 규모의 경제 우위를 지속할 것으로 보이며 내년 96단 3D 낸드 양산도 진행할 계획으로 당분간 3D 낸드에서 삼성전자의 독주가 예상된다”고 말했다. 3분기 삼성전자의 영업이익은 전분기대비 2% 감소한 13조7500억원으로 추정했다. 반도체 부문 영업이익은 전분기대비 15% 증가한 9조2100억원으로 예상되나 디스플레이 부문 영업이익이 13% 줄어든 1조4900억원에 그칠 것으로 분석했다. IM(IT 모바일) 부문도 27% 감소한 2조9800억원으로 예상했다. 도 연구원은 “현 주가는 2017년 기준 PER(주가수익비율) 9.0배, PBR(순자산비율) 1.6배로 글로벌 경쟁사 대비 저평가된 수치”라며 “하반기 이익둔화에 대한 우려가 있지만 삼성전자와 타 업체들간 반도체 경쟁력 차이가 여전하고 반도체 수급이 당분간 안정적으로 유지될 가능성이 높기에 높은 수익성이 유지될 수 있을 것”이라고 설명했다. 이어 “강한 자사주 매입 및 주주환원 정책도 지속될 것으로 보여 주가 흐름이 경쟁사 대비 양호할 것”이라고 덧붙였다. TOM칼럼-깊이있는 투자정보▶무료 만화 즐기고~ 선물타자!▶ 빵빵한 차&레이싱걸▶ 송선옥 기자 oops@mt.co.kr머니투데이 관련뉴스해당 언론사에서 선정하며 언론사 페이지(아웃링크)로 이동해 볼 수 있습니다.[포토is] ""깜짝이야!""… 여기는 지하철 대테러 훈련 현장김민채 ""정운택과 결혼 안했다… 2개월 전 이미 결별""[단독]檢 ""\'주식부자 이희진\' 피해자, 200여명 더""배우 송선미 남편, 변호사 사무실서 흉기 찔려 사망현대차 임원급여 10% 자진삭감, 과장급 동결..노조는 7%↑?좋아요0훈훈해요0슬퍼요0화나요0후속기사 원해요0기사제공 :']"
14,삼성전자, 2017-08-2308:03,아시아경제 ,"최양하 한샘 회장, 자사주 가치 1600억…전문경영인 중 최고",https://finance.naver.com/news/news_read.nhn?article_id=0004059923&office_id=277&mode=search&query=삼성전자&page=10,"['       최양하 한샘 회장, 자사주 가치 1600억…전문경영인 중 최고      기사입력2017-08-23 08:03기사원문좋아요훈훈해요좋아요 평가하기공감좋아요0훈훈해요0슬퍼요0화나요0후속기사 원해요0댓글한성숙 네이버 사장, 유일한 여성 CEO로 20위 [아시아경제 임철영 기자]국내 500대 기업 전문경영인 중 자사주 가치 1위는 최양하 한샘 회장으로 조사됐다. 최 회장의 자사주 가치는 1600억 원으로, 2위인 이재경 두산 부회장의 20배에 달했다.권영식 넷마블게임즈 집행임원은 회사 상장으로 단숨에 13위에 올랐고, 20위를 차지한 한성숙 네이버 사장은 유일한 여성 최고경영자(CEO)였다.23일 기업 경영성과 평가사이트 CEO스코어가 국내 500대 기업 CEO 중 오너일가를 제외하고 자사주를 보유한 전문경영인 166명의 자사주 가치(8월 21일 종가 기준)를 조사한 결과 총 2413억 원(보통주+우선주)으로 집계됐다.자사주 가치가 1억 원 이상인 전문경영인은 111명으로 전체의 66.9%였고, 5억 원 이상은 23.5%(39명), 10억 원 이상은 11.4%(19명)였다. 166명 중 금융권 전문경영인은 14.5%(24명)로 7명 중 1명꼴이었다.자사주 가치 1위는 최양하 한샘 회장으로 무려 1585억 원에 달했다. 이는 111명 전체의 3분의 2에 해당하는 금액일 뿐 아니라, 2위인 이재경 두산 부회장(79억 원)의 20배에 달한다.3위는 61억 원의 차석용 LG생활건강 부회장이다. 차 부회장은 2013년 6월 말 자사주 가치가 250억 원이었지만, 2013~2014년 보통주 4만여 주를 매각하면서 순위가 한 계단 하락했다.전문경영인 주식부호 \'톱10\'에 김정남 동부화재 사장(56억 원), 김용범 메리츠화재 사장(37억 원), 최현만 미래에셋대우 수석부회장(34억 원), 권오현 삼성전자 부회장(30억 원), 이윤재 흥아해운 회장(23억 원), 박진수 LG화학 부회장(22억 원), 박재구 BGF리테일 사장(22억 원)이 포함됐다.조웅기 미래에셋대우 사장(15억 원), 박윤식 한화손보 사장(14억 원)이 그 뒤를 이었고, 권영식 넷마블게임즈 집행임원(14억 원)은 지난 5월 회사 상장과 함께 단숨에 13위로 뛰어올랐다.이어 정유성 삼성SDS 사장(13억 원), 김신 삼성물산 상사부문 사장(12억 원), 강학서 현대제철 사장(12억 원), 이강훈 오뚜기 사장(11억 원), 이원희 현대자동차 사장(10억 원), 서승화 한국타이어 부회장(10억 원), 한성숙 네이버 사장(10억 원)이 ‘톱20’에 올랐다. 한성숙 사장은 조사대상 전문경영인 116명 중 유일한 여성 CEO였다.자사주 가치 상위 10명 중 6명은 각 사(계열사 포함)에서 10년 이상 재직한 전문경영인으로 나타났다. 김정남 사장(8년), 김용범 사장(7년), 권오현 부회장(6년), 박재구 사장(6년)도 재임 기간이 5년 이상으로 길었다.그룹별로는 50위 내에 삼성이 7명, LG가 6명 각각 포진해 가장 많았다. 삼성은 권오현 부회장(7위), 정유성 사장(14위), 김신 사장(15위), 전영현 삼성SDI 사장(8억9000만 원, 22위), 이윤태 삼성전기 사장(4억9000만 원, 40위)이 포함됐고, LG는 차석용 부회장(3위), 박진수 부회장(9위), 한상범 LG디스플레이 부회장(9억8000만 원, 21위), 조성진 LG전자 부회장(8억8000만 원, 23위), 권영수 LG유플러스 부회장(6억1000만 원, 33위)이 포함됐다. 한국항공우주산업(KAI) 방산비리 사태로 지난달 사임해 현재 검찰 수사를 받고 있는 하성용 전 사장은 자사주 가치가 5억5000만 원으로 38위에 해당됐었다.이밖에 전문경영인 166명 중 최연소는 38세의 임지훈 카카오 사장으로, 자사주 가치가 4억9000만 원(41위)이었고, 반대로 최고령은 이윤재 흥아해운 회장(72세)으로 자사주 가치가 23억 원(8위)이었다.올 초 대비 자사주 가치가 가장 많이 늘어난 전문경영인은 김용범 메리츠화재 사장으로 21억 원(139.7%)이 늘었다. 권영식 넷마블게임즈 사장은 신규 상장과 함께 14억 원이 늘어 증가액 2위를 차지했다. 이어 이재경 두산 부회장이 13억 원(19.7%), 김정남 동부화재 사장이 11억 원(24.6%) 늘었고, 전영현 삼성SDI 사장은 올해 대표이사로 취임하면서 8억9000만 원 규모의 자사주를 처음 사들였다.임철영 기자 cylim@asiae.co.kr▶ 뉴스가 재밌다! 세상의 모든 재미 [티잼]▶ #아시아경제, #오늘의 많이 본 뉴스(클릭!)아시아경제 관련뉴스해당 언론사에서 선정하며 언론사 페이지(아웃링크)로 이동해 볼 수 있습니다.""미국이 심상찮다"" 백악관 은밀히…美 해군, 전 세계 모든 함대를 일제히…탈모약 먹었는데 성욕이…\'놀라운 변화\'이효리 일냈다…JTBC 대기록 \'초대박\'\'상상 초월\'…北 \'진짜 무서운 무기\' 알고보니좋아요0훈훈해요0슬퍼요0화나요0후속기사 원해요0기사제공 :']"
15,삼성전자, 2017-08-2308:02,헤럴드경제 ,"갤럭시노트8 D-1 현장에선…“탄탄한 노트 마니아층, 다시 끌어 모은다”",https://finance.naver.com/news/news_read.nhn?article_id=0001280433&office_id=016&mode=search&query=삼성전자&page=10,"['       갤럭시노트8 D-1 현장에선…“탄탄한 노트 마니아층, 다시 끌어 모은다”      기사입력2017-08-23 08:02기사원문좋아요훈훈해요좋아요 평가하기공감좋아요0훈훈해요0슬퍼요0화나요0후속기사 원해요0댓글- 전작 ‘갤노트7’ 단종 사태 말끔히 지우고 美 ’노트 마니아‘ 공략- 애플 ’아이폰8‘과 경쟁 분위기도 예열[헤럴드경제=뉴욕(미국) 박세정 기자] “저도 갤럭시노트8을 기다리고 있어요. 지난해에 갤럭시노트7을 썼는데, 단종됐지만 저는 매우 만족했거든요”삼성전자 ‘갤럭시노트8’의 공개 행사를 하루 앞둔 22일(현지시간), 미국 뉴욕 타임스퀘어 인근의 버라이즌 매장에서 만난 한 직원은 다음날 공개되는 ‘갤노트8’에 대한 기대감을 나타내며 이같이 말했다.[사진=뉴욕 타임스퀘어 일대의 AT&T 매장에 삼성 제품 진열대가 마련돼 있다]지난해 갤노트7을 사용했다는 이 직원은 배터리 발화 문제가 걱정되지 않느냐는 기자의 질문에 “갤럭시S8에서도 아무 이상이 없어 문제 될게 없다고 생각한다”며 “노트 시리즈를 쓰고 싶어서 갤S8을 사지않고 갤노트8을 기다렸다”고 웃어보였다.뉴욕 타임스퀘어 일대의 AT&T, 버라이즌, T모바일 등 현지 이동통신사 대리점에는 갤노트8의 공개행사를 하루 앞두고 갤노트8을 맞이할 채비로 분주히 움직였다. 삼성전자는 지난해 갤노트7의 단종사태로 북미 시장에서 애플과 점유율 격차가 두 배 가까이 벌어질 만큼 부침을 겪었다. 이 때문에 노트 복귀작 ‘갤노트8’ 판매에 걸림돌이 될 수 있다는 예상도 있었지만, 이미 미국 소비자에게 갤노트7 단종사태는 잊혀진 듯 했다. 상반기에 선전한 ‘갤럭시S8’로 안정성 검증도 일단락된 분위기였다.[사진=뉴욕 타임스퀘어 일대의 스프린트 매장에 삼성(앞)과 애플(뒤)의 제품 진열대가 마련돼 있다.]매장의 ‘노른자’ 자리도 삼성이 지키고 있었다. AT&T 매장에 들어서자 삼성 진열대가 정면에 단독으로 마련돼 있었다. 아직까지 갤S8과 S8플러스가 전시된 이 진열대에는 언팩행사 이후 ‘갤노트8’이 함께 전시된다.삼성전자의 ‘노트 시리즈’는 미국시장에서도 마니아층을 중심으로 구매가 이뤄지고 있다고 대리점 직원들은 입을 모았다. AT&T 관계자는 “노트는 기존 노트 사용자가 재구매하는 비중이 70~80%에 달한다”면서 “노트8을 문의하는 고객도 기존 노트5 사용자가 대다수이고 큰 화면을 사용하던 고객이 S8플러스와 갤노트8을 두고 고민하는 경우가 많다”고 전했다.[사진=뉴욕 브로드웨이 베스트바이 매장에 비치된 갤럭시S8 시리즈 할인 판매 안내판]갤노트8의 공개를 앞두고 전자제품 유통점인 베스트바이 매장에서는 갤S8 시리즈 가격을 일시적으로 낮추는 움직임도 있었다. 이달 26일까지 일정 조건에 따라 최대 300달러를 할인받을 수 있는 이벤트를 진행 중이다.애플의 ‘홈그라운드’인 만큼, 갤노트8에 이어 하반기 출시되는 ‘아이폰8’과의 경쟁이 예열되는 분위기도 감지됐다. 베스트바이 매장 관계자는 “아이폰8에 대한 기대감도 커 당장 갤노트8을 구매하기보다 신제품들을 모두 보고 나서 구매하려는 분위기도 있다“며 ”삼성제품은 갤S8, S8플러스, 갤노트8까지 선택의 폭이 넓다는 점이 아이폰8과 비교해 강점이 될 것으로 보인다“고 설명했다. sjpark@heraldcorp.com▶영감이란 불꽃에 타오르게할 스토리(INSPIRE)▶앞서가는 젊은 경제신문 친구맺기 ▶오늘의 운세 날씨 - Copyrights ⓒ 헤럴드경제 & heraldbiz.com, 무단 전재 및 재배포 금지 -헤럴드경제 관련뉴스해당 언론사에서 선정하며 언론사 페이지(아웃링크)로 이동해 볼 수 있습니다.김정숙 여사, 靑에 편지 보낸 초등생 개개인에 답장한명숙, 2년 만기 출소…추미애 ""기소독점주의 피해자""日학자 ""日 외무성, 해적판 지도로 독도영유권 주장""STX조선 작업자 송기마스크 대신 방독마스크 썼다문재인 우표 추가발행…25~28일 예약 접수좋아요0훈훈해요0슬퍼요0화나요0후속기사 원해요0기사제공 :']"
16,삼성전자, 2017-08-2308:00,뉴시스 ,[빅데이터MSI]23일 오전 주식시장 심리 3단계 '약간 나쁨',https://finance.naver.com/news/news_read.nhn?article_id=0008135043&office_id=003&mode=search&query=삼성전자&page=10,"['       [빅데이터MSI]23일 오전 주식시장 심리 3단계 \'약간 나쁨\'       기사입력2017-08-23 08:00기사원문좋아요훈훈해요좋아요 평가하기공감좋아요0훈훈해요0슬퍼요0화나요0후속기사 원해요0댓글【서울=뉴시스】남빛나라 기자 = 23일 빅데이터로 분석한 주식시장 코스피200 종목의 시장심리지수(Market Sentiment Index·MSI)는 \'3단계\'(약간 나쁨)로 나타났다.뉴시스와 코스콤이 공동으로 뽑아낸 빅데이터 MSI(http://m.newsis.com/stock.html, 모바일 전용)에 따르면 전 거래일 오후 4시부터 이날 오전 8시까지 집계된 코스피 MSI레벨은 3단계다.전 거래일인 지난 22일 시장에서 MSI 레벨은 2단계였다.대장주 삼성전자의 MSI 레벨은 7단계다. 주요 종목인 SK하이닉스는 5단계, 현대차는 4단계, 네이버는 3단계, 한국전력은 1단계를 각각 기록했다.뉴시스와 코스콤은 250개 주요 상장 기업에 대해 감성사전을 만들어 해당 종목의 실시간 점수를 산출하고 이를 최근 1년 간의 흐름과 비교해 MSI레벨로 제시하고 있다.MSI는 총 7단계로 나뉜다. 1단계 \'매우 나쁨\', 2단계 \'나쁨\', 3단계 \'약간 나쁨\', 4단계 \'보통\', 5단계 \'약간 좋음\', 6단계 \'좋음\', 7단계 \'매우 좋음\' 등으로 분류된다.MSI레벨이 가장 낮은 수준인 1단계에서 가장 높은 수준인 7단계 쪽으로 바뀌면 해당 종목에 대해 온라인상에서의 반응이 부정에서 긍정으로 바뀌고 있다는 뜻으로 풀이할 수 있다.한편 8월1일부터 선보이는 빅데이터 MSI 모바일 전용 버전은 구글플레이 또는 애플 앱스토어에서 \'뉴시스\'앱을 내려받거나 뉴시스 모바일 홈페이지(m.newsis.com)에 접속한 뒤 메인화면의 \'빅데이터 MSI\'를 클릭해 이용하면 된다. south@newsis.com ※ 빅데이터MSI는 투자 참고용이며, 투자 결과에 책임을 지지 않습니다. 주식시장에서는 다양한 국내외 변수가 존재하기 때문에 한 지표로만 판단하면 뜻하지 않은 결과를 초래할 수 있습니다.▶ 뉴시스 빅데이터 MSI 주가시세표 바로가기 ▶ 뉴시스 SNS [페이스북] [트위터]뉴시스 관련뉴스해당 언론사에서 선정하며 언론사 페이지(아웃링크)로 이동해 볼 수 있습니다.""ISA 비과세 확대는 세금 낭비···금융사 수수료 없애야""이해진, 네이버 주식 11만주 처분···지분 4.31%로 줄어[빅데이터MSI]오전 10시 주식시장 심리 3→4단계 \'보통\'[빅데이터MSI]오전 10시 시장심리 톱5···삼성전자·삼성SDI·현대상선·NAVER·롯데칠성[빅데이터MSI]23일 빅데이터 \'핫 키워드\'…서비스·시장·스마트폰·제품·투자좋아요0훈훈해요0슬퍼요0화나요0후속기사 원해요0기사제공 :']"
17,삼성전자, 2017-08-2307:51,한국경제 ,"삼성SDI, 소형전지·ESS 매출 증가…수익성 호조-대신",https://finance.naver.com/news/news_read.nhn?article_id=0003813234&office_id=015&mode=search&query=삼성전자&page=10,"['       삼성SDI, 소형전지·ESS 매출 증가…수익성 호조-대신      기사입력2017-08-23 07:51기사원문좋아요훈훈해요좋아요 평가하기공감좋아요0훈훈해요0슬퍼요0화나요0후속기사 원해요0댓글 대신증권은 23일 삼성SDI에 대해 소형전지와 에너지저장장치(ESS) 중심의 중대형전지 매출 증가로 수익성 호조가 지속될 전망이라며 매수 투자의견과 목표주가 21만원을 유지했다.박강호 대신증권 연구원은 ""삼성SDI의 영업이익은 2분기 55억원으로 흑자전환한 이후 3분기 195억원, 4분기 651억원으로 증가할 것""이라며 ""2017년 227억원(연간)으로 전년대비 흑자전환도 긍정적""이라고 평가했다.박 연구원은 소형전지의 매출 증가 및 흑자 기조가 유지될 것으로 내다봤다. 2017년 9월에 삼성전자의 갤럭시노트8, 글로벌 전략거래선의 프리미엄 스마트폰 출시로 리튬폴리머 전지(소형전지부문)의 공급 증가가 예상되기 때문이다.그는 2016년 갤럭시노트7 이슈로 소형전지의 신뢰성을 확보하기 위해 보완투자가 진행되어 전체적인 공급단가 상승했다며 전략거래선내 점유율 증가로 스마트폰용 리튬폴리머 전지의 매출 증가가 2017년 하반기에 높을 것이라고 전망했다.전자재료의 수익성 호조도 지속될 것이라는 전망이다. 박 연구원은 ""편광필름은 중국공장의 가동률 상승과 대형 비중 확대로 제품 믹스가 개선돼, 수익성이 호전될 것""이라며 ""중소형 OLED 시장 확대 및 반도체 경기 호조로 관련 소재의 매출 증가도 양호하다""고 판단했다.중대형전지 중 ESS 매출 증가가 4분기에 클 것으로 기대했다. 그는 국내외에서 개인용 ESS수주 증가로 2017년 전체 매출은 3008억원으로 전년대비 72% 증가해 이익 개선에 기여할 것이라며 전기 자동차용 중대형전지는 기수주분의 매출 증가로 적자규모가 감소해 삼성SDI의 주가에 긍정적이라고 했다.정형석 한경닷컴 기자 chs8790@hankyung.com[한경닷컴 바로가기] [글방] [모바일한경 구독신청] ⓒ 한국경제 & hankyung.com, 무단전재 및 재배포 금지한국경제 관련뉴스해당 언론사에서 선정하며 언론사 페이지(아웃링크)로 이동해 볼 수 있습니다.서울반도체, LED패키지 가격 하락 둔화-대신""뷰웍스, 2분기 실적 개선 전망""-신한""현대차 야심작, 애물단지 될 수도"" 폭탄 전망소개팅 제안받은 女 승무원, 의외의 반응에 \'깜짝\'12억7000만원 개포주공1단지, 일주일 새 집값이좋아요0훈훈해요0슬퍼요0화나요0후속기사 원해요0기사제공 :']"
18,삼성전자, 2017-08-2307:45,조선비즈 ,"""삼성전자, 3D NAND 기술 우위 지속될 것"" - 미래대우",https://finance.naver.com/news/news_read.nhn?article_id=0000380602&office_id=366&mode=search&query=삼성전자&page=10,"['       ""삼성전자, 3D NAND 기술 우위 지속될 것"" - 미래대우      기사입력2017-08-23 07:45기사원문좋아요훈훈해요좋아요 평가하기공감좋아요0훈훈해요0슬퍼요0화나요0후속기사 원해요0댓글 미래에셋대우는 삼성전자(005930)에 대해 3D 낸드(NAND) 메모리 기술에서 우위가 지속될 것이라고 23일 전망했다. 투자의견은 ‘매수’, 목표주가는 295만원을 각각 유지했다.도현우 연구원은 “미국 산타클라라에서 지난 8~10일(현지시각) 열린 세계 최대 플래시메모리 기술 전시회 ‘플래시 메모리 서밋(FMS) 2017’에선 삼성전자의 뛰어난 3D NAND 기술로 인해, 많은 업계 참석자들이 삼성전자의 행보에 대해 높은 관심을 보였다”고 전했다.도 연구원은 “삼성전자는 최근 평택 신규 3D NAND 팹(공장)을 가동했는데 하반기부터 주력 3D NAND 기술은 64단이 될 것”이라며 “경쟁사들도 일부 64단 양산을 시작했지만 수율(완성품의 비율)이 낮고 캐파(최대생산량)가 부족해 제대로 된 경쟁이 되지 않을 것”이라고 내다봤다.그는 이어 “2017년 하반기 평택 2차 투자, 2018년 평택과 시안에서의 추가 투자로 경쟁사 대비 규모의 경제 우위도 지속할 수 있을 것으로 보인다”며 “삼성전자는 2018년 96단 3D NAND 양산도 진행할 계획으로, 당분간 3D NAND에서 삼성전자의 독주가 예상된다”고 말했다.도 연구원은 “ 하반기 이익 둔화에 대한 우려가 있지만 삼성전자의 타 업체들과 반도체 경쟁력 차이가 여전하고 반도체 수급이 당분간 안정적으로 유지될 가능성이 높기 때문에 높은 수익성은 유지될 수 있을 것”이라며 “또 강한 자사주 매입과 주주환원 정책도 지속될 것으로 보여 주가 흐름이 경쟁사 대비 양호할 것”이라고 예상했다.[이선목 기자 letswin@chosunbiz.com]chosunbiz.com조선비즈 관련뉴스해당 언론사에서 선정하며 언론사 페이지(아웃링크)로 이동해 볼 수 있습니다.""3000만원 싸게"" 집 회수하는 다주택자들""한국 가지 말라니깐…"" 골치 아픈 중국무조건 사드 탓? 중국인에 난리 난 \'한국 제품\'""내 돈 어떡해""…용산땅 사들인 건설사 망연자실""朴 정부 덕분에 대박""…신바람 난 중국 선사들좋아요0훈훈해요0슬퍼요0화나요0후속기사 원해요0기사제공 :']"
19,삼성전자, 2017-08-2307:42,아시아경제 ,[굿모닝 증시]코스피 '견고'…눈에 띄는 상승 조짐,https://finance.naver.com/news/news_read.nhn?article_id=0004059911&office_id=277&mode=search&query=삼성전자&page=10,"['       [굿모닝 증시]코스피 \'견고\'…눈에 띄는 상승 조짐      기사입력2017-08-23 07:42기사원문좋아요훈훈해요좋아요 평가하기공감좋아요0훈훈해요0슬퍼요0화나요0후속기사 원해요0댓글 [아시아경제 박나영 기자]코스피가 3거래일만에 상승마감하며 2360선을 회복했다. 지난 4거래일 연속 매도세를 보였던 기관이 이날 매수세로 돌아섰다. 환율 및 원자재 등 2분기에 매크로 변수의 변동성이 유독 컸지만 마진 개선세는 이어지고 있다. 코스피가 점차 견고해지고 있다는 분석이 나온다.  ◆선승범 유화증권 연구원=외국인 순매도세는 지속되는 듯 하다. 지난 17, 18을 제외하고 5거래일 연속 순매도를 보였기 때문이다. 그렇지만 기관이 다시금 순매수로 돌아섰다. 연기금은 전 거래일에 이어 순매도를 지속하고 있지만 61억원 가량 규모가 줄어 낙폭은 제한적이었다. 장기 시계열로 투자주체별 수급여건을 보면 반드시 외국인 순매수가 강해야 지수가 상승하는 것은 아니다. 지나치게 자의적인 해석을 배제하고 보면, 국내 거래소시장에서 외국인과 기관의 순매수 ·순매도 포지션이 유의미하다는 것을 의미할 뿐이다대북 리스크가 수그러들긴 했지만, UFG 훈련 종료시점까지 안심할 수는 없는 상황이다. 이 와중에서 국내증시가 조심스러운 하락장이 아닌 상승장세를 펼친 것은 유의미하다는 판단이다. 그 이유는 불확실성과 정치, 외교이슈에도 지수가 견고해지는 것이라고 판단하기 때문이다. ◆이진우 메리츠종금증권 연구원=2분기 실적시즌이 마무리 국면이다. 환율 및 원자재 등 매크로 변수의 변동성이 유독 컸던 2분기였지만 기업이익의 마진 개선 추세는 여전히 진행형이다. 예상 외로 선전한 실적의 배경에는 이익의 방어력, 마진 회복세가 탄탄한 점이 한몫을 하고 있는 것으로 추정된다. 2분기 현재 코스피의 최근 4개 분기 평균 영업이익률은 8.24%까지 상승했고, 삼성전자를 제외한 영업이익률은 7.1%를 회복했다. 마진 훼손이 시작된 2011년 이전 수준으로 국내 기업의 마진이 회복됐다. 6년만의 마진 정상화이다.한 가지 최근 눈에 띄는 변화는 비철금속 가격이다. 구리(Copper)가 대표적이고, 최근에는 아연 등 여타 비철금속으로 상승세가 가파르게 진행되고 있다. 지난 주말 기준 구리가격은 톤당 6500달러를 돌파했고, 이는 2014년 11월 이후 33개월래 최고치다. 아연 가격 역시 톤당 3100달러을 넘어서며 2007년 8월 이후 10년래 최고치를 기록했다. 상대적으로 인프라 투자 기대감이 적음에도 가격 상승이 재개되고 있다는 점을 고려할 때 단순히 \'투기적\' 요인으로만 치부하기는 어렵다. 박나영 기자 bohena@asiae.co.kr▶ 뉴스가 재밌다! 세상의 모든 재미 [티잼]▶ #아시아경제, #오늘의 많이 본 뉴스(클릭!)아시아경제 관련뉴스해당 언론사에서 선정하며 언론사 페이지(아웃링크)로 이동해 볼 수 있습니다.""미국이 심상찮다"" 백악관 은밀히…美 해군, 전 세계 모든 함대를 일제히…탈모약 먹었는데 성욕이…\'놀라운 변화\'이효리 일냈다…JTBC 대기록 \'초대박\'\'상상 초월\'…北 \'진짜 무서운 무기\' 알고보니좋아요0훈훈해요0슬퍼요0화나요0후속기사 원해요0기사제공 :']"
0,삼성전자, 2017-08-2307:33,머니투데이 ,"디엔에프, 삼성전자 메모리라인 정비에 따른 수혜 예상-한국투자",https://finance.naver.com/news/news_read.nhn?article_id=0003923370&office_id=008&mode=search&query=삼성전자&page=11,"['       디엔에프, 삼성전자 메모리라인 정비에 따른 수혜 예상-한국투자      기사입력2017-08-23 07:33기사원문좋아요훈훈해요좋아요 평가하기공감좋아요0훈훈해요0슬퍼요0화나요0후속기사 원해요0댓글 [머니투데이 이태성 기자] 한국투자증권은 23일 디엔에프에 대해 ""삼성전자의 메모리라인 정비에 따른 수혜가 예상된다""고 평가했다. 투자의견은 매수, 목표주가는 2만4000원으로 상향했다.유종우·김종환 연구원은 ""삼성전자가 2018년 디램 capa 확보를 위해 화성공장 일부 낸드라인을 디램라인으로 전환하는 작업을 할 계획""디램에도 HCDS가 사용되는데 디엔에프의 삼성전자 디램용 HCDS 독점 공급하고 있어서 디램 capa 증가에 따른 수혜가 예상된다""고 밝혔다.또 ""디램라인 전환 전 2D 낸드 capa의 3D 낸드 전환도 지속적으로 이루어지고 있는데 디엔에프의 경우 2D 낸드보다 3D 낸드에서의 점유율의 높기 때문에 삼성전자의 메모리라인 정비에 따른 수혜도 예상된다""고 설명했다.이어 ""2018년에도 고객사의 생산능력 증가가 지속되면서 디엔에프의 HCDS 매출액은 30% 이상 증가할 전망""이라며 ""DPT, HCDS 등 3D 낸드 소재 매출액이 증가하는 디엔에프를 반도체 소재업체 중 최선호주로 추천한다""고 덧붙였다.TOM칼럼-깊이있는 투자정보▶무료 만화 즐기고~ 선물타자!▶ 빵빵한 차&레이싱걸▶ 이태성 기자 lts320@mt.co.kr머니투데이 관련뉴스해당 언론사에서 선정하며 언론사 페이지(아웃링크)로 이동해 볼 수 있습니다.[포토is] ""깜짝이야!""… 여기는 지하철 대테러 훈련 현장김민채 ""정운택과 결혼 안했다… 2개월 전 이미 결별""[단독]檢 ""\'주식부자 이희진\' 피해자, 200여명 더""배우 송선미 남편, 변호사 사무실서 흉기 찔려 사망현대차 임원급여 10% 자진삭감, 과장급 동결..노조는 7%↑?좋아요0훈훈해요0슬퍼요0화나요0후속기사 원해요0기사제공 :']"
1,삼성전자, 2017-08-2306:48,한국경제 ,하반기 실적을 고려한 IT주 투자 우선 순위는?-하나,https://finance.naver.com/news/news_read.nhn?article_id=0003813216&office_id=015&mode=search&query=삼성전자&page=11,"['       하반기 실적을 고려한 IT주 투자 우선 순위는?-하나      기사입력2017-08-23 06:48기사원문좋아요훈훈해요좋아요 평가하기공감좋아요0훈훈해요0슬퍼요0화나요0후속기사 원해요0댓글 하나금융투자는 23일 올 하반기 실적 추세를 고려해 대형 IT주 투자 시 삼성전자, SK하이닉스, LG이노텍 순으로 우선순위를 두는 전략을 추천했다. 정보기술(IT) 업종에 대해 \'비중확대\'를 유지했다.김록호 하나금융투자 연구원은 ""반도체는 양호한 수급 밸런스(균형)가 유지되며 가격 상승이 지속돼 (삼성전자와 SK하이닉스 등 관련 기업이) 하반기에도 견조한 실적을 낼 것""이라며 ""3분기에도 메모리반도체의 가격과 출하량 모두 증가할 전망이고, 4분기에도 가격 하락 가능성은 낮다""고 밝혔다.LG이노텍은 하반기 출시 예정인 애플의 아이폰 10주년 모델의 최대 수혜주라고 진단했다. 실적과 모멘텀 모두 확보한 점이 매력적이란 평가다.김 연구원은 ""아이폰 10주년 모델은 최고 판매량을 기록한 아이폰6를 뛰어넘는 1억5000만대 이상의 판매고를 달성할 것""이라며 ""유기발광다이오드(OLED) 공급 관련 출시 지연 우려가 있지만 1~3차에 걸쳐 단계별로 출시, 국가를 확대하는 정책이 있기 때문에 출시 지연 가능성은 낮다""고 내다봤다.오정민 한경닷컴 기자 blooming@hankyung.com[한경닷컴 바로가기] [글방] [모바일한경 구독신청] ⓒ 한국경제 & hankyung.com, 무단전재 및 재배포 금지한국경제 관련뉴스해당 언론사에서 선정하며 언론사 페이지(아웃링크)로 이동해 볼 수 있습니다.삼성, 모든 가전에 IoT기능 탑재S펜으로 그린 작품, 삼성 \'더 프레임TV\'로 전시""현대차 야심작, 애물단지 될 수도"" 폭탄 전망소개팅 제안받은 女 승무원, 의외의 반응에 \'깜짝\'12억7000만원 개포주공1단지, 일주일 새 집값이좋아요0훈훈해요0슬퍼요0화나요0후속기사 원해요0기사제공 :']"
2,삼성전자, 2017-08-2306:15,데일리안 ,금융지주사전환 추진이 승계의 종착역?,https://finance.naver.com/news/news_read.nhn?article_id=0002205673&office_id=119&mode=search&query=삼성전자&page=11,"['       금융지주사전환 추진이 승계의 종착역?      기사입력2017-08-23 06:15기사원문좋아요훈훈해요좋아요 평가하기공감좋아요0훈훈해요0슬퍼요0화나요0후속기사 원해요0댓글박영수 특별검사팀은 이재용 삼성전자 부회장이 박근혜 전 대통령에게 경영권 승계 지원 목적으로 뇌물을 제공했고 그 대가로 중간금융지주사 전환을 시도했다고 주장하고 있지만 혐의를 입증할만한 증언과 증거가 없는 상황이다.(자료사진:삼성생명 서초사옥)ⓒ연합뉴스  정은보 전 금융위원회 부원장 ""오히려 무관심해 섭섭했다"" 법정 증언금융지주사 전환시 이재용 부회장 삼성전자 지분 줄어들어 불리박영수 특별검사팀이 이재용 삼성전자 부회장의 뇌물공여 혐의를 적용하고 있는 근거 중 하나로 꼽는 것이 삼성생명의 금융지주회사 전환 시도다.특검은 이 부회장이 박근혜 전 대통령에게 경영권 승계 지원 청탁을 위한 뇌물을 제공했고 그 대가로 삼성생명의 금융지주사 전환을 시도했다고 주장하고 있다. 중간금융지주사 전환 관련 내용은 지난 2월 이 부회장에 대한 2차 구속영장 청구시 추가된 사항이다. 삼성은 지난해 1월 삼성생명의 금융지주회사 전환계획안을 금융위원회에 검토해줄 것을 요청했다. 금융위는 삼성생명의 금융지주사 전환 계획을 비공식 검토했고 원안대로 승인해줄 수 없다고 결론을 내렸다. 특검은 이 과정에서 삼성의 청탁과 청와대의 압력이 있었다고 주장하고 있지만 이는 재판에서 입증되지 못했다. 결과적으로 금융지주사 전환이 이뤄지지 않은 것은 둘째 치고라도 청와대가 오히려 금융지주사 전환 이슈에 무관심했다는 증언이 나오기까지 했다.특히 삼성생명의 금융지주사 전환이 이뤄졌다면 이 부회장은 삼성생명의 삼성전자 지분 3.2%를 매각해야 하는 상황이었다. 특검의 주장대로라면 경영권 승계를 위해 금융지주사로 전환하는 것인데 오히려 주력계열사(삼성전자)의 지분이 줄어들어 경영권이 약화될 수 있는 것이었다.이 때문에 삼성생명의 금융지주사 전환 시도에 부정한 청탁이 존재했고 이에 대한 대가로 청와대의 압박이 있었다는 특검의 주장은 힘을 잃었다. ◆재판에 나온 증인들 ""청와대 지시나 압력 없어"" 한 목소리특검은 이 부회장이 지난 2014년 9월 이후 박 전 대통령과의 세 차례 독대를 통해 경영권 승계 지원을 요청하면서 삼성물산-제일모직 합병과 함께 삼성생명의 금융지주사 전환 검토도 청탁을 했다고 주장하고 있다. 하지만 재판 내내 부정 청탁의 대가로 금융지주사 전환을 추진했다는 특검 측의 주장을 뒷받침할만한 증거나 증언은 전무했다. 이에 대해 삼성 측 변호인단은 직접 증거는 하나도 없고 추측과 정황만으로 이뤄진 주장이라고 지적했다. 임종룡 전 금융위원회 위원장과 정은보 전 부위원장은 청와대에 이러한 내용을 보고했고 삼성도 결국 계획을 접었다. 특검은 삼성이 박 전 대통령에게 금융지주사 전환 지원을 청탁했다고 주장하지만 정 전 부위원장은 ""안종범 전 수석이 (삼성생명) 금융지주사 전환 관련해 너무 안 챙겨서 서운했다""며 청와대가 삼성생명의 금융지주사 전환 문제에 대해 큰 관심이 없었다고 강조하기도 했다.또 손병두 전 금융위원회 금융정책국장(현 상임위원)도 삼성생명의 금융지주회사 전환 추진 검토와 관련해 청와대의 지시나 압력이 없었다고 증언했다.손 전 국장은 ""삼성생명 금융지주사 전환 관련 업무를 추진하면서 청와대나 금융위 윗선으로부터 구체적 지시가 내려온 적은 한 차례도 없었다""며 삼성 고위층이 전환 의지가 강하다는 것과 관련해서도 ""이재용 부회장이라고 추측했을 뿐 이름을 들은 적은 없다""고 말했다이는 최훈 전 청와대 경제금융비서관실 선임행정관(현 금융위원회 금융서비스국장) 등 청와대 관계자들도 마찬가지여서 특검은 재판 내내 자신들의 주장을 뒷받침할만한 증언을 확보하지 못한 채 재판을 마쳐야 했다. ◆삼성전자 주식 매각하면서까지 금융지주자 전환 추진?삼성생명의 금융지주사 전환은 역설적으로 이 부회장의 경영권을 약화시킬 수 있어 경영권 승계 목적에 따라 이뤄졌다는 특검의 주장은 더욱 힘을 잃는 모습이다. 삼성생명이 금융지주사로 전환되려면 금융지주회사법에 따라 삼성생명은 보유하고 있던 5조9000억원 상당의 삼성전자 지분 약 3.2%를 매각해야 하는 상황이었다. 이 부회장으로서는 핵심 계열사인 삼성전자의 지분을 매각해야 해 지배력이 약화될 수 밖에 없는 상황으로 이는 경영권 승계에 오히려 불리하게 작용할 수 있었다. 이 때문에 금융지주회사 전환 추진이 오는 2020년 시행이 예고된 새 국제회계기준(IFRS4) 2단계에 대비하기 위한 목적이었다는 삼성생명측의 설명이 오히려 설득력이 있다는 지적이 나오고 있다.방영민 삼성생명 부사장은 증인으로 출석, ""금융지주사로 전환할 경우, 이 부회장의 경영승계는 더욱 어려워지기 때문에 오히려 마이너스가 될 것이라고 생각했다""며 ""5조9000억원에 달하는 삼성전자 지분 3.2%를 2년내 매각하라는 금융위 요구는 현실적으로 불가능했다""며 이같은 주장에 힘을 실었다. 법조계에서도 결과적으로 삼성이 금융지주회사 전환을 포기했고 금융위 측에서도 수월한 지주사 전환을 위한 특혜를 제공해주지 않은 점 등을 미루어 볼 때 금융지주회사 전환을 위해 부정한 청탁이 있었다는 특검의 논리는 다소 무리가 있다는 지적이 나오고 있다. 법조계 한 관계자는 ""금융지주회사 전환의 경우 결과적으로 통과되지 않았고 혐의 입증을 위한 증언과 증거가 부족하다""며 ""핵심 증거가 될 것으로 보였던 안종범 전 청와대 정책조정수석의 수첩마저 간접증거로 채택되면서 혐의를 입증할 근거가 미약한 상황""이라고 말했다.데일리안 김해원 기자ⓒ (주)데일리안 - 무단전재, 변형, 무단배포 금지데일리안 관련뉴스해당 언론사에서 선정하며 언론사 페이지(아웃링크)로 이동해 볼 수 있습니다.회장직 사양한 이재용...승계 위해 국민연금에 손실?승계 위한 뇌물? 실체 없는 가공의 프레임정유라 말 지원, 삼성이 해외로 재산은닉?\'오락가락 진술만 16시간 27분\' 김종의 진짜 역할은?미르·K스포츠재단 출연도 뇌물죄?...특검의 고무줄 잣대좋아요0훈훈해요0슬퍼요0화나요0후속기사 원해요0기사제공 :']"
3,삼성전자, 2017-08-2306:15,뉴시스 ,삼성전자 '갤럭시노트8 공개' 하루 앞두고 관심 고조,https://finance.naver.com/news/news_read.nhn?article_id=0008135007&office_id=003&mode=search&query=삼성전자&page=11,"['       삼성전자 \'갤럭시노트8 공개\' 하루 앞두고 관심 고조      기사입력2017-08-23 06:15기사원문좋아요훈훈해요좋아요 평가하기공감좋아요0훈훈해요0슬퍼요0화나요0후속기사 원해요0댓글미국 뉴욕 파크 애비뉴 아모리에서 공개, 한국 시간으로는 24일 자정삼성의 플래그십 스마트폰 중 처음으로 듀얼카메라 장착돼  【서울=뉴시스】최현 기자 = 삼성전자가 야심차게 준비한 갤럭시노트8 공개 시점이 하루 앞으로 다가오면서 디자인, 스펙 등에 대한 소비자들의 관심이 한껏 고조되고 있다.  삼성전자는 23일 오전 11시(현지시간) 미국 뉴욕 파크 애비뉴 아모리에서 갤럭시노트8을 처음으로 공개한다. 한국 시간으로는 24일 자정이다.  파크 애비뉴 아모리는 뉴욕 맨해튼의 어퍼이스트사이드에 있는 복합 전시·공연장으로, 갤럭시 언팩 행사가 이곳에서 열리는 것은 처음이다. 삼성은 지난 상반기에 출시한 갤럭시S8 시리즈를 성공적으로 시장에 안착시키며 갤노트7 단종이라는 악재를 불식시켰지만 이번에 나오는 제품이 실질적인 차기작이라는 점을 감안하면 갤노트8이 또 다른 시험대가 될 전망이다. 특히 애플의 신모델이 없었던 상반기와는 달리 하반기에는 아이폰 10주년 제품인 8시리즈가 나올 전망이라 시장에 먼저 풀리는 갤노트8이 어떤 평가를 받느냐에 따라 선점 효과에도 영향을 미칠 예정이다. 우선 갤노트8에는 삼성의 플래그십 스마트폰 중 처음으로 듀얼카메라가 장착된다. 상반기에 출시된 갤S8 시리즈 까지만 해도 듀얼카메라가 아닌 듀얼 픽셀카메라가 탑재됐다. 전면에는 800만 화소, 후면에는 1200만 화소 카메라가 들어간다. 후면 듀얼 카메라는 광각과 2배 광학 줌 기능을 제공할 것으로 전해졌다. 이외에도 내부저장공간 64GB, 램은 6GB, 3300mAh 배터리, UBS-C 타입 등이 채택됐다.  화면은 6.3인치 크기의 슈퍼 AMOLED 디스플레이가 채용된 것으로 알려졌다. 갤노트 시리즈 중 화면 크기가 6인치 이상이 탑재되는 것은 이번이 처음이다. 화면비는 갤S8부터 도입된 19.5:9다. 스마트폰의 두뇌에 해당하는 AP는 삼성이 자체 개발한 엑시노스 8895가 탑재된다. 다만 미국 출시 모델의 경우 퀄컴의 스냅드래곤 835 프로세서가 장착될 예정이다. 아울러 삼성전자가 공개한 초청장 이미지를 살펴보면 S펜 이미지와 함께 ""더 많은 것들을 하라""는 메시지가 있다. 이는 S펜의 기능 강화를 암시하는 내용으로 보인다. 앞서 삼성전자는 지난 17일 미국특허청(USPTO)에 \'음주 측정기가 내장된 갤럭시노트 S펜 특허\' 등록을 완료하기도 했다. 이번 모델에는 S펜에 마이크 및 스피커를 탑재한 것으로 전해졌다. forgetmenot@newsis.com▶ 뉴시스 빅데이터 MSI 주가시세표 바로가기 ▶ 뉴시스 SNS [페이스북] [트위터]뉴시스 관련뉴스해당 언론사에서 선정하며 언론사 페이지(아웃링크)로 이동해 볼 수 있습니다.희대의 탈주범, 교도소서 재소자 상대 성추행부흥 전문 목사, 집행유예 중 10대 소녀 또 성추행…""피해자 3명""""연봉 2000만원 이상 근로자에 12만원 소득세 부과"" 법안 발의헤드셋 끼고 말만 하면 상대에게 자동으로 통역해준다태국여성 20명 데려다 강제 성매매시킨 한국인 남성 체포좋아요0훈훈해요0슬퍼요0화나요0후속기사 원해요0기사제공 :']"
4,삼성전자, 2017-08-2306:05,연합뉴스 ,2분기 글로벌 퀀텀닷 TV 판매 감소…OLED TV와 격차 축소,https://finance.naver.com/news/news_read.nhn?article_id=0009491733&office_id=001&mode=search&query=삼성전자&page=11,"['       2분기 글로벌 퀀텀닷 TV 판매 감소…OLED TV와 격차 축소      기사입력2017-08-23 06:05기사원문좋아요훈훈해요좋아요 평가하기공감좋아요0훈훈해요0슬퍼요0화나요0후속기사 원해요0댓글OLED TV  [LG디스플레이 제공 = 연합뉴스 자료사진](서울=연합뉴스) 정성호 기자 = 올해 2분기 글로벌 시장에서 퀀텀닷(양자점) 기술 기반 TV의 판매량이 감소하며 OLED(유기발광다이오드) TV와 판매량 격차가 크게 줄어든 것으로 나타났다.    퀀텀닷 TV와 OLED TV는 모두 미래 TV 기술 시장 주도권을 잡으려고 애쓰고 있는 최첨단 기술로, 각각 삼성전자와 LG전자가 이들 진영을 이끌고 있다.    23일 전자업계와 시장조사업체 IHS마킷에 따르면 2분기 글로벌 시장에서 퀀텀닷 TV 판매량은 35만1천대로 전 분기의 67만8천대에서 48.2% 감소했다.    IHS마킷은 올해 1분기부터 퀀텀닷 TV 판매량을 집계하기 시작했는데, 이는 퀀텀닷 기술을 이용한 LCD(액정표시장치) TV와 QLED TV를 가리키는 것으로 보인다.    퀀텀닷 기술 기반 TV는 삼성전자와 중국의 하이센스, TCL 등이 생산하고 있다. 이들 3개 사는 일제히 2분기 퀀텀닷 TV 판매량이 줄었다.    반면 퀀텀닷 TV와 차세대 TV 시장의 기술 패권을 놓고 경쟁하는 OLED TV는 2분기 글로벌 판매량이 28만2천대로 전 분기의 21만8천대보다 29.4% 증가했다.    OLED TV는 LG전자와 일본 소니, 파나소닉 등이 생산하고 있다.    이처럼 퀀텀닷 TV는 판매량이 줄고, OLED TV는 늘면서 OLED가 퀀텀닷을 바짝 추격하게 됐다.    1분기만 해도 퀀텀닷은 67만8천대, OLED는 21만8천대가 팔려 퀀텀닷의 판매량이 3배 이상 많았지만 2분기에는 격차가 7만대 가량으로 좁혀졌다.    전자업계 관계자는 ""그동안 OLED TV가 시장에서 열세에 있었으나 퀀텀닷 TV 판매량이 줄면서 양 진영의 경쟁이 더 치열해지게 됐다""며 ""앞으로 경쟁이 어떻게 전개될지 주목된다""고 말했다.    sisyphe@yna.co.kr최신 유행 트렌드 총집결(클릭!)연합뉴스 관련뉴스해당 언론사에서 선정하며 언론사 페이지(아웃링크)로 이동해 볼 수 있습니다.\xa0사형 집행 4시간 전 집행 정지 명령 \'십년감수\'\xa0계란 산지가격 25% 폭락…이마트, 1.43% 인하\xa0트럼프 얼굴모양 엑스터시 5천정 독일서 압수\xa0송선미 측 ""남편 사망, 상속분쟁 탓 아니다""\xa0덤앤더머? \'부축빼기\' 20대 둘 10분 만에 덜미좋아요0훈훈해요0슬퍼요0화나요0후속기사 원해요0기사제공 :']"
5,삼성전자, 2017-08-2306:01,연합뉴스 ,자사주 보유 1위 전문경영인은 최양하 한샘 회장…1천585억원,https://finance.naver.com/news/news_read.nhn?article_id=0009491727&office_id=001&mode=search&query=삼성전자&page=11,"['       자사주 보유 1위 전문경영인은 최양하 한샘 회장…1천585억원      기사입력2017-08-23 06:01기사원문좋아요훈훈해요좋아요 평가하기공감좋아요0훈훈해요0슬퍼요0화나요0후속기사 원해요0댓글 CEO스코어 조사…\'연봉킹\' 권오현 삼성 부회장은 30억원으로 7위(서울=연합뉴스) 이승관 기자 = 국내 500대 기업 전문경영인 가운데 자사주 보유액 1위는 최양하 한샘 회장인 것으로 조사됐다.     23일 기업 경영성과 평가사이트 CEO스코어(대표 박주근)에 따르면 국내 500대 기업 최고경영자(CEO) 가운데 오너 일가를 제외하고 자사주를 보유한 전문경영인 166명의 주식 가치를 조사한 결과, 총 2천413억원(8월 21일 종가 기준·보통주+우선주)으로 집계됐다.     자사주 가치 1위는 최양하 한샘 회장으로, 무려 1천585억원에 달했다. 이는 전체의 3분의 2에 해당하는 금액이며, 2위인 이재경 두산 부회장(79억원)의 약 20배에 달하는 것이다.    3위는 차석용 LG생활건강 부회장(61억원)이었고, 김정남 동부화재 사장(56억원)과 김용범 메리츠화재 사장(37억원)이 그 뒤를 이었다.    지난해 67억원의 연봉으로 \'대한민국 연봉킹\'에 오른 뒤 올해 상반기에만 139억8천만원에 달하는 급여와 상여금 등을 받은 권오현 삼성전자 부회장은 자사주 30억원 어치를 보유해 7위에 올랐다.    권영식 넷마블게임즈 집행임원(14억원)은 지난 5월 회사 상장과 함께 단숨에 13위에 올랐고, 한성숙 네이버 사장(10억원)은 조사 대상 전문경영인 가운데 유일한 여성 CEO였다.    조사 대상 가운데 최연소 CEO는 38세의 임지훈 카카오 사장으로, 자사주 가치가 4억9천만원(41위)이었다. 최고령은 이윤재 흥아해운 회장(72)으로 23억원(8위)의 자사주를 갖고 있는 것으로 나타났다.    올초 대비 자사주 가치가 가장 많이 늘어난 전문경영인은 김용범 메리츠화재 사장으로, 21억원(139.7%)이나 증가한 것으로 조사됐다.    그룹별로는 삼성그룹의 전문경영인이 50위 내에 7명 포함돼 가장 많았고, LG그룹이 6명으로 그 뒤를 이었다.[표] 500대 기업 전문경영인 자사주 가치 상위 10위 (단위 : 100만원)최양하 한샘 회장     humane@yna.co.kr최신 유행 트렌드 총집결(클릭!)연합뉴스 관련뉴스해당 언론사에서 선정하며 언론사 페이지(아웃링크)로 이동해 볼 수 있습니다.\xa0트럼프 얼굴모양 엑스터시 5천정 독일서 압수\xa0송선미 측 ""남편 사망, 상속분쟁 탓 아니다""\xa0""총리가 짜증…억울하다"" 식약처장 답변태도 논란\xa0이회창 ""朴, 내가 정계입문시켜…대통령될 줄 몰랐다""\xa0로봇 1천69대 환상적 \'칼군무\'…기네스 신기록좋아요0훈훈해요0슬퍼요0화나요0후속기사 원해요0기사제공 :']"
6,삼성전자, 2017-08-2306:01,노컷뉴스 ,"갤럭시 노트8, 美뉴욕서 오늘밤 최초 공개된다",https://finance.naver.com/news/news_read.nhn?article_id=0003003094&office_id=079&mode=search&query=삼성전자&page=11,"['       갤럭시 노트8, 美뉴욕서 오늘밤 최초 공개된다      기사입력2017-08-23 06:01기사원문좋아요훈훈해요좋아요 평가하기공감좋아요0훈훈해요0슬퍼요0화나요0후속기사 원해요0댓글[뉴욕=CBS노컷뉴스 이용문 기자]삼성전자의 하반기 전략 스마트폰인 갤럭시 노트8이 오늘 밤 베일을 벗고 세계 시장에 공개된다.삼성전자는 우리나라 시간으로 24일 0시, 미국 현지 시간으로 23일 오전 11시에 미국 뉴욕에 있는 파크 애비뉴 아모리에서 언팩행사를 갖는다고 밝혔다.삼성전자는 무선사업부장인 고동진 사장이 공개 전일인 현지시간으로 22일 직접 나와 언팩행사를 위한 리허설을 갖는 등 준비에 박차를 가하고 있다.내외신과 업계 관계자 등 1천여 명이 참석할 것으로 알려진 언팩행사가 열리는 파크 애비뉴 아모리는 종합전시 공간으로 삼성은 갤럭시 노트8의 언팩에 공을 들이고 있는 것으로 알려지고 있다.갤럭시 노트8이 어떤 사양을 갖추고 있는지에 대해 삼성이 아직 밝히지는 않고 있지만 업계에서는 삼성 스마트폰 가운데는 처음으로 듀얼 카메라를 장착한 것으로 보고 있다.또 갤럭시 노트의 대표적인 기능 가운데 하나인 S펜의 기능도 주목할 필요가 있는 것으로 업계에서는 보고 있다.삼성은 지난달 발송한 초대장에서도 S펜의 모습을 형상화해 소개한 바 있다.갤럭시 노트8은 지난해 조기 단종으로 쓴맛을 본 전작의 명예를 회복해야 하는 과제와 함께 다음 주 공개되는 LG의 V30나 애플의 아이폰과의 경쟁에서 세계 시장 점유율을 지켜야 하는 이중의 과제를 안고 있다.mun8510@cbs.co.kr저작권자 © CBS 노컷뉴스(www.nocutnews.co.kr) 무단전재 및 재배포 금지노컷뉴스 관련뉴스해당 언론사에서 선정하며 언론사 페이지(아웃링크)로 이동해 볼 수 있습니다.회식 자리서 술잔 폭행…국회사무처 갈데까지 갔다""생리대에 200여 종 화학물질…독성물질만 20가지""\'사법개혁 정면 승부수\' 던진 靑…충격에 빠진 법원""옆방에 혜정이가 고이 자고 있으니 이렇게 좋네요""식약처장 혼낸 김승희, 알고보니 \'그때 그때 달라요\'좋아요0훈훈해요0슬퍼요0화나요0후속기사 원해요0기사제공 :']"
7,삼성전자, 2017-08-2306:00,뉴스1 ,이재용 운명 가를 재판장의 네가지 질문,https://finance.naver.com/news/news_read.nhn?article_id=0002903198&office_id=421&mode=search&query=삼성전자&page=11,"['       이재용 운명 가를 재판장의 네가지 질문      기사입력2017-08-23 06:00기사원문좋아요훈훈해요좋아요 평가하기공감좋아요0훈훈해요0슬퍼요0화나요0후속기사 원해요0댓글박영수 특별검사(왼쪽)가 이재용 삼성전자 부회장에게 징역 12년을 구형했다. 2017.8.7/뉴스1 © News1 신웅수 기자25일 오후 2시 1심선고(서울=뉴스1) 장은지 기자 = 이재용 삼성전자 부회장 등에 대한 1심 선고가 이틀 앞으로 다가왔다. 재계는 숨죽이며 선고를 기다리고 있다. 해외매출 비중이 90%인 글로벌 기업답게 전세계 언론의 이목도 서초동에 쏠리고 있다. 조지 앨런 전 미국 버지니아주지사는 최근 워싱턴 타임스에 기고한 글에서 ""이 부회장이 박근혜 전 대통령의 부패혐의에 연루돼 감옥에 갇히면서 삼성의 리더십이 흔들리고 있다""며 ""많은 이들은 이 부회장이 국가적인 중요도로 인해 열성적인 검찰의 타깃이 됐다고 믿고 있다""고 밝혔다. 박영수 특별검사팀과 삼성 양측은 지난 53차례의 공판을 통해 핵심 쟁점에 대한 치열한 공방을 벌였다. 현직 대통령의 탄핵과 연결된 중대한 사안이고 피고인 측이 혐의를 전면 부인하고 있는만큼, 3만쪽에 이르는 방대한 수사기록이 검토됐고 총 59명에 대한 증인신문이 이뤄졌다. 이 부회장의 운명을 가를 쟁점은 크게 네가지다. 재판의 큰 줄기는 이미 정식 재판 시작전에 열린 두번째 공판준비기일에서 드러났다. 재판부는 3월23일 두 번째 공판준비기일에서 크게 네가지의 질문을 던졌다. Δ삼성전자 등 회사 자금으로 승마지원이나 미르˙K스포츠재단, 동계스포츠영재센터 출연이 이뤄졌다는 것이 공소사실인데 이를 인정하는지, 출연금을 내거나 지원한 이유는 무엇인가 Δ이재용 등 피고인들이 박근혜 전 대통령과 최순실의 관계를 어떻게 인식하고 지원한 것인지 그 경위는 무엇인가 Δ공소장 취지는 삼성의 지원이 (최순실의) 사적이익 추구로 변질됐다는 것인데 이를 어느정도 인식한 것인가 Δ삼성전자가 독일 코어스포츠와 허위 용약계약을 했다는 전제로 공소장에 기재됐는데 이것이 허위인가 등이다.위 4개의 질문은 5개월간의 재판 마지막까지도 특검과 삼성 양측이 물러서지 않고 첨예하게 다툰 쟁점이었다. © News1 최진모 디자이너재판부의 첫 질문에 대한 특검의 판단은 승마지원과 미르재단 출연금, 영재센터 지원 모두가 이 부회장의 경영권 승계라는 일관된 개인적 목적을 달성하기 위한 \'뇌물\'이라는 것이다. 삼성 측은 승마지원에 대해 대통령이 승마협회를 맡아달라 부탁한 이후 매년 해오던 국내 스포츠 관련 사회공헌의 일환으로 이해하고 지원에 나섰다는 입장이다. 미르재단 등은 전경련이 삼성 LG SK 등 국내 각 대기업에 출연금을 모으길래 낸 것일 뿐이라며 뇌물혐의는 부당하다며 맞섰다.검찰은 2016년 11월 20일 최순실씨 등을 기소하면서 삼성을 비롯한 기업들이 대통령의 강요에 의해 미르·K스포츠재단에 돈을 낸 피해자라고 판단했으나, 특검팀은 삼성에 대해서 \'뇌물 공여 피의자\'라고 다른 판단을 내렸다. 이 부회장의 현안을 \'경영권승계\'로 규정하고 이를 해결하기 위해 대통령 측에 뇌물을 건넸다는 것이다. 이 부회장은 대통령이 경영권 승계를 도와주는 대가로 최순실씨 측에 총 433억원의 뇌물을 건네거나 약속한 혐의로 2017년 2월28일 기소됐다. 전경련 주도로 다른 대기업들도 출연한 미르·K스포츠재단 출연금 204억원에도 특검은 제3자뇌물죄를 적용했다. 삼성 측 변호인단은 정황만 있고 증거가 없다는 전략을 끝까지 유지했다. 송우철 변호사는 4월7일 첫 공판기일에서 ""경영권 승계에 대한 대가를 합의한 사실도 없기 때문에 뇌물죄는 물론 다른 범죄사실도 성립하지 않는다""며 ""승계작업은 대가관계가 있는 것처럼 보이기 위한 가공의 틀에 불과하다""고 지적했다. 8월7일 결심공판에서 역시 송 변호사는 ""증거재판주의 원칙이 훼손되는 것에 대해 우려가 된다""며 ""증거 없는 사실인정이나 법리에 반하는 판단이 이뤄지는 것이 걱정된다""고 했다.두번째 쟁점으로 삼성에서 최순실이 \'비선실세\'임을 인지한 시점에 대해서도 특검과 삼성의 입장은 처음부터 끝까지 엇갈렸다.특검은 2014년 9월 이 부회장과 박 전 대통령의 1차 독대 때부터 \'비선 실세\'의 존재를 알고 있었다고 주장했다. 삼성이 국정원급 정보력을 가졌다며 몰랐을리 없다는 주장을 폈다. 이를 입증하기 위해 당시 정유라 공주승마 의혹이 보도된 기사 등을 수차례 증거로 제시하며 삼성 측을 압박했다. 반면 삼성 측은 2015년 7월 29일 당시 대한승마협회장이었던 박상진 전 삼성전자 대외협력담당 사장이 올림픽 승마 지원 방안 등을 논의하기 위해 독일 출장을 갔을 당시 최순실 측근인 박원오 전 승마협회 전무를 만나 그로부터 최씨의 영향력을 전해들으며 비로소 최씨의 실체를 파악했다고 밝혔다. 또 이 부회장이 알게된 시점은 최 전 실장으로부터 심상치않은 문제가 생겼다는 보고를 받은 2016년 8월경이라고 주장했다.최씨의 존재를 몰랐기 때문에 나흘 전인 7월25일 이 부회장이 대통령과의 독대에서 ""승마지원이 한화보다 못하다""며 호되게 질책을 당했다는 것으로, 미리 알았다면 그리 승마협회를 소홀히 했겠냐는 주장이다. 승마협회를 맡으라 해서 맡았을 뿐 배후에 누가 있는지는 몰랐다는 것이다. 세번째 질문에 대한 삼성의 답은 딸 정유라에게만 지원이 집중되길 원했던 최 씨의 방해로 삼성의 스포츠 지원 계획이 변질된 것은 맞지만, 마지막까지 정상화를 위해 노력했다는 것이었다. 박 전 사장은 본인 피고인신문에서 ""지원할 승마선수 선발은 기업 후원 차원에서 하려한 것""이라며 ""2015년 10월까지 승마선수 추천을 받고 추가 선수를 선발하는 과정이 진행되는 가운데 11월 들어 최순실이 변덕을 부려서 승마지원이 변질되기 시작했다""고 강조했다. 네번째 질문에 대해서도 삼성전자가 코어스포츠와 체결한 용역계약 역시 실제 계약서가 존재하는 정상적 계약이라는 입장을 피력했다. 삼성은 2015년 8월26일 코어스포츠와 213억원 규모의 컨설팅 계약을 체결, 9~10월 280만유로(약 35억원)를 송금하고 이후 마필 구입비 등을 포함해 총 78억원을 보냈다. 이후 최순실이 삼성 지원에 불만을 표시하고 최씨가 직접 나서 승마선수 6명에 대한 지원계획을 오직 정유라만을 위한 것으로 변질시키려 하자 삼성은 2016년 8월 이후 송금을 중단한다. 이에대한 중요 증인들의 증언을 보면, 당사자인 정유라는 ""어머니 등으로부터 삼성에서 6명을 선정해 훈련시킨 다음 그 중 4명을 단체전에 출전시킨다고 들었다""며 ""그 중 한 명이 본인일 수 있다는 말을 들었다""고 증언했다. 최씨 측근인 박원오 전 승마협회 전무는 지난 5월 ""삼성 쪽에서 선수선발 방법을 찾는다고 얘기하면 (최씨가) \'누구는 뽑으면 안된다\'고 말했다""며 ""선수 선발 명단을 올리면 최씨가 핑계를 대며 거절해 한 명도 선발하지 못했다""고 증언했다. 이에 반해 김종 전 문체부 차관은 ""박 전 사장이 정씨는 코어스포츠를 통해 삼성이 단독 지원하고 이같은 사실을 가리기 위해 정씨 외 다른 선수들은 승마협회를 통해 따로 지원한다고 했다""며 다른 증인들과는 다른 증언을 내놓았다.한편 법원은 오는 25일 오후 2시 417호 대법정에서 이 부회장 등 삼성 임원 5명에 대해 1심 선고를 내린다. 지난 7일 결심에서 박영수 특검은 이 부회장에게 징역 12년의 중형을 구형했다.seeit@▶ 여러분의 제보를 기다립니다. 제보하기(클릭!)[© 뉴스1코리아(news1.kr), 무단 전재 및 재배포 금지]뉴스1 관련뉴스해당 언론사에서 선정하며 언론사 페이지(아웃링크)로 이동해 볼 수 있습니다.\'김수로 프로젝트\' 최진 숨진채 발견…회생신청후 극단적 선택""손이 1000개 있었다면""…퍼스트레이디 \'정숙씨\'의 말말말""여자 놓고 한판 붙자""…애인 술친구에 흉기 휘두른 50대톱스타 A씨 남편 피살…용의자 현장서 긴급체포공공기관에 펄럭이는 찢어진 태극기…\'이건 아니잖아\'좋아요0훈훈해요0슬퍼요0화나요0후속기사 원해요0기사제공 :']"
8,삼성전자, 2017-08-2306:00,데일리안 ,"가파른 LCD 가격 하락...웃는 TV, 우는 디스플레이",https://finance.naver.com/news/news_read.nhn?article_id=0002205667&office_id=119&mode=search&query=삼성전자&page=11,"[""       가파른 LCD 가격 하락...웃는 TV, 우는 디스플레이      기사입력2017-08-23 06:00기사원문좋아요훈훈해요좋아요 평가하기공감좋아요0훈훈해요0슬퍼요0화나요0후속기사 원해요0댓글하반기 들어 액정표시장치(LCD) 패널 가격 하락세가 가파르게 진행되면서 TV와 디스플레이업계 희비가 엇갈리고 있다. 사진은 경기도 파주 LG디스플레이 LCD 생산라인에서 한 직원이 생산된 제품을 살펴보고 있는 모습.ⓒLG디스플레이 대형 패널 중심으로 가파른 하락세...55인치 200달러선 위협수익성 확보 유리해진 TV vs 실적 악화 불가피한 디스플레이하반기 들어 액정표시장치(LCD) 패널 가격 하락세가 가파르게 진행되면서 TV와 디스플레이업계 희비가 엇갈리고 있다.23일 타이완 시장조사기관 위츠뷰에 따르면 8월 21일 기준 55인치 TV용 오픈셀(Open Cell·백라이트 모듈을 장착하지 않은 반제품 형태) LCD 패널 평균 가격은 206달러로 2주 전에 비해 4달러(1.9%) 하락했다.43인치와 32인치도 각각 135달러와 70달러로 2주 전에 비해 각각 4달러(2.9%)와 1달러(1.4%)씩 하락했다.지난해 하반기부터 상승세를 탄 패널 가격은 올 1분기까지 지속됐으나 2분기 보합세를 거쳐 하반기 들어 하락세로 전환하는 양상이다. 다만 하락세가 당초 업계가 예상했던 것보다도 폭이 커지고 있다. 지난 4월 말 223달러까지 가격이 상승했던 55인치 제품 가격은 7월 시작과 동시에 그동안 유지했던 220달러선이 붕괴됐다. 이후 약 한 달 반 만에 12달러(5.5%)나 하락하면서 이제는 200달러선 붕괴가 초읽기에 들어간 상태다. 이러한 가파른 가격 하락세는 LG디스플레이를 비롯해 중국 BOE와 대만 이노룩스 등이 패널 생산능력을 확대하고 있는데 따른 것이다. 또 TV업체들의 재고 확보가 어느 정도 이뤄지면서 수요도 진정되고 있는 가운데 추가하락 기대감과 LCD TV 수요 불확실성과 같은 심리적 요인도 작용하고 있다는 분석이다.이 때문에 완제품인 TV와 부품인 디스플레이업체간 희비도 엇갈린 전망이다. 상반기 패널 가격 상승으로 수익성 확보에 어려움을 겪었던 TV업체들은 수익성 회복에 대한 기대감이 작용하고 있다. 특히 올 상반기 패널 가격 상승과 샤프의 TV용 패널 공급 중단이라는 이중고를 겪은 삼성전자의 경우, 가격 하락 전환과 함께 수급 문제도 어느 정도 해소되면서 하반기 영상디스플레이(VD)사업부 실적 개선이 예상된다.이에 올 상반기 영업이익이 6990억원(영업이익률 3.3%)에 불과했던 삼성전자 소비자가전(CE)부문 실적도 회복될 전망이다.반면 상반기 호황을 누렸던 디스플레이 업체들은 하반기 실적 악화가 불가피할 것으로 보고 있다. LG디스플레이는 올 상반기 누적 영업이익이 1조8311억원으로 앞선 두 해의 연간 영업이익을 뛰어넘는 호 실적을 달성했다. 지난해와 지난 2015년 영업이익은 각각 1조3114억원과 1조6256억원이었다.하지만 올 하반기에는 실적이 하락할 수밖에 없을 전망이다. 전체에서 LCD가 차지하는 비중이 상대적으로 높아 패널 가격 하락이 매출과 수익성에 끼치는 악영향이 클 수밖에 없는 구조다.업계 한 관계자는 “올 하반기 패널 가격 하락은 예상됐지만 하락 폭이 당초 생각보다 크게 나타나고 있다”며 “내년부터는 LCD 공급 과잉이 본격화될 것으로 보여 OLED 비중 확대 등 디스플레이 업체들의 전략 변화가 예상된다”고 말했다.데일리안 이홍석 기자ⓒ (주)데일리안 - 무단전재, 변형, 무단배포 금지데일리안 관련뉴스해당 언론사에서 선정하며 언론사 페이지(아웃링크)로 이동해 볼 수 있습니다.살충제 계란 먹어도 안전?..정부 발표 불신만 더 커져궐련형 전자담배 20개비당 594원 세금 부과…국회 조세소위 합의'MD 실험' 나선 현대백화점, 100여개 신진 브랜드 대상 '팝업쇼' 개최쿠팡, '늦캉스'로 여름휴가 끝자락 여유롭게 즐기세요손오공, 초대형 메카니멀 보관고 '에반킹' 출시좋아요0훈훈해요0슬퍼요0화나요0후속기사 원해요0기사제공 :""]"
9,삼성전자, 2017-08-2305:50,이데일리 ,'갤럭시S8' 이어 '갤럭시노트8'…부품社 '낙수효과' 이어질까?,https://finance.naver.com/news/news_read.nhn?article_id=0003904273&office_id=018&mode=search&query=삼성전자&page=11,"['       \'갤럭시S8\' 이어 \'갤럭시노트8\'…부품社 \'낙수효과\' 이어질까?      기사입력2017-08-23 05:50기사원문좋아요훈훈해요좋아요 평가하기공감좋아요0훈훈해요0슬퍼요0화나요0후속기사 원해요0댓글- 갤럭시S8 이르면 이달 중 3000만대 돌파 예상, 시리즈 사상 가장 빠른 속도- 아이엠·캠시스 등 적자서 흑자로 전환, 파워로직스·시노펙스 등 수익성 개선- 지난해 갤럭시노트7 파동으로 어려움 겪은 전자부품社, 올해 실적 개선 기대[이데일리 강경래 기자]삼성전자가 올 상반기 출시한 전략 스마트폰 모델 ‘갤럭시S8’이 전 세계 시장에서 활발하게 판매되면서 갤럭시S8에 전자부품을 공급하는 협력사들도 실적이 개선되는 등 ‘낙수효과’를 톡톡히 보고 있다. 갤럭시S8에 이어 ‘갤럭시노트8’까지 흥행할 경우 삼성전자 부품 협력사들은 올 하반기에도 실적 상승세가 이어질 것으로 전망된다.22일 관련 업계에 따르면 삼성전자(005930) 갤럭시S8은 이르면 이달 중 판매량이 3000만대를 돌파할 것으로 예상된다. 지난 4월 출시된 갤럭시S8은 판매량이 한 달여 만인 5월에 1000만대를 넘어섰다. 6월 말에는 2000만대마저도 훌쩍 넘어섰다. 이어 출시 4개월째인 이달 중 3000만대를 돌파할 경우 그동안 출시된 갤럭시 시리즈 중 가장 빠른 판매량 증가세를 보이게 된다.업계 관계자는 “갤럭시S8은 전작인 ‘갤럭시노트7’의 배터리 폭발 파동을 극복하기 위해 절치부심한 후 출시한 역작”이라며 “음성인식(AI) 서비스인 ‘빅스비’와 1200만화소 듀얼픽셀 카메라, 홍체인식 등 현존하는 최고 사양 부품을 적용한 점이 인기를 끄는 요인”이라고 분석했다.◇아이엠·캠시스 등 올 상반기 흑자로 마무리갤럭시S8 판매량이 호조를 보이면서 갤럭시노트7 배터리 폭발 파동으로 인해 지난해 침체됐던 삼성전자 전자부품 협력사들 사이에서 실적 개선 흐름이 이어지고 있다. 이들 협력사는 카메라모듈과 홍채인식모듈, 안테나, 배터리 보호회로 등을 삼성전자에 공급 중이다. 아이엠(101390)과 캠시스(050110), 엠씨넥스(097520) 등은 올 상반기에 영업이익을 올리면서 전년 동기와 비교해 흑자로 전환한 사례다.아이엠은 올 상반기에 24억원의 영업이익을 올리며 전년 동기 73억원 적자에서 흑자로 전환했다. 매출도 전년 동기 993억원보다 22.6% 늘어난 1217억원을 기록했다. 아이엠 관계자는 “올 들어 스마트폰용 카메라모듈 공급량이 꾸준히 증가하는 추세”라며 “지난해 적자 속에 추진한 사업구조 개편 작업도 올해 수익성 개선을 도왔다”고 말했다.캠시스 역시 올 상반기에 25억원의 영업이익을 내며 전년 동기 125억원 적자에서 흑자로 돌아섰다. 매출도 전년 동기 1668억원보다 18.6% 늘어난 1979억원을 올렸다. 캠시스 관계자는 “지난해 이후 베트남 공장에서의 카메라모듈 생산 비중을 꾸준히 늘리며 운영비를 절감한 결과, 올해 매출 증가와 함께 수익성도 개선할 수 있었다”고 설명했다. 엠씨넥스 역시 올 상반기에 전년 동기 1902억원보다 65.5% 늘어난 3148억원의 매출을 올렸다. 영업이익도 48억원을 올리며 전년 동기 138억원 적자에서 흑자로 돌아섰다.◇파워로직스·시노펙스 등 수익성 100% 이상 개선파워로직스(047310)와 시노펙스(025320) 등은 수익성을 크게 개선시킨 사례다. 파워로직스는 올 상반기에 거둔 영업이익이 전년 동기 37억원보다 105.4% 늘어난 76억원이었다. 매출도 전년 동기보다 32.2% 늘어난 3427억원이었다. 파워로직스 관계자는 “올해 매출액과 영업이익 각각 6500억원과 200억원을 올리며 나란히 사상 최대를 기록하게 될 것”이라고 내다봤다. 시노펙스도 전년 동기보다 매출과 영업이익이 각각 44.9%와 404.0% 증가한 932억원과 113억원이었다. 국내 전자부품업계 선두주자인 파트론(091700) 역시 올 들어 수익성이 개선되는 추세다. 파트론은 올해 2분기에 영업이익 47억원을 올리면서 직전 기간 29억원 적자와 비교해 흑자로 돌아섰다.이렇듯 실적이 개선되는 흐름에 따라 전자부품 공장을 증설하는 사례도 늘어나고 있다. 아이엠은 조만간 베트남 하노이에 공장을 준공, 필리핀 바탕가스 공장과 함께 전자부품 생산을 이원화할 방침이다. 아이엠이 약 100억원을 투입한 베트남 하노이 공장이 가동될 경우 카메라모듈 부품인 액추에이터 생산량은 종전보다 30% 늘어난다. 앞서 파워로직스는 지난 4월 베트남 빈푹성 카이꽝에 있는 사업장에 제2공장을 추가로 짓고 가동에 들어갔다.한편 시장조사업체 스트래티지애널리틱스(SA)는 갤럭시S8 판매량이 연간 6000만대에 달할 것으로 내다봤다. 이럴 경우 갤럭시S8은 삼성전자가 그동안 출시한 스마트폰 중 가장 많이 팔린 모델로 기록될 전망이다. 삼성전자는 23일(현지시각) 미국 뉴욕에서 ‘갤럭시노트8’을 전격 공개, 갤럭시S8에 이어 흥행 행진을 이어간다는 전략이다. 갤럭시노트8은 공개 당일부터 미국에서 사전판매에 돌입한다. 미국 및 한국 시장 출시는 다음 달 15일이 될 전망이다.삼성전자 전략 스마트폰 모델 ‘갤럭시S8’강경래 (butter@edaily.co.kr)▶심쿵유발 스타 화보 [핫포토]▶[페이스북] 보러가기~♥ | [카카오톡] 플친 맺기~♥＜ⓒ종합 경제정보 미디어 이데일리 - 무단전재 & 재배포 금지＞이데일리 관련뉴스해당 언론사에서 선정하며 언론사 페이지(아웃링크)로 이동해 볼 수 있습니다.""시중유통 닭고기서 구충제 기준치 6배 초과검출""싸이월드, 분사후 4번 재기 \'몸부림\'..이번엔 살아날까?\'청담동 주식부자\' 이희진, 사기혐의 피해금 6배 늘어…왜?\'살충제 계란\' 하루 126개 먹어도 \'정말\' 괜찮을까70대 할머니 성폭행 하려다 살해한 30대 구속좋아요0훈훈해요0슬퍼요0화나요0후속기사 원해요0기사제공 :']"
10,삼성전자, 2017-08-2305:36,머니투데이 ,"삼성 계열사, '1등 삼성' DNA 유지할 수 있을까",https://finance.naver.com/news/news_read.nhn?article_id=0003923341&office_id=008&mode=search&query=삼성전자&page=11,"['       삼성 계열사, \'1등 삼성\' DNA 유지할 수 있을까       기사입력2017-08-23 05:36기사원문좋아요훈훈해요좋아요 평가하기공감좋아요0훈훈해요0슬퍼요0화나요0후속기사 원해요0댓글 [머니투데이 임동욱 기자] [[총수 부재 위기의 삼성(2)]""구심점 사라져..새롭게 추진하는 것도 없고 현상유지에 급급"", 금융업 \'정치적 리스크\' 촉각]""금융빅뱅, 4차 산업시대를 맞아 세상이 변하고 있지만, 삼성 계열사들은 제자리 걸음만 하고 있다""삼성전자를 제외한 나머지 삼성 계열사들을 바라보는 업계의 시각은 \'안도 반, 우려 반\'이다. 맞형 삼성전자로부터 전수받은 \'1등 DNA\'로 무장하고 시장을 무섭게 뒤흔들던 삼성의 기업들이 최근 조용하다. 경쟁자 입장에선 일단 다행일 수 있지만, 글로벌 측면에서 볼 때 이 같은 \'현상유지\'는 사실상 퇴보나 마찬가지다. 이건희 삼성 회장이 2014년 5월 급성심근경색으로 쓰러진 후에도 장남 이재용 삼성전자 부회장과 미래전략실이 그룹을 안정적으로 운영해 왔지만, 최근 이 부회장의 구속과 미전실 해체가 겹치면서 \'구심점\'이 사라졌다. 삼성에 정통한 한 소식통은 ""겉으로 볼 때 삼성 계열사들의 경영은 문제가 없어 보인다""며 ""그러나 내부적으로 새롭게 강하게 추진하는 것도 없고, \'내실경영\'을 앞세워 현상을 유지하는데 급급한 게 솔직한 현실""이라고 전했다.재계가 가장 우려하는 분야는 삼성의 금융업이다. 그동안 논란이 됐던 지배구조 이슈를 떠나, 업계는 삼성 금융계열사들의 성장성에 우려를 보인다. 업계의 한 관계자는 ""금융은 당국의 인허가 이슈와 직결된 대표적인 규제산업""이라며 ""삼성은 현재 정치적 이슈로 인해 신사업 진출이 사실상 막힌 상태나 다름 없다""고 말했다. 금융당국은 지난 9일 대주주 적격성 문제로 초대형 투자은행(IB) 업무의 핵심인 발행어음 인가 심사를 보류한다고 삼성증권에 통보했다. 여기서 대주주는 재판 중인 이재용 삼성전자 부회장이다. 이 부회장이 오는 25일 1심 선고공판에서 금고형 이상의 실형을 받을 경우, 삼성증권은 대주주 결격 사유로 발행어음 사업 기회를 잃게 된다. 또 형 집행 완료일로부터 5년 동안 새로운 사업에 대한 인가 심사도 받을 수 없다. 업계는 당국이 삼성에 유독 엄격한 잣대를 들이댔다고 지적한다. 이 부회장은 삼성증권 지분이 단 한 주도 없다. 삼성증권의 최대주주는 삼성생명이고, 삼성생명의 최대주주는 이건희 회장 1인이다. 이 부회장은 삼성생명 지분 0.06%를 보유한 특수관계인에 불과하다. 지난 2016년 공포된 금융회사의 지배구조에 관한 법률은 최대주주가 법인일 경우 최다출자자 1인을 최대주주로 규정하고 있다. 그럼에도 불구, 금융당국은 기존 자본시장법 시행령의 \'법인의 주요 경영사항을 지배하는 자가 있다면 그를 최대주주로 포함하도록 한다\'는 조항을 근거로 이 부회장을 실질적인 삼성증권의 최대주주로 해석했다. 대주주 적격성 문제 역시 법률은 크게 △금융 △공정거래법 △조세 등 3가지 문제를 짚도록 하고 있다. 이번 이 부회장 재판과는 관련이 없는 내용이다. 삼성증권 관계자는 ""대주주 범위와 관련해 전혀 예상하지 못했던 광의의 해석이 적용돼 당혹스럽다""고 말했다. 금융권 관계자는 ""이런 상황이라면 증권뿐 아니라 보험, 카드 등 삼성의 다른 금융사업도 현재 상상하기 어려운 불이익을 받게 될 수 있을 것""이라며 ""더구나 인터넷은행, 블록체인의 출현 등 금융 패러다임이 급변하는 시기임을 감안할 때 사업 경쟁력에 큰 타격을 입을 수 있다""고 경고했다. 악재는 더 있다. 이 부회장이 유죄 선고를 받게 되면 삼성물산, 삼성전자 등 계열사 및 경영진을 대상으로 한 소송이 줄을 이을 가능성이 높다. 이건희 회장은 평소 ""앞으로 기업 경쟁의 승패는 시간 자원을 누가 더 먼저, 누가 더 빨리 활용하느냐에 달려 있다""며 \'스피드 경영\'을 강조했는데, 이 같은 소송은 기업 경영에 상당한 부담으로 작용할 수 있다.TOM칼럼-깊이있는 투자정보▶무료 만화 즐기고~ 선물타자!▶ 빵빵한 차&레이싱걸▶ 임동욱 기자 dwlim@mt.co.kr머니투데이 관련뉴스해당 언론사에서 선정하며 언론사 페이지(아웃링크)로 이동해 볼 수 있습니다.신분당선 지하철 탄 노인들 ""공짜는 미안한데…""[포토is] ""깜짝이야!""… 여기는 지하철 대테러 훈련 현장김민채 ""정운택과 결혼 안했다… 2개월 전 이미 결별""[단독]檢 ""\'주식부자 이희진\' 피해자, 200여명 더""배우 송선미 남편, 변호사 사무실서 흉기 찔려 사망좋아요0훈훈해요0슬퍼요0화나요0후속기사 원해요0기사제공 :']"
11,삼성전자, 2017-08-2305:30,이데일리 ,[미리보는 IFA]①IFA를 읽는 키워드 셋,https://finance.naver.com/news/news_read.nhn?article_id=0003904267&office_id=018&mode=search&query=삼성전자&page=11,"['       [미리보는 IFA]①IFA를 읽는 키워드 셋      기사입력2017-08-23 05:30기사원문좋아요훈훈해요좋아요 평가하기공감좋아요0훈훈해요0슬퍼요0화나요0후속기사 원해요0댓글 [이데일리 경계영 기자] 독일 베를린에서 다음달 1일부터 개막하는, 하반기 최대 가전 전시회인 ‘국제가전박람회(IFA) 2017’이 일주일여 앞으로 다가왔다. 인공지능(AI), 사물인터넷(IoT) 등 최첨단 기술이 가전·전자제품을 만나 우리 삶에서 어떻게 녹아들지 미리 가늠해볼 수 있는 박람회인 만큼 어떤 ‘깜짝 쇼’가 벌어질지 전 세계 눈과 귀가 쏠린다. 올해는 전 세계 50여개국에서의 1600여개 기업과 관련 단체가 축구장 21개를 붙여놓은 크기의 전시장(15만8000㎡)에서 서로 미래 먹거리의 주도권을 잡고자 신기술 경쟁을 벌인다. ①‘연결’…우리집, 더욱 똑똑해진다퇴근 후 손 하나 까딱하고 싶지 않은데 집안이 어지럽혀 있다면. 냉장고를 미처 확인하지 못해 매번 같은 식재료를 사고 썩혀 버린다면. 말로 제품을 움직이거나 제품이 미리 알려주는 등 더욱 똑똑해진 ‘스마트홈(Smart Home)’을 각 업체들이 이번 IFA에서 선보일 예정이다. 냉장고와 세탁기, TV, 에어컨, 식기세척기 등 최근 출시되는 가전제품 대부분은 무선으로 연결할 수 있는 사물인터넷(IoT) 기능이 갖춰져있다. 이번 IFA에선 여기서 한 발짝 더 나아간 스마트홈이 주목 받을 것으로 보인다. 삼성전자(005930)의 대표적 스마트 가전인 ‘패밀리허브’ 냉장고는 말만으로 필요한 레시피를 찾거나 필요한 식자재를 주문할 수 있다. 삼성은 더 나아가 2020년까지 다른 전자제품까지 연결해 음성으로 제어하는 것은 물론, 기기 종류나 운영체제와 상관 없이 하나의 통합 앱으로 조절할 수 있는 단계까지 진화할 방침이다. LG전자(066570) 역시 스마트홈 앱 ‘스마트씽큐(SmartThinQ)’와 연동되는 가전제품을 속속 내놓고 있다. 지난달엔 국내외 업체와 협력해 스마트씽큐와 연동할 수 있는 홈 IoT 센서를 내놓는 등 확장·개방 정책으로 생태계를 넓혀나가고 있다. 앞선 박람회에서 스마트홈 서비스를 내놨던 밀레, 파나소닉, 그룬딕, 하이얼 등도 한층 더 나아진 서비스를 선뵐 전망이다. 권성률 동부증권 연구원은 “가전제품 자체로 끝나는 것이 아니라 연결성(connectivity)에 초점이 맞춰진다”며 “전자제품 등 각종 기기가 AI·IoT를 만나면서 스마트홈이 자리 잡아갈 것”이라고 내다봤다. 삼성전자 패밀리허브 스마트홈 스타일. 사진=삼성전자②‘함께’…에너지 효율 높이고 자연엔 더 가깝게탈(脫)원전 정책을 내세운 것은 우리나라만이 아니다. 독일, 대만, 프랑스, 스위스 등은 수명이 다한 원전을 폐기하며 원자력 의존도를 낮춰간다. 이런 흐름은 가전·전자제품도 바꿔놓고 있다. 유럽 주요 가전업체만 보더라도 전기 생산량이 줄다보니 전기를 덜 쓰도록 에너지 효율을 최대한 끌어올리면서도 성능을 높이는 것이 최대 과제로 떠오른 지 오래다. 세탁기나 건조기의 경우 얼마나 더 적은 물과 세제, 전기 사용량으로 옷을 깨끗하게 하는지가 중요한 셈이다. 청소기는 전기 사용량을 절감할 수 있도록 출력을 낮추면서도 성능은 그대로, 혹은 개선시켜야 하는 것. 한 가전업계 관계자는 “유럽 국가 상당수는 전기를 아끼고자 가전제품을 고를 때도 에너지 사용량, 친환경 여부 등에 민감하게 반응한다”고 설명했다. 지난해 IFA에서는 삼성전자가 유럽 시장을 겨냥해, 풍부한 거품으로 찬물에서도 깨끗한 빨래가 가능토록 해 에너지를 절약한 ‘애드워시 슬림’을 선뵈기도 했다. 밀레도 세제를 절약할 수 있는 ‘WT1’ 허니컴 드럼 세탁의류건조기를 공개했다. 문재인 정부가 들어선 이후 에너지 정책에 변화의 조짐이 보이면서 이번 IFA에선 특히 에너지 효율과 성능을 동시에 높인 제품이 더 큰 관심 받을 것으로 보인다. ③‘다음’…스타트업이 보여주는 혁신이번 IFA에서는 ‘IFA 넥스트(NEXT)’ 부대행사가 첫 선을 보인다. 연구기관과 대학, 스타트업 업체가 한데 모이던 ‘테크워치(TecWatch)’가 올해부터 간판을 바꿔달았다. 빠르게 바뀌는 기술에 맞춰 혁신 DNA를 강화하겠다는 의도에서다. IFA 넥스트에서 혁신과 기술을 발표하고 비전과 아이디어를 공유하며 새로운 발전까지 이끌어내겠다는 것. 이번 주제는 △IoT·웨어러블(Wearables) △스마트홈 △가상현실(VR)·증강현실(AR) △디지털헬스 △기기 △이동성과 시간 사용 등으로 구성됐다. 우리나라에서는 스마트 도어록 업체인 ‘아마다스’, 스마트 줄자를 만든 ‘베이글랩스’, AI 플랫폼 기업인 ‘마인즈랩’, 스마트 시계줄 업체인 ‘Sgnl’ 등이 IFA 넥스트에 참가할 예정이다. ④주목 받는 신제품은아울러 이번 전시회에 맞춰 각 기업은 새로운 제품을 선뵐 계획이다. 삼성전자는 모터가 위에 달린 ‘상(上) 중심’ 무선청소기 ‘파워건’을 IFA에서 처음 공개한다. 88인치 QLED TV와 함께 다양한 크기의 ‘더 프레임’도 공개될 가능성이 크다. 이번 ‘갤럭시노트8’ 언팩(unpack) 행사에서 공개하지 않은 ‘기어S3’를 IFA에서 발표할지도 관심사다. LG전자는 IFA 개막하기 하루 전인 31일 스마트폰 ‘V30’를 발표한다. LG전자가 IFA에서 스마트폰을 공개하는 것은 이번이 처음이다. 초(超)프리미엄 브랜드인 ‘시그니처’과 유기발광다이오드(OLED) TV 또한 적극 알리기에 나설 것으로 보인다. LG전자가 ‘IFA 2017’에서 공개하는 게임용(게이밍) 모니터 2종. 사진=LG전자경계영 (kyung@edaily.co.kr)＜ⓒ종합 경제정보 미디어 이데일리 - 무단전재 & 재배포 금지＞이데일리 관련뉴스해당 언론사에서 선정하며 언론사 페이지(아웃링크)로 이동해 볼 수 있습니다.""시중유통 닭고기서 구충제 기준치 6배 초과검출""싸이월드, 분사후 4번 재기 \'몸부림\'..이번엔 살아날까?\'청담동 주식부자\' 이희진, 사기혐의 피해금 6배 늘어…왜?\'살충제 계란\' 하루 126개 먹어도 \'정말\' 괜찮을까70대 할머니 성폭행 하려다 살해한 30대 구속좋아요0훈훈해요0슬퍼요0화나요0후속기사 원해요0기사제공 :']"
12,삼성전자, 2017-08-2305:04,국민일보 ,정부는 일자리 독려하는데… 대기업 62% 채용 불투명,https://finance.naver.com/news/news_read.nhn?article_id=0001019888&office_id=005&mode=search&query=삼성전자&page=11,"['       정부는 일자리 독려하는데… 대기업 62% 채용 불투명      기사입력2017-08-23 05:04기사원문좋아요훈훈해요좋아요 평가하기공감좋아요0훈훈해요0슬퍼요0화나요0후속기사 원해요0댓글정부가 일자리 확대를 최우선 정책 과제로 삼고 재계에 신규 채용 확대를 요청했으나 대기업 10곳 중 6곳은 올 하반기에 대졸 신입사원 채용 계획이 아예 없거나 아직 확정하지 못했다는 조사 결과가 나왔다. 취업포털 잡코리아는 국내 매출액 상위 500대 기업 중 414개 기업을 대상으로 조사한 결과 30.2%는 하반기 4년 대졸 정규 신입직 채용 계획이 없고 32.4%는 채용 여부를 결정하지 못하고 있다고 22일 밝혔다. 37.4%(155개사)만이 대졸 신입사원 공채를 확정했다고 답했다. 잡코리아 관계자는 “지난해 하반기의 경우 매출액 상위 500대 기업 중 응답한 246개사의  54.7%가 대졸 신입직 채용 계획이 있었던 것에 비하면 약 17% 포인트 가까이 그 비중이 줄었고 ‘미정’이라는 응답도 지난해 16.9%에서 올해 32.4%로 크게 증가했다”고 말했다. 업종별로 보면 식음료·외식업의 66.7%가 ‘올 하반기 대졸 공채 계획이 있다’고 응답했다. 이어 제조업(45.1%)과 자동차·운수업(44.0%), 기타 서비스업종(42.1%), 석유·화학·에너지(41.9%) 업종이 비교적 신규 채용 진행 비중이 높은 것으로 조사됐다. 반면 경기에 민감한 기계·철강업과 경기 불황 속에 인력 구조조정 등 어려움을 겪고 있는 조선·중공업은 하반기 대졸 신입 채용 계획 없는 기업의 비중이 각각 66.7%로 높았다. 하반기 대졸 채용 계획을 ‘미정’이라고 밝힌 기업은 공기업이 58.8%로 가장 많았고 금융업도 48.8%나 됐다. 하지만 채용 규모는 지난해보다 커질 전망이다. 잡코리아가 분석한 올 하반기 대졸 정규 신입직 채용을 진행하는 155개 기업의 채용 인원은 총 2만389명으로 기업당 평균 131명으로 예상된다. 이는 지난 하반기 신규 채용 규모 1만7491명보다 16.6% 증가한 수치다. 업종별 채용 규모를 보면 전기·전자업종이 전년 동기간 대비 70.9% 증가, 가장 큰 폭으로 대졸 신입직 일자리가 증가할 것으로 보인다. 반면 건설(-65.7%), 석유·화학·에너지(-53.3%) 업종은 신입직 채용이 크게 줄어들 것으로 예상된다.한편 10대 그룹의 경우 대졸사원 공채가 예년에 비해 증가할 것으로 전망된다. 권오현 부회장이 청와대 경제인 간담회에서 하반기 채용 확대를 약속한 삼성전자는 반도체 등에 대한 투자 확대에 힘입어 채용 규모가 증가할 것으로 보인다. GS그룹은 올해 초 예정한 4000명보다 채용 규모를 확대하는 방안을 검토 중이고, 롯데그룹도 1300명을 채용한 지난해 하반기보다 많은 신입사원을 채용할 예정이다. 지난해 1만5000명을 채용한 신세계그룹도 올 하반기에 전년보다 많은 인원을 채용할 계획이다. 현대중공업그룹은 현대일렉트릭, 현대건설기계 등 사업분할된 회사들의 독자 경쟁력 확보를 위한 신규 인력이 필요하다는 판단에 따라 올 하반기에 약 500명의 신입 및 경력사원을 채용할 예정이다.글=김혜림 선임기자 mskim@kmib.co.kr, 일러스트=공희정 기자[국민일보 홈페이지] [페이스북][취재대행소 왱!(클릭)]GoodNews paper ⓒ 국민일보(www.kmib.co.kr), 무단전재 및 재배포금지국민일보 관련뉴스해당 언론사에서 선정하며 언론사 페이지(아웃링크)로 이동해 볼 수 있습니다.송선미 ""남편 할아버지 살아계셔… 상속 문제 아니다""\'애나벨2\' 보던 중 뛰쳐나와 이상행동 보인 여성 (영상)손정은 아나운서 ""간부에게 인사 안했단 이유로 방송 하차""한살림 왜 이러나? 살충 계란이어 썩은 감자 생강차까지존슨앤존슨 \'베이비파우더가 암 유발\'…4000억원 배상좋아요0훈훈해요0슬퍼요0화나요0후속기사 원해요0기사제공 :']"
13,삼성전자, 2017-08-2305:01,이데일리 ,커지는 '차이나 리스크'..한중 수교 25년의 명암,https://finance.naver.com/news/news_read.nhn?article_id=0003904233&office_id=018&mode=search&query=삼성전자&page=11,"['       커지는 \'차이나 리스크\'..한중 수교 25년의 명암      기사입력2017-08-23 05:01기사원문좋아요훈훈해요좋아요 평가하기공감좋아요0훈훈해요0슬퍼요0화나요0후속기사 원해요0댓글[이데일리 윤종성 기자] 한국과 중국이 24일로 수교 25년을 맞는다. 수교후 중국은 미국을 제치고 우리나라의 최대 수출국이 됐는가 하면, 투자· 인적 교류도 크게 늘면서 떼려야 뗄 수 없는 무역 파트너가 됐다. 하지만 동시에 중국은 우리 주력산업에서 가장 강력한 경쟁국으로 부상하면서 한국을 위협하고 있다.  정부의 막대한 자금 지원과 세계 최대 내수 시장을 발판삼은 중국 기업들의 성장세는 가팔라, 어느새 우리 기업들의 턱밑까지 추격했다. 중국 기업들의 위협을 의미하는 ‘차이나 리스크’에 대한 경고음은 산업계 곳곳에서 점점 크게 울리고 있다. 삼성전자(005930)·현대자동차·LG디스플레이 등 국내 간판기업들도 예외는 아니다. 가격 경쟁력은 물론, 기술· 품질도 중국 기업과 비교해 절대 우위라고 보기 힘들다.  얼마 전 조선업계는 충격에 휩싸였다. 중국보다 한참 앞서있다던 ‘컨테이너선’의 수주를 눈앞에서 뺏겼기 때문이다. 현대중공업(009540)과 삼성중공업(010140), 대우조선해양(042660) 등 국내 ‘빅3 조선사’가 모두 뛰어들었는데도 1조6000억원짜리 수주전(戰)에서 중국에 완패했다. 텃밭이던 벌크선·탱커 시장을 모조리 뺏기면서 세계 2위로 내려앉은데 이어, 이젠 고부가가치 선박 시장에서도 입지가 위태롭다. LG디스플레이(034220)는 올초 TV와 태블릿, 노트북, 모니터 등에 사용되는 대형 LCD(액정표시장치) 시장 1위 자리를 중국 디스플레이업체인 BOE에 내줬다. 이 시장에서 절대 강자인 LG디스플레이지만, 대규모 공장 증설로 물량 공세를 펼치는 BOE를 당해낼 재간이 없다. 특히 삼성디스플레이, LG디스플레이 등 국내 패널업체들은 경쟁력이 유효한 OLED(유기발광다이오드) 투자에 방점을 찍고 있어 앞으로 LCD시장의 패권은 중국 업체들에게 넘어갈 공산이 크다.   중국은 조선· LCD뿐 아니라, 우리가 주력으로 삼는 각종 산업에 ‘도전장’을 내밀면서 기술 격차를 좁혀가고 있다. 한국경제연구원은 양국간 기술격차가 3.3년(2015년)에 불과하다고 분석했다. 2002년(4.7년)과 비교하면 1.4년이나 좁혀진 것이다. 미래 성장잠재력을 보여주는 특허 출원수는 오히려 중국이 한국보다 2배 이상 많다. 인공지능(AI), 드론 등 차세대 4차 산업혁명 분야에서는 이미 한국을 추월했다는 분석도 있다. 기술 격차가 좁혀지면서 경쟁도 격화되고 있다. 100에 가까울수록 치열한 경쟁을 뜻하는 양국간 수출경합도는 디스플레이(93.6), 석유제품(88.8), 반도체(64.3), 무선통신(62.4) 등 우리 주력산업에서 특히 높았다. 두 나라의 수출경합도가 평균 44.8점인 것을 감안하면 주력산업을 두고 두 나라가 얼마나 치열하게 싸우는 지 가늠할 수 있다. 이제 한국 산업의 ‘마지막 보루’인 메모리 반도체도 안심할 수 없다. 국가 차원에서 치밀하게 반도체산업 육성에 나선 중국이 디스플레이처럼 값싼 정책자금을 퍼붓는다면 아무리 삼성전자.SK하이닉스(000660)라 해도 만만한 상대가 아니다. 업계에서는 중국으로 인해 또 한번 ‘치킨게임’(출혈경쟁)이 펼쳐질 수 있다는 우려도 나온다. 중국은 더이상 값싼 노동력을 제공하는 생산기지가 아니다. 막강한 자본력과 정부의 무한한 지원을 등에 업고 무서운 속도로 혁신을 거듭하고 있다. 우리 정부와 기업이 힘을 합쳐 기술 격차를 벌릴 혁신에 나서지 않으면 주력산업의 시장 주도권을 중국에 내주는 것은 시간문제다. 수교 30년이 되는 2022년, 우리는 중국을 어떻게 추격할 지 고민하고 있을 지도 모른다.윤종성 (jsyoon@edaily.co.kr)▶심쿵유발 스타 화보 [핫포토]▶[페이스북] 보러가기~♥ | [카카오톡] 플친 맺기~♥＜ⓒ종합 경제정보 미디어 이데일리 - 무단전재 & 재배포 금지＞이데일리 관련뉴스해당 언론사에서 선정하며 언론사 페이지(아웃링크)로 이동해 볼 수 있습니다.""시중유통 닭고기서 구충제 기준치 6배 초과검출""싸이월드, 분사후 4번 재기 \'몸부림\'..이번엔 살아날까?\'청담동 주식부자\' 이희진, 사기혐의 피해금 6배 늘어…왜?\'살충제 계란\' 하루 126개 먹어도 \'정말\' 괜찮을까70대 할머니 성폭행 하려다 살해한 30대 구속좋아요0훈훈해요0슬퍼요0화나요0후속기사 원해요0기사제공 :']"
14,삼성전자, 2017-08-2305:01,이데일리 ,[한중수교 25주년]D램 쫓아오고 非메모리는 추월,https://finance.naver.com/news/news_read.nhn?article_id=0003904229&office_id=018&mode=search&query=삼성전자&page=11,"['       [한중수교 25주년]D램 쫓아오고 非메모리는 추월      기사입력2017-08-23 05:01기사원문좋아요훈훈해요좋아요 평가하기공감좋아요0훈훈해요0슬퍼요0화나요0후속기사 원해요0댓글- 칭화유니그룹, D램 사업 진출에 적극 투자- 2019년이면 중국산 메모리 등장 전망 우세- 시스템 반도체는 이미 상당한 경쟁력 보여중국 최대 파운드리 업체 SMIC 사업장과 주요 제품 이미지. SMIC 홈페이지[이데일리 이재운 기자] “중국의 칭화유니그룹이 미국 마이크론 인수를 추진하고 있다”지난 2015년 10월 미국을 발칵 뒤집어 놓는 이 외신 보도가 전해지자 우리나라에서도 커다란 파장이 일었다. 마이크론은 현재 한국 업체(삼성전자(005930), SK하이닉스(000660))와 함께 D램 시장 독과점을 형성하고 있는 세 곳 중 하나로, 낸드플래시 시장에서도 어느 정도 입지를 갖고 있는 곳이다. 다행히 미국 의회의 제동과 여론의 거센 반대로 무산됐지만, 중국 정부와 자본의 반도체 산업 육성 의지가 상당하다는 점을 보여준 사건이었다.칭화유니그룹은 이후에도 중국 내부는 물론 해외 인재를 영입하며 D램과 낸드 사업 진출에 힘을 쓰고 있고, 오는 2019년이면 중국 업체가 만든 메모리반도체 제품이 시장에 등장해 평균판매가격(ASP)이 하락할 것으로 주요 시장조사업체들은 전망하고 있다.반도체는 한·중 교역에 있어 매우 중요한 제품이다. 지난해 양국 교역에서 반도체는 수출(19.5%)과 수입(13%) 모두 가장 높은 비중을 차지한 1위 교역품이다. 모든 종류의 전자제품에 탑재되고, 특히 융·복합의 4차 산업혁명 시대를 맞아 메모리반도체 수요는 ‘슈퍼사이클’로 불리는 초호황을 누리고 있다.이미 중국은 파운드리(반도체 수탁생산)나 시스템 반도체 설계(팹리스) 분야에서는 상당한 경쟁력을 보유한 것으로 평가받는다. SMIC 등 대규모 파운드리 업체는 중국 내 수 많은 팹리스 업체가 설계한 다양한 반도체 제품을 안정적으로 생산해내고 있다. 이런 상황에서 대만, 일본은 물론 한국 인재도 계속 높은 연봉조건을 제시하며 영입하고 있다. 특히 메모리반도체 분야에서 세계적인 기술력을 가진 한국 업체에 대한 러브콜도 더욱 노골적으로 변해가고 있다는 전언이다.국내 업체들은 당장은 큰 위협이 되지는 않을 것이라 예상하면서도 역시 한편으로는 신중한 모습이다. 한 반도체 제조장비 업체 관계자는 “특정 공정의 인력을 빼간다고 당장 뭘 만들 수 있는 것은 아니다”라면서도 “조금씩 공정을 개선하다보면 점차 마이크론을 넘어 국내 업체에도 위협이 될 것”이라고 말했다.이재운 (jwlee@edaily.co.kr)▶심쿵유발 스타 화보 [핫포토]▶[페이스북] 보러가기~♥ | [카카오톡] 플친 맺기~♥＜ⓒ종합 경제정보 미디어 이데일리 - 무단전재 & 재배포 금지＞이데일리 관련뉴스해당 언론사에서 선정하며 언론사 페이지(아웃링크)로 이동해 볼 수 있습니다.""시중유통 닭고기서 구충제 기준치 6배 초과검출""싸이월드, 분사후 4번 재기 \'몸부림\'..이번엔 살아날까?\'청담동 주식부자\' 이희진, 사기혐의 피해금 6배 늘어…왜?\'살충제 계란\' 하루 126개 먹어도 \'정말\' 괜찮을까70대 할머니 성폭행 하려다 살해한 30대 구속좋아요0훈훈해요0슬퍼요0화나요0후속기사 원해요0기사제공 :']"
15,삼성전자, 2017-08-2305:00,뉴시스 ,"삼성, 美서 `갤럭시노트8` 23일부터 예약판매···북미시장 정조준",https://finance.naver.com/news/news_read.nhn?article_id=0008134942&office_id=003&mode=search&query=삼성전자&page=11,"['       삼성, 美서 `갤럭시노트8` 23일부터 예약판매···북미시장 정조준      기사입력2017-08-23 05:00기사원문좋아요훈훈해요좋아요 평가하기공감좋아요0훈훈해요0슬퍼요0화나요0후속기사 원해요0댓글【뉴욕(미국)=뉴시스】이연춘 기자 = 삼성전자가 하반기 전략 스마트폰 \'갤럭시노트8\' 언팩 행사를 갖고 북미 시장 잡기에 본격 돌입한다.  23일 삼성에 따르면 삼성전자는 현지시간 23일 오전 11시(한국시간 24일 0시) 미국 뉴욕 맨해튼의 파크 애비뉴 아모리에서 갤럭시노트8을 최초로 공개한다.  22일(현지시간) 미국 뉴욕 타임스퀘어 중심에 위치한 AT&T 매장 한 관계자는 ""23일 11시 갤럭시노트8 언팩 이후인 오후 5시부터 예약판매를 시작한다""며 ""다만 갤럭시노트8의 출고가는 상반기 전략폰 갤럭시S8플러스(+) 849.99달러 수준에서 900달러 미만이 될 것으로 보인다""고 말했다. 예약판매 사은품은 현재 정해지지 않았다고 이 관계자는 설명했다.  이 곳 AT&A매장은 뉴욕의 심장부인 맨해튼에 위치한 탓에 뉴욕 시민들과 관광객들의 비중이 높다. 전 세계의 소비자들이 찾는 매장인 셈이다.  지하로 내려가니 애플 코너 바로 옆에 13평 규모의 \'삼성 익스피리언스 스토어\'가 자리 잡고 있었고 방문객들은 삼성의 다양한 신제품을 구경하느라 여념이 없었다. \'갤럭시S8·갤럭시S8플러스\' 제품에 기어 VR, 기어S3 등을 함께 체험할 수 있었다. 인근 T모바일 매장에서는 갤럭시S8을 한대 사면 한대를 덤으로 주는 \'원 플러스 원\'(Buy one, get one)\' 프로모션을 진행 중이다.  T모바일 관계자는 ""갤럭시S8과 갤럭시S8플러스 가운데 원하는 모델을 두대 골라 구매하고, 그중 하나만 T모바일의 회선에 등록하면 100달러를 돌려받는다""고 말했다.  삼성전자는 애플의 안방인 미국 스마트폰 시장에서 1위 자리를 더욱 굳건히 지키겠다는 전략을 펼치고 있다.  지난 2분기 갤럭시S8의 흥행에 힘입어 세계 스마트폰 시장 점유율 1위를 지킨 삼성전자가 북미 휴대폰 시장에서도 애플을 밀어내고 1년만에 1위자리를 되찾았다.  시장조사업체인 스트래티지 애널리틱스(SA)에 따르면 지난 2분기 북미 휴대폰시장에서 삼성전자는 33.3%로 2위인 애플(24.0%)과 10%포인트 가까이 격차를 벌렸다. 전분기 대비 삼성전자의 시장점유율은 8.4%포인트나 올랐다. 반면 애플의 시장점유율은 전분기 대비 8.7%포인트나 떨어졌다. 삼성전자는 북미 시장 상승세를 이어가기 위해 이번 언팩에서 공개할 갤럭시노트8에 공을 들이고 있다. lyc@newsis.com▶ 뉴시스 빅데이터 MSI 주가시세표 바로가기 ▶ 뉴시스 SNS [페이스북] [트위터]뉴시스 관련뉴스해당 언론사에서 선정하며 언론사 페이지(아웃링크)로 이동해 볼 수 있습니다.희대의 탈주범, 교도소서 재소자 상대 성추행부흥 전문 목사, 집행유예 중 10대 소녀 또 성추행…""피해자 3명""""연봉 2000만원 이상 근로자에 12만원 소득세 부과"" 법안 발의헤드셋 끼고 말만 하면 상대에게 자동으로 통역해준다태국여성 20명 데려다 강제 성매매시킨 한국인 남성 체포좋아요0훈훈해요0슬퍼요0화나요0후속기사 원해요0기사제공 :']"
16,삼성전자, 2017-08-2305:00,뉴시스 ,"삼성, `갤럭시노트8` 오늘 밤 공개…美 뉴욕서 베일 벗는다",https://finance.naver.com/news/news_read.nhn?article_id=0008134941&office_id=003&mode=search&query=삼성전자&page=11,"['       삼성, `갤럭시노트8` 오늘 밤 공개…美 뉴욕서 베일 벗는다        기사입력2017-08-23 05:00기사원문좋아요훈훈해요좋아요 평가하기공감좋아요0훈훈해요0슬퍼요0화나요0후속기사 원해요0댓글【뉴욕(미국)=뉴시스】이연춘 기자 = 삼성전자가 하반기 전략 스마트폰 \'갤럭시노트8\'을 오늘 밤 공개한다. 갤럭시노트8 언팩 행사가 열리는 미국 뉴욕 현지에서도 기대감이 한껏 고조되고 있다.  삼성전자는 현지시간 23일 오전 11시(한국시간 24일 0시) 미국 뉴욕 맨해튼의 파크 애비뉴 아모리(Park Avenue Armory)에서 갤럭시노트8을 최초로 공개한다.  23일 업계에 따르면 갤럭시노트8의 공개일이 하루 앞으로 다가오면서 새 노트 시리즈를 기다려온 국내외 팬들의 기대감이 커지고 있다. 파크 애비뉴 아모리는 뉴욕 맨해튼의 어퍼 이스트 사이드에 있는 복합 전시·공연장으로, 갤럭시 언팩 행사가 이곳에서 열리는 것은 이번이 처음이다.  지난 3월 \'갤럭시S8\' 뉴욕 언팩 행사는 영국 런던과 동시 이원 생중계로 관심을 끌었다. 행사에 참여하지 않더라도 전용 모바일 애플리케이션과 유튜브를 통해 현장에 있는 듯한 가상현실 영상을 제공하는 진화된 기술력을 보여줬다. 현재 뉴욕 맨해튼 심장부 타임스퀘어에는 삼성전자의 대형 광고판가 눈길을 끌고 있다. ""더 큰 일을 하라""(Do bigger things)는 메시지가 번쩍이면서 단어가 비치고 사라지길 반복했다. 한번은 할 수 없다(can\'t)라는 단어가 할 수 있다(can)로 바뀌었고 이야기하다(talk)는 단어는 행동(act)으로 바뀌었다.  또한 지난 4월 출시된 \'갤럭시S8\' 시리즈와 삼성 간편결제 서비스 \'삼성페이\', 태블릿PC \'갤럭시탭S3\' 스마트워치 \'기어S3\' 등의 광고가 번갈아 나오고 있다. 이번 언팩에서 지금까지 쌓은 행사 역량을 집대성한 \'초대형 쇼\'로 연출할 것으로 기대된다.  삼성전자는 \'삼성 갤럭시 언팩 2017\'에서 라이프스타일 TV \'더 프레임(The Frame)\'을 통해 갤럭시노트의 S펜으로 완성한 작품들을 선보일 예정이다.  더 프레임에는 갤럭시노트의 \'S펜\'으로 직접 그린 이미지를 통해 서로 소통하는 소셜네트워크서비스인 펜업(PENUP)에서 활동하는 Abex, Nanni, elmoghira 등 총 13명 작가들의 작품 총 54점이 전시된다. 이번 전시는 갤럭시 스마트폰의 화면을 TV, 모니터와 같은 큰 화면에서 그대로 즐길 수 있게 해주는 \'스마트뷰(SmartView)\' 기능과 꺼져 있을 때에도 그림·사진 등의 예술 작품을 보여주는 더 프레임의 \'아트 모드\'가 활용된다. 한편 갤럭시노트8는 삼성 스마트폰 최초로 2개의 렌즈를 겹쳐 구현하는 듀얼카메라를 탑재하고 갤럭시 노트 시리즈의 상징인 필기도구 S펜에 멀티미디어 기능 등을 추가하는 등 지원 영역을 대폭 향상한 것으로 알려져 있다.lyc@newsis.com▶ 뉴시스 빅데이터 MSI 주가시세표 바로가기 ▶ 뉴시스 SNS [페이스북] [트위터]뉴시스 관련뉴스해당 언론사에서 선정하며 언론사 페이지(아웃링크)로 이동해 볼 수 있습니다.희대의 탈주범, 교도소서 재소자 상대 성추행부흥 전문 목사, 집행유예 중 10대 소녀 또 성추행…""피해자 3명""""연봉 2000만원 이상 근로자에 12만원 소득세 부과"" 법안 발의헤드셋 끼고 말만 하면 상대에게 자동으로 통역해준다태국여성 20명 데려다 강제 성매매시킨 한국인 남성 체포좋아요0훈훈해요0슬퍼요0화나요0후속기사 원해요0기사제공 :']"
17,삼성전자, 2017-08-2304:25,머니투데이 ,"시장이기는 똑똑한 전략, 두가지 전략 섞은 짬뽕 ETF",https://finance.naver.com/news/news_read.nhn?article_id=0003923317&office_id=008&mode=search&query=삼성전자&page=11,"['       시장이기는 똑똑한 전략, 두가지 전략 섞은 짬뽕 ETF      기사입력2017-08-23 04:25기사원문좋아요훈훈해요좋아요 평가하기공감좋아요0훈훈해요0슬퍼요0화나요0후속기사 원해요0댓글 [머니투데이 한은정 기자] [[코스피 3000, 돈 버는 유망펀드]③ KBSTAR 모멘텀밸류·모멘텀로우볼 ETF]""모멘텀과 밸류, 모멘텀과 로우볼이라는 상관관계가 낮은 두 가지 요소를 결합하면 장기적으로 시장을 이길 수 있다. 각 시장 상황에서 두 가지 요소가 상호 보완하면서 수익을 안정적으로 쌓아가기 때문이다.""차동호 KB자산운용 멀티솔루션본부 ETF운용팀장은 22일 ""KBSTAR 모멘텀밸류 ETF(상장지수펀드)와 KBSTAR 모멘텀로우볼 ETF가 모든 구간에서 코스피200지수를 이기는 비결""이라고 설명했다.  ☞펀드IR 기사 자세히보기   펀드평가사 제로인에 따르면 전날기준 KBSTAR 모멘텀밸류 ETF와 KBSTAR 모멘텀로우볼 ETF는 연초 이후 각각 24.34%와 20.59%의 수익률을 기록, 같은 기간 코스피200지수 상승률 18.61%를 앞질렀다. 지난해 10월13일 설정 이후로는 각각 31.95%와 26.06%로 이 기간에도 코스피200지수 상승률 20.37%를 큰 폭으로 상회했다.이들 ETF는 전통적인 시가총액 가중방식 대신 내재가치, 변동성, 성장성 등 다양한 요소를 활용해 투자종목을 선정하는 스마트베타 ETF다. 즉, 저렴한 보수로 시장 분위기를 따라가면서 펀드매니저가 직접 자산을 운용하는 것처럼 다양한 지수를 활용하기 때문에 액티브 투자와 패시브 투자의 장점을 결합한 \'똑똑한 ETF\'로 불린다. 이 두 ETF의 연보수는 0.35%에 불과하다.기존의 스마트베타 ETF는 한가지 요소에 집중했던 반면 이들 ETF는 두 가지 전략을 반영해 시너지 효과가 나도록 설계한 것이 가장 큰 특징이다. KBSTAR 모멘텀밸류 ETF는 유가증권 시장 시가총액 상위 250개 종목 가운데 최근 1년 수익률이 높은 종목 순으로 모멘텀 점수를 주고 주가순자산비율(PBR)이 낮은 순으로 밸류 점수를 줘 이를 합산한 점수가 높은 상위 50개 종목으로 지수를 구성한다.KBSTAR 모멘텀로우볼 ETF는 유가증권 시장 시가총액 상위 250개 종목에 대해 최근 3년 동안 일간 수익률의 표준편차가 낮은 순으로 로우볼 점수를 주고 모멘텀 점수와 합산해 상위 50개 종목을 뽑아 지수를 만든다.이들 ETF 모두 시장지수와 괴리를 축소하기 위해 시가총액 1위 종목인 삼성전자는 250개 종목 내 시가총액 비중으로 편입한다. 이밖에 종목의 최대 편입비중은 8%로 제한된다. 유가증권 시장 시가총액 상위 250개를 대상으로 종목을 선정하는 이유는 코스피200지수 편입 종목을 1년에 한 번씩 재조정하는데 201~250등까지의 종목들은 주가가 올라 코스피200지수 안에 들어갈 확률이 높은 경우가 많았기 때문이다.차 팀장은 경기에 확신이 있는 투자자라면 KBSTAR 모멘텀밸류 ETF를, 좀 더 안정적으로 자산을 굴리고 싶다면 KBSTAR 모멘텀로우볼 ETF에 투자하는 것이 좋다고 조언했다.그는 ""모멘텀밸류 ETF는 경기가 좋아지면서 주가가 상승할 때 폭발적인 수익을 내고, 모멘텀로우볼 ETF는 수익률 진폭이 크지 않고 수익 모델을 살펴본 결과 금융위기 이전과 이후 모두 연평균 지수를 4%포인트 초과하는 수익률을 기록했다""고 말했다.TOM칼럼-깊이있는 투자정보▶무료 만화 즐기고~ 선물타자!▶ 빵빵한 차&레이싱걸▶ 한은정 기자 rosehans@mt.co.kr머니투데이 관련뉴스해당 언론사에서 선정하며 언론사 페이지(아웃링크)로 이동해 볼 수 있습니다.신분당선 지하철 탄 노인들 ""공짜는 미안한데…""[포토is] ""깜짝이야!""… 여기는 지하철 대테러 훈련 현장김민채 ""정운택과 결혼 안했다… 2개월 전 이미 결별""[단독]檢 ""\'주식부자 이희진\' 피해자, 200여명 더""배우 송선미 남편, 변호사 사무실서 흉기 찔려 사망좋아요0훈훈해요0슬퍼요0화나요0후속기사 원해요0기사제공 :']"
18,삼성전자, 2017-08-2304:09,매일경제 ,[Live 중소기업] 청년창업이란 정글에서 살아남는 법,https://finance.naver.com/news/news_read.nhn?article_id=0004000945&office_id=009&mode=search&query=삼성전자&page=11,"['       [Live 중소기업] 청년창업이란 정글에서 살아남는 법      기사입력2017-08-23 04:09기사원문좋아요훈훈해요좋아요 평가하기공감좋아요0훈훈해요0슬퍼요0화나요0후속기사 원해요0댓글`청년창업사관학교`에서 배웠습니다지난 4월 진행된 `2017 청년창업사관학교 스타트업 비전리더십캠프` 참가자들이 창업 성공을 다짐하며 기념촬영을 하고 있다. [사진 제공 = 중소기업진흥공단] #대기업 삼성전자에서 10년 넘게 일했던 이현철 대표는 2013년 포장용 필름 생산회사인 화진산업을 창업했다. 오랫동안 준비한 창업이었지만 처음부터 쉽지는 않았다. 2014년 체계적인 교육과 지원을 위해 중소벤처기업부(당시 중소기업청)와 중소기업진흥공단이 운영하는 청년창업사관학교 4기로 입교해 제품 개발에 대한 지원과 후속 지원을 받을 수 있었다. 화진산업 제품은 고분자소재와 결합력을 증대시킨 항균 포장 필름이다. 이 제품은 항균력 99% 기술 구현으로 식품 포장재로 응용이 가능하며, 특히 구제역 바이러스에도 선제적으로 대응할 수 있어 차별화된 기술로 인정받고 있다.  이 대표는 ""흔히 포장재는 핵심 제품이 아닌 주변 분야로 꼽히지만 제품을 빛나게 할 수 있다는 점에서 오히려 매력을 느꼈다""며 ""최근 포장재 트렌드가 펄프 사용량을 줄이는 친환경으로 가고 있고, 친환경 필름은 보관성이 좋고 물류 비용도 줄일 수 있어 큰 강점이 있다""고 설명했다. 화진산업은 뛰어난 제품을 개발하는 데 성공하면서 삼성전자, 코카콜라, LG서브원, 매일유업, 보해양조, 세방전지 등 대기업 거래처도 확보할 수 있게 됐다. 정부의 체계적인 컨설팅 아래 2015년에는 매출 6억여 원을 올렸으며, 지난해에는 20억원에 육박하는 매출로 3배가 넘는 성장에 성공했다. 특히 지난해 이탈리아 수출에 이어 올해는 호주 등 해외에 추가적인 수출이 기대되고 있다. 현재 화진산업은 기능성 스트레치 필름, 친환경 스트레치 필름, 친환경 농업용 필름 등을 생산하며 시장에서 주목받고 있다.이 대표는 ""청년창업사관학교로부터 지원받은 6000만원과 멘토진의 도움으로 입교 5개월 만에 항균필름을 상품화하는 데 성공했다""며 ""사관학교 입교를 통해 다른 학생들과 건강한 경쟁을 한 것도 큰 원동력이 됐다""고 설명했다.중기부와 중진공이 운영하는 청년창업사관학교가 청년 창업의 산실로 주목받고 있다. 개교 이래 지난 6년간 연간 200개가 넘는 스타트업 창업을 유도하고 있다.중기부에 따르면 2011년 개교한 청년창업사관학교는 2015년까지 5기수 교육생 1215명의 창업을 지원했다. 지난해 11월을 기준으로 이들 업체 중 1010개 기업이 생존에 성공하면서 매출 증대와 일자리 창출에 앞장서고 있다. 실제 졸업생의 누적 매출액은 9551억원에 달한다. 올 2월에 졸업한 2016년 6기생들은 300명이 기업을 창업해 스타트업으로서 성공을 향해 달려가고 있다. 중소기업진흥공단이 올해부터 확대 운영에 나선 청년창업사관학교 교육 지원 프로그램에 참가한 학생들이 강의를 경청하고 있다. [사진 제공 = 중소기업진흥공단] 청년창업사관학교는 제조업을 위주로 창업 준비기업을 발굴·육성하는 프로그램이다. 창업에 관심 있는 청년을 대상으로 기초교육을 실시해 창업 저변을 확대하고 창업자의 역량 강화를 지원하고 있다. 지원 대상은 만 39세 이하 예비 창업자 및 창업 후 3년 이하 기업의 대표자이며, 기술 경력 보유자의 경우 49세까지 가능하다. 중진공은 창업계획안을 통해 교육생을 선발하고 개발 기획, 기술 개발, 시제품 제작, 마케팅 등 전 단계에 걸쳐 맞춤형 패키지 지원을 추구하고 있다. 청년창업사관학교 출신은 연간 최대 1억원의 사업화자금을 지원받을 수 있다. 창업 이후에도 성장촉진프로그램을 통해 정책 자금 지원 및 수출, 투자 유치 등에 관한 주기적인 컨설팅도 제공하고 있다.중진공은 그간의 성과를 바탕으로 올해 청년창업사관학교를 확대·운영한다. 지난해까지 300명에게 교육을 지원해 왔으며, 올해부터는 500명을 선발·지원하고 있다. 예산도 500억원으로 증액했다.중기청 관계자는 ""청년들의 준비된 창업을 지원하기 위한 청년창업사관학교의 성과가 긍정적으로 나타남에 따라 지원폭을 확대해 벤처기업 창업을 적극적으로 지원할 계획""이라며 ""올해도 창업에 관심 있는 청년들의 많은 지원을 기대한다""고 말했다.※ 매일경제-중소벤처기업부 공동기획[특별취재팀 = 서찬동 차장(팀장) / 진영태 기자 / 이영욱 기자 / 안갑성 기자 / 최현재 기자 / 송민근 기자][매일경제 공식 페이스북] [오늘의 인기뉴스] [매경 프리미엄][ⓒ 매일경제 & mk.co.kr, 무단전재 및 재배포 금지]매일경제 관련뉴스해당 언론사에서 선정하며 언론사 페이지(아웃링크)로 이동해 볼 수 있습니다.아이비, \'8살 연하남친 고은성\' 홀린 특급 글래머 몸매베이징車 ""싼타페급 전기SUV가 2천만원""양현종도 못 이끈 70승…KIA 시즌 첫 4연패""충돌 美 이지스함, 사고 전 해킹됐을 수도""서예지, \'파격 노출\' 시선집중 ""베이글녀가 따로 없네""좋아요0훈훈해요0슬퍼요0화나요0후속기사 원해요0기사제공 :']"
19,삼성전자, 2017-08-2303:37,서울신문 ,"[비즈+] 삼성, 뉴욕에 ‘S펜 아트작품’ 전시",https://finance.naver.com/news/news_read.nhn?article_id=0002847409&office_id=081&mode=search&query=삼성전자&page=11,"['       [비즈+] 삼성, 뉴욕에 ‘S펜 아트작품’ 전시      기사입력2017-08-23 03:37기사원문좋아요훈훈해요좋아요 평가하기공감좋아요0훈훈해요0슬퍼요0화나요0후속기사 원해요0댓글 [서울신문] 삼성전자는 23일(현지시간) ‘갤럭시노트8’ 발표 행사가 열리는 미국 뉴욕의 파크애비뉴 아모리에 ‘S펜’으로 그려진 작품 54점을 전시한다. 이미지 기반 SNS ‘펜업’(PENUP)에서 활동하는 작가 13명이 참여했다. 작품들은 삼성전자 라이프스타일 TV ‘더 프레임’의 화면을 통해 전시된다.▶  재미있는 세상[나우뉴스] ▶ [인기 무료만화] [페이스북]ⓒ 서울신문(www.seoul.co.kr), 무단전재 및 재배포금지서울신문 관련뉴스해당 언론사에서 선정하며 언론사 페이지(아웃링크)로 이동해 볼 수 있습니다.한명숙, 2년 수감생활 마치고 출소…다음 행보는양승은 아나운서 ""신의 계시"" MBC 파업 불참5·18 당시 공군 조종사 ""훈련기에 폭탄 장착""새벽 2시까지 일했는데…""수당 못 주니 신고하든지""업무보고 임박해 문 대통령 도착하자 공무원들이좋아요0훈훈해요0슬퍼요0화나요0후속기사 원해요0기사제공 :']"
0,삼성전자, 2017-08-2303:04,동아일보 ,"삼성전자 “모든 가전 와이파이 연결, 음성 제어”",https://finance.naver.com/news/news_read.nhn?article_id=0003089020&office_id=020&mode=search&query=삼성전자&page=12,"[""       삼성전자 “모든 가전 와이파이 연결, 음성 제어”      기사입력2017-08-23 03:04기사원문좋아요훈훈해요좋아요 평가하기공감좋아요0훈훈해요0슬퍼요0화나요0후속기사 원해요0댓글 [동아일보]삼성전자 ‘스마트홈’ IFA 공개 예정냉장고를 ‘허브’로 다른 가전 통제삼성전자 ‘더 프레임’ 뉴욕서 홍보 미국 뉴욕 파크애비뉴의 전시장인 아머리에 22일(현지 시간)  삼성전자 라이프스타일 TV ‘더 프레임’이 등장해 관람객들의 이목을 집중시켰다. 이곳에서는 23일 삼성전자의 전략 스마트폰 공개  행사인 ‘갤럭시 언팩’이 열린다. 삼성전자 제공삼성전자가 2020년까지 모든 가전제품에 와이파이(WiFi)를 장착해 서로 연결하는 생태계를 구축한다. 삼성전자는 스마트홈 시대를 이끌기 위한 구체적인 전략을 독일 베를린에서 열리는 가전전시회 ‘IFA 2017’에서 공개한다고 22일 밝혔다. 올해 1월 미국 라스베이거스 ‘CES 2017’에서는 개별 신제품이나 신기술 공개가 중심이 됐다. IFA에서는 기존 기술 및 제품이 이용자의 가정에서 어떻게 활용될 수 있는지 시나리오를 짜 부스에서 구현해 보일 계획이다.  삼성전자 관계자는 “각각의 가전들이 앱으로 제어되고 음성인식으로 지시를 이해하는 등의 개별 기술들이 엮여 사람들의 삶이 어떻게 바뀔 수 있는지를 IFA에서 보여주겠다”고 말했다.  삼성전자는 가전에 장착한 와이파이를 기반으로 이들을 서로 연결하고, 음성만으로 제어할 수 있는 생태계를 구축할 계획이다. 삼성전자가 지난해 선보인 ‘패밀리허브’ 냉장고는 음성인식 기반 인공지능(AI)을 탑재해 이용자들이 필요한 레시피를 요청하고, 필요한 식자재를 주문할 수도 있다. 세탁기, 침대 등 와이파이가 장착된 다른 가전들이 패밀리허브와 연결되면 주방에서 해당 가전들을 제어할 수 있다. 예를 들어 주방의 청소가 필요할 때 로봇 청소기를 불러 작동시키거나, 주방에서 바로 세탁기를 작동시키고 세탁 과정을 확인할 수 있는 시나리오도 가능하다.  삼성전자 관계자는 “냉장고는 24시간 작동하는 가전이고, 주방에서 벌어지는 일이 많기 때문에 냉장고가 가전 중 최적의 허브가 될 수 있다. 지금은 스마트허브가 주방에 특화된 주문만 인식하지만 향후에는 세탁기, 에어컨 등 모든 가전들을 음성으로 제어할 수 있게 될 것”이라고 말했다.김재희 기자 jetti@donga.com▶ 동아일보 단독 / 동아일보 공식 페이스북▶ '아직도 당신만 모르나 VODA'ⓒ 동아일보 & donga.com, 무단 전재 및 재배포 금지좋아요0훈훈해요0슬퍼요0화나요0후속기사 원해요0기사제공 :""]"
1,삼성전자, 2017-08-2303:04,동아일보 ,싸이월드 부활하나,https://finance.naver.com/news/news_read.nhn?article_id=0003089014&office_id=020&mode=search&query=삼성전자&page=12,"[""       싸이월드 부활하나      기사입력2017-08-23 03:04기사원문좋아요훈훈해요좋아요 평가하기공감좋아요0훈훈해요0슬퍼요0화나요0후속기사 원해요0댓글 [동아일보]삼성, 50억 규모 투자… AI 협업 검토삼성이 원조 소셜네트워크서비스(SNS)인 ‘싸이월드’에 투자하기로 했다. 글로벌 SNS와의 경쟁에서 밀린 뒤 침체기를 겪고 있는 싸이월드가 이를 계기로 부활할지 관심이 쏠린다.  22일 정보기술(IT) 업계에 따르면 삼성그룹의 벤처·스타트업 투자회사인 삼성벤처투자는 최근 싸이월드에 대한 1차 투자를 마쳤고 추가 투자를 검토 중이다. 삼성 측은 투자 규모는 밝히지 않았으나 업계에선 전체 투자 규모가 50억 원에 이르는 것으로 추산하고 있다.  삼성이 음성 인식형 인공지능(AI) 비서인 빅스비를 중심으로 AI 시장 공략에 박차를 가하는 가운데 이번 투자로 AI 관련 콘텐츠를 확보할 것이라는 분석이 나온다. 삼성전자는 스마트폰 갤럭시S8 등에 빅스비를 탑재한 뒤로 빅스비를 통해 활용할 수 있는 콘텐츠 확보에 주력해왔다. 싸이월드는 한때 가입자가 3000만 명에 이르렀던 만큼 막대한 개인 콘텐츠를 보유하고 있다. 삼성이 싸이월드의 콘텐츠와 AI 비서 서비스를 접목할 수 있다는 설명이다. 삼성벤처투자 관계자는 “당장 어떤 서비스를 도입할지 결정된 바는 없지만, 다양한 측면에서 콘텐츠를 활용하는 방안을 검토하고 있다”고 말했다. 임현석 기자 lhs@donga.com▶ 동아일보 단독 / 동아일보 공식 페이스북▶ '아직도 당신만 모르나 VODA'ⓒ 동아일보 & donga.com, 무단 전재 및 재배포 금지좋아요0훈훈해요0슬퍼요0화나요0후속기사 원해요0기사제공 :""]"
2,삼성전자, 2017-08-2303:00,세계일보 ,"[이코노 브리핑] 해수부, 천일염 가격안정대책 시행 외",https://finance.naver.com/news/news_read.nhn?article_id=0003202804&office_id=022&mode=search&query=삼성전자&page=12,"['       [이코노 브리핑] 해수부, 천일염 가격안정대책 시행 외      기사입력2017-08-23 03:00기사원문좋아요훈훈해요좋아요 평가하기공감좋아요0훈훈해요0슬퍼요0화나요0후속기사 원해요0댓글해수부, 천일염 가격안정대책 시행해양수산부는 천일염 산지 가격을 안정시키기 위해 ‘천일염 가격안정 대책’을 시행한다고 22일 밝혔다. 해수부에 따르면 2012년 20㎏ 포대 기준 7900원이었던 천일염 가격은 매년 하락해 지난해 3960원으로 떨어졌다. 천일염 가격 하락은 과잉 생산으로 재고 누적이 심화하는 데다 값싼 외국산 천일염 수요가 늘어났기 때문으로 풀이된다. 이에 따라 해수부는 △업계 간 업무협약(MOU)을 통한 국내 천일염 소비처 확대 △해외 소비처 확보를 위한 수출 기반 마련 △원산지표시 의무화 및 지도·단속 강화 등의 대책을 수립했다.2020년까지 모든 가전에 스마트기능삼성전자는 2020년까지 모든 가전 제품에 와이파이 기능을 탑재해 연결성을 강화하고 인공지능(AI), 음성인식 등을 본격 적용한다고 22일 밝혔다. 삼성전자는 사용자 입장에서 가장 이상적인 스마트홈 시나리오를 구성했고, 이를 다음달 1~6일 독일 베를린에서 열리는 ‘IFA(국제가전전시회) 2017’에서 공개할 계획이다. 예컨대 소비자는 냉장고의 ‘패밀리 허브’를 통해 음성으로 요리법을 검색하고, 이 사이 더러워진 주방을 로봇청소기가 청소하는 동시에 세탁기는 추천받은 코스로 빨래하는 방식이다. 삼성전자는 이를 통해 여러 기기를 간편하게 연결·제어하는 체계를 구축하고 클라우드 기반으로 외부 생태계와 이어주는 서비스를 제공한다는 계획이다.안용성 기자ⓒ 세상을 보는 눈, 글로벌 미디어 세계일보세계일보 관련뉴스해당 언론사에서 선정하며 언론사 페이지(아웃링크)로 이동해 볼 수 있습니다.""카페컵에 아이가 소변을…"" \'맘충\' 논란손 vs 중요부위, 어디가 더 더러울까?장모 고깃집서 매주 공짜 회식…무개념사위 논란""결혼할 때 보탠 것 없는 시어머니가 생활비 달래요""1살 아들 품에 안고 숨진 임신부 ""당신 사랑한 걸 잊지 마""좋아요0훈훈해요0슬퍼요0화나요0후속기사 원해요0기사제공 :']"
3,삼성전자, 2017-08-2300:03,국민일보 ,"삼성 “싸이월드에 50억, 단순한 투자 아니다”",https://finance.naver.com/news/news_read.nhn?article_id=0001019862&office_id=005&mode=search&query=삼성전자&page=12,"['       삼성 “싸이월드에 50억, 단순한 투자 아니다”      기사입력2017-08-23 00:03기사원문좋아요훈훈해요좋아요 평가하기공감좋아요0훈훈해요0슬퍼요0화나요0후속기사 원해요0댓글삼성이 국내 SNS의 시작을 알린 싸이월드에 투자를 결정했다. 인공지능(AI) 서비스 빅스비에 싸이월드 콘텐츠를 활용하는 방안이 유력하게 검토된다. 22일 업계에 따르면 삼성그룹 계열사인 삼성벤처투자는 최근 싸이월드에 50억원을 투자키로 했다. 삼성벤처투자는 벤처기업이나 스타트업에 투자하는 자회사다. 이번 투자로 삼성전자의 빅스비가 싸이월드의 콘텐츠와 결합해 서비스될 가능성이 높다. 빅스비의 한국어 서비스는 130만명 이상이 사용하고 있으며 지금까지 누적 2억5000만건 이상의 음성 명령을 수행했다. 다만 빅스비를 활용한 콘텐츠 확보는 아직 더디다는 평가를 받고 있다. 싸이월드는 2000년대 ‘국민 SNS’로 불릴 만큼 많은 이용자를 확보했었다. 하지만 페이스북, 트위터 등의 등장 이후 모바일 시대에 적응하지 못하면서 이용자가 대거 이탈했다. 2014년에는 SK커뮤니케이션즈에서 분사하며 재기를 노렸지만 아직까지 이용자 확보에 속도를 내지 못하고 있다. 삼성 관계자는 “단순히 투자만 하는 것은 아니고 협력 가능성을 폭넓게 열어두고 있다”며 “아직 구체적인 협력 방안은 정해지지 않았다”고 말했다.심희정 기자 simcity@kmib.co.kr[국민일보 홈페이지] [페이스북][취재대행소 왱!(클릭)]GoodNews paper ⓒ 국민일보(www.kmib.co.kr), 무단전재 및 재배포금지국민일보 관련뉴스해당 언론사에서 선정하며 언론사 페이지(아웃링크)로 이동해 볼 수 있습니다.송선미 ""남편 할아버지 살아계셔… 상속 문제 아니다""\'애나벨2\' 보던 중 뛰쳐나와 이상행동 보인 여성 (영상)손정은 아나운서 ""간부에게 인사 안했단 이유로 방송 하차""한살림 왜 이러나? 살충 계란이어 썩은 감자 생강차까지존슨앤존슨 \'베이비파우더가 암 유발\'…4000억원 배상좋아요0훈훈해요0슬퍼요0화나요0후속기사 원해요0기사제공 :']"
