,회사명,날짜,언론사,기사제목,링크,본문
0,삼성전자, 2018-01-0521:42,국민일보 ,[포토] 전면에 듀얼캠… 갤럭시A8 출시,https://finance.naver.com/news/news_read.nhn?article_id=0001062229&office_id=005&mode=search&query=삼성전자&page=1,"['       [포토] 전면에 듀얼캠… 갤럭시A8 출시      기사입력2018-01-05 21:42기사원문좋아요훈훈해요좋아요 평가하기공감좋아요0훈훈해요0슬퍼요0화나요0후속기사 원해요0댓글삼성전자는 5일 전면에 듀얼 카메라를 탑재한 스마트폰 갤럭시 A8을 국내 이동통신 3사를 통해 출시했다. 셀피(자기촬영사진)를 즐기는 젊은 소비자를 겨냥한 ‘영 프리미엄’ 제품이다. 삼성전자의 지능형 인터페이스 ‘빅스비’의 홈·리마인더·비전 기능이 포함됐다. 내장 메모리 용량은 32GB이고 색상은 블랙, 골드, 블루 세 가지다. 출고가는 59만9500원이다. 뉴시스[카카오 친구맺기] [페이스북][취재대행소 왱!(클릭)]GoodNews paper ⓒ 국민일보(www.kmib.co.kr), 무단전재 및 재배포금지국민일보 관련뉴스해당 언론사에서 선정하며 언론사 페이지(아웃링크)로 이동해 볼 수 있습니다.""달게 먹으면 암 유발"" 연세대 연구진 \'췌장암\' 사례로 규명""ㅅㄱㅂㅊ은 세금바쳐?"" 김종석 의원의 심오한 문자 세계[영상] 불화설 일축한 정주리 ""남편, 나쁜 사람 아니다""\'연수입 40억\' 박인비, 럭셔리 신혼집 최초 공개대만 머슬퀸 제시카, \'독보적 볼륨감\'좋아요0훈훈해요0슬퍼요0화나요0후속기사 원해요0기사제공 :']"
1,삼성전자, 2018-01-0519:18,한국경제 ,'셀카 특화' 삼성 갤럭시 A8 출시,https://finance.naver.com/news/news_read.nhn?article_id=0003875171&office_id=015&mode=search&query=삼성전자&page=1,"[""       '셀카 특화' 삼성 갤럭시 A8 출시      기사입력2018-01-05 19:18기사원문좋아요훈훈해요좋아요 평가하기공감좋아요0훈훈해요0슬퍼요0화나요0후속기사 원해요0댓글듀얼카메라 탑재한 준프리미엄폰[ 김태훈 기자  ] 삼성전자가 올해 첫 스마트폰으로 프리미엄폰 못지않은 기능을 갖춘 중가 단말기인 2018년형 갤럭시A8을 통신 3사를 통해 5일 출시했다.갤럭시A8은 갤럭시 시리즈 최초로 전면에 듀얼 카메라를 적용했다. 전면 카메라는 각각 1600만 화소, 800만 화소로 조리개 값 F1.9 렌즈를 넣었다. 셀프카메라 촬영 시 원하는 만큼 배경을 흐리게 처리하는 ‘라이브 포커스’ 기능을 이용해 입체감 있는 사진을 찍을 수 있다. 후면 카메라는 1600만 화소에 조리개 값 F1.7의 렌즈를 넣어 야간에도 선명하고 깨끗한 사진 촬영이 가능하다.갤럭시A8에는 프리미엄 제품인 갤럭시S8, 갤럭시노트8과 마찬가지로 베젤(테두리)을 최소화한 ‘인피니티 디스플레이’를 적용했다. 가상현실(VR) 기기 ‘기어VR’을 연동해 쓸 수 있고 IP68 등급의 방수·방진 기능, 모바일 결제 서비스 삼성페이 기능을 담았다. 블랙, 골드, 블루 세 가지 색상으로 출시되며 출고가는 59만9500원이다.김태훈 기자 taehun@hankyung.com[한경닷컴 바로가기] [글방] [모바일한경 구독신청] ⓒ 한국경제 & hankyung.com, 무단전재 및 재배포 금지한국경제 관련뉴스해당 언론사에서 선정하며 언론사 페이지(아웃링크)로 이동해 볼 수 있습니다.셀피 세대 위한 삼성 갤럭시A8 오늘 출시…59만9500원갤럭시A8 써보니…'셀피 특화' 전면 듀얼카메라 '매력'최고가 16억이던 대치동 은마아파트, 지금은…9급 1호봉 공무원 월급 어느 정도였길래? '반전'만화가 허영만, '주식 투자' 5개월 만에 번 돈이…좋아요0훈훈해요0슬퍼요0화나요0후속기사 원해요0기사제공 :""]"
2,삼성전자, 2018-01-0519:13,국민일보 ,"삼성, 인텔 잡았다… 34년만에 반도체 1위 등극",https://finance.naver.com/news/news_read.nhn?article_id=0001062201&office_id=005&mode=search&query=삼성전자&page=1,"['       삼성, 인텔 잡았다… 34년만에 반도체 1위 등극      기사입력2018-01-05 19:13기사원문좋아요훈훈해요좋아요 평가하기공감좋아요0훈훈해요0슬퍼요0화나요0후속기사 원해요0댓글지난해 점유율 14.6% 기록中업체 생산능력 속속 확충하반기 부터 가격하락 전망삼성전자가 지난해 인텔을 제치고 세계 최대 반도체 제조사로 올라섰다. 삼성전자가 반도체 사업을 시작한 지 34년 만이다. 인텔이 1위 자리에서 내려온 것은 25년 만이다. 미국 정보기술(IT) 시장조사 기업 가트너는 4일(현지시간) “세계 최대 메모리 반도체 공급사 삼성전자가 (지난해) 세계에서 가장 높은 점유율을 확보해 인텔의 1위 자리를 차지했다”고 밝혔다. 가트너의 예비조사 결과 삼성전자의 지난해 반도체 매출은 612억1500만 달러(약 65조원)로 14.6%의 점유율을 기록했다. 이에 비해 인텔은 577억1200만 달러(점유율 13.8%)의 매출을 거둬 삼성전자에 뒤졌다. 3위는 SK하이닉스로 263억900만 달러(점유율 6.3%)의 매출을 올렸다. 지난해 2위였던 삼성전자가 인텔을 밀어내고 1위에 오를 수 있었던 것은 메모리 반도체 가격 상승 영향이 크다. 가트너는 지난해 전 세계 메모리 반도체 매출이 공급 부족에 따른 가격 상승으로 64% 증가했다고 분석했다. 반도체 전체 매출이 22.2% 늘어난 것과 비교하면 증가세가 가파르다. 앤드루 노우드 가트너 부사장은 “지난해 메모리 반도체는 전체 반도체 매출 증가의 3분의 2 이상을 담당했고 반도체 시장의 최대 분야가 됐다”고 말했다. 이는 삼성전자와 인텔의 매출증가율을 보면 더욱 확연해진다. 메모리 반도체가 주력인 삼성전자의 지난해 매출은 전년 대비 52.6% 증가한 반면 시스템 반도체에 강점이 있는 인텔은 6.7% 늘어나는 데 그쳤다. 삼성전자와 마찬가지로 메모리 반도체가 주축인 SK하이닉스도 같은 기간 매출이 79.0% 늘어 4위에서 3위로 올라섰다. 가트너는 이 순위가 오래 가지 않을 것이라고 내다봤다. 노우드 부사장은 “삼성전자의 리드는 말 그대로 사상누각”이라며 “중국의 메모리 반도체 생산 능력 확충으로 메모리 반도체 가격이 올해 낸드 플래시를 시작으로 내년엔 D램까지 약세를 보일 것”이라고 전망했다. 그럴 경우 삼성이 매출의 상당 부분을 잃게 될 것이라고 가트너는 예상했다. 반도체 시장조사 업체 D램익스체인지도 내년 낸드 플래시 공급이 초과될 수 있다고 지적했다. D램익스체인지는 “도시바와 삼성전자, 인텔, 양쯔메모리테크놀로지(YMTC) 같은 주요 업체의 생산 능력 증가가 내년 낸드 플래시 공급 초과로 이어질 수 있다”고 관측했다. 이 중 YMTC는 올 하반기 중국 우한 둥후 첨단기술개발구에서 새 공장을 가동해 상위 업체와 격차를 크게 좁힐 것으로 예상된다.김현길 기자 hgkim@kmib.co.kr[카카오 친구맺기] [페이스북][취재대행소 왱!(클릭)]GoodNews paper ⓒ 국민일보(www.kmib.co.kr), 무단전재 및 재배포금지국민일보 관련뉴스해당 언론사에서 선정하며 언론사 페이지(아웃링크)로 이동해 볼 수 있습니다.""달게 먹으면 암 유발"" 연세대 연구진 \'췌장암\' 사례로 규명""ㅅㄱㅂㅊ은 세금바쳐?"" 김종석 의원의 심오한 문자 세계[영상] 불화설 일축한 정주리 ""남편, 나쁜 사람 아니다""\'연수입 40억\' 박인비, 럭셔리 신혼집 최초 공개대만 머슬퀸 제시카, \'독보적 볼륨감\'좋아요0훈훈해요0슬퍼요0화나요0후속기사 원해요0기사제공 :']"
3,삼성전자, 2018-01-0518:47,한국일보 ,예상대로 삼성전자 반도체 1위에는 등극했지만…,https://finance.naver.com/news/news_read.nhn?article_id=0000267746&office_id=469&mode=search&query=삼성전자&page=1,"['       예상대로 삼성전자 반도체 1위에는 등극했지만…      기사입력2018-01-05 18:47기사원문좋아요훈훈해요좋아요 평가하기공감좋아요0훈훈해요0슬퍼요0화나요0후속기사 원해요0댓글지난해 반도체 매출 세계 1위을 이끈 삼성전자 평택공장 전경. 삼성전자 제공삼성전자가 1992년 이후 줄곧 1위를 지킨 미국 인텔을 누르고 새로운 반도체 매출 1위 기업으로 올라섰다. 지난해부터 예상됐던 결과지만 반도체 공급과잉 전망도 고개를 들고 있어 긴장의 끈을 놓칠 수 없는 상황이다.5일 시장조사기업 가트너에 따르면 지난해 삼성전자의 반도체 매출액은 전년 대비 52.6%나 증가한 612억달러(약 65조1,400억원), 글로벌 시장 점유율은 14.6%로 잠정 집계됐다. 삼성전자 반도체의 지난해 성장률(52.6%)은 글로벌 반도체 시장 전체 성장률(22%)을 두 배 이상 뛰어넘었다.반면 인텔의 매출액은 6.7% 늘어난 577억달러(약 61조4,200억원) 머물렀고 시장 점유율(13.8%)도 삼성전자보다 뒤처졌다.같은 날 반도체 전문 시장조사기업 D램익스체인지는 D램과 함께 메모리 반도체의 양대 축인 낸드플래시 메모리가 내년부터 공급과잉 직면할 수 있다는 분석을 내놨다. 낸드플래시 메모리는 삼성전자가 앞선 기술력으로 글로벌 시장을 40% 가까이 점유하는 제품이다.공급과잉을 우려한 이유는 삼성전자를 비롯한 주요 반도체 기업들의 대규모 투자다. 지난해 도시바메모리 매각을 두고 다퉜던 도시바와 웨스턴디지털이 ‘팹7\'을 건설해 내년 하반기부터 3D 낸드플래시를 쏟아낼 예정이다. 인텔은 올해 안에 중국 다롄 공장의 3D 낸드플래시 생산량을 2배로 늘릴 계획이고 양쯔 메모리테크놀로지 코퍼레이션(YMTC)은 반도체 사업에 진출한다. 중국 정부의 전폭적인 지원 속에 반도체의 높은 진입장벽을 넘어서려는 YMTC는 새로운 이슈다. 우한(武漢) 둥후(東湖) 첨단기술개발구의 YMTC 공장은 올해 하반기 가동에 들어갈 것으로 알려졌다. 여기에 삼성전자는 중국 시안 낸드플래시 공장을 증설하고, SK하이닉스도 청주 공장 투자를 확대하고 있다.김창훈 기자 chkim@hankookilbo.com▶한국일보 [페이스북] [카카오 친구맺기]▶네이버 채널에서 한국일보를 구독하세요![ⓒ 한국일보(hankookilbo.com), 무단 전재 및 재배포 금지]한국일보 관련뉴스해당 언론사에서 선정하며 언론사 페이지(아웃링크)로 이동해 볼 수 있습니다.""헬게이트 열린 2호선 사당역"" 열차 고장 SNS 상황""경비원 94명 전원 해고"" 압구정 현대아파트에 무슨 일이""수고불참? 시골배추?"" 김종석 의원 \'ㅅㄱㅂㅊ\' 문자 의미는?반색하는 중국, 떨떠름한 일본北 ""9일 평화의 집으로 나갈 것이다""…남북회담 수락좋아요0훈훈해요0슬퍼요0화나요0후속기사 원해요0기사제공 :']"
4,삼성전자, 2018-01-0518:37,한국경제TV ,[K-VINA 뉴스] 베트남 비즈뉴스 헤드라인,https://finance.naver.com/news/news_read.nhn?article_id=0000590189&office_id=215&mode=search&query=삼성전자&page=1,"['       [K-VINA 뉴스] 베트남 비즈뉴스 헤드라인      기사입력2018-01-05 18:37기사원문좋아요훈훈해요좋아요 평가하기공감좋아요0훈훈해요0슬퍼요0화나요0후속기사 원해요0댓글▲ 베트남 \'VN지수\' 1000선 돌파…""상승 지속될 것""베트남의 코스피 지수로 여겨지는 VN지수가 1,000 선을 돌파했습니다. 1월 3일 VN지수는 1,005.67로 지난해 같은 시점과 비교했을 때, 50% 가까운 성장을 보였습니다. 이는 2007년 9월 이후 최고치입니다. 베트남 국영상업은행인 BIDV의 연구원은 ""심리적 저항점인 1,000포인트를 돌파하면서 VN Index는 더 올라갈 것으로 예상한다""고 말했습니다.▲ ""외국인 투자, 베트남에서 큰 수익 창출 지속""베트남 언론은 태국 대표기업인 시암시멘트 그룹이 투자 5년 만에 초기 투자 금액의 3배 이상의 수익을 창출했고, 싱가포르 음료 기업인 F&N은 베트남 비나밀크 주식을 통해 10억 달러의 수익을 올렸다고 전했습니다. 외국인 기업들이 베트남 투자에서 수익을 내면서 또 다른 투자를 유도하고 있다는 분석입니다. 현지 언론은 일부 일본 기관들이 베트남의 석유·가스 회사의 주식을 노리고 있다고 덧붙였습니다.▲ 호찌민시, \'도시계획 2030 프로젝트\' 연장 결정베트남 정부가 2030년까지 예정된 호찌민시의 \'도시계획 2030 프로젝트\'를 2050년까지 연장하는 방안을 잠정 결정했습니다. 수정된 계획에 따라 베트남 정부는 호찌민시 뿐만 아니라 근방의 7개 지방성까지 개발한다는 계획입니다. 베트남 정부는 ""빠른 속도의 안정적인 발전과 높은 도시화 비율을 위해 첨단기술 공업을 양성하고 의료, 무역 중개서비스 등을 강화해 호치민시를 확장해갈 것이며, 기후 변화 대책을 세울 것""이라고 말했습니다.▲ 올해 1월 1일, 베트남내 자동차 가격인하 경쟁베트남 정부가 1월 1일부터 수입 자동차 부품 무관세 정책을 본격 시행했습니다. 자동차 부품에 대한 관세가 0%로 떨어지면서, 베트남 국내에서 생산된 차량의 가격도 떨어질 것으로 예상됩니다. 현지 언론은 이번 정책으로 베트남내 자동차 시장에서 가격인하 경쟁이 심화될 것이라 전망했습니다.▲ 베트남, 지난해 수출 \'역대 최대\'…""삼성 효과""베트남이 지난해 우리 돈 227조5000억 원 규모 사상 최대의 수출을 기록했습니다. 베트남 삼성전자와 계열사들의 지난해 수출액은 약 55조원 규모로, 베트남 전체 수출액의 24%를 차지하며 수출 실적을 견인했습니다. 응우옌 빅 람 베트남 통계청장은 ""베트남 수출 주력품목이 원유 등 천연자원에서 전자부품과 휴대전화로 변하면서 수출이 호조를 보인 것""이라고 평가했습니다.ⓒ 한국경제TV, 무단 전재 및 재배포 금지한국경제TV 관련뉴스해당 언론사에서 선정하며 언론사 페이지(아웃링크)로 이동해 볼 수 있습니다.\'한끼줍쇼\' 김병만, 대인기피증 고백? ""\'정글의 법칙\' 후유증""인생술집 김이나, 아이유와 무슨 일?…""불편하다""황정음, 출산 후 물오른 미모 공개…""사진 속 남편 손인가요?""해피투게더3 거미, 송중기가 명품백 선물한 사연낸시랭 ""올해 한국 떠날 것, 다른 나라서 인생 2막""좋아요0훈훈해요0슬퍼요0화나요0후속기사 원해요0기사제공 :']"
5,삼성전자, 2018-01-0518:23,한국경제 ,삼성전자 '인텔 아성' 깼다… 반도체시장 세계 1위 등극,https://finance.naver.com/news/news_read.nhn?article_id=0003875121&office_id=015&mode=search&query=삼성전자&page=1,"[""       삼성전자 '인텔 아성' 깼다… 반도체시장 세계 1위 등극      기사입력2018-01-05 18:23기사원문좋아요훈훈해요좋아요 평가하기공감좋아요0훈훈해요0슬퍼요0화나요0후속기사 원해요0댓글'CPU 게이트' 승자는 구글SK하이닉스도 3위 올라[ 노경목 기자  ] 삼성전자 반도체가 창사 이후 처음으로 연매출 기준으로 세계 반도체업계 1위에 올랐다. 1992년 이후 줄곧 1위 자리를 지켜온 인텔은 2위로 밀렸다.시장조사업체 가트너는 4일(현지시간) 삼성전자의 지난해 반도체 부문 매출이 612억달러(약 65조원)로 인텔(577억달러)보다 많았다는 예비 조사 결과를 발표했다. 시장 점유율은 삼성전자가 14.6%, 인텔이 13.8%였다. 아직 연간 실적을 발표한 곳은 없지만 가트너는 각 업체의 반도체 판매량과 판매가격을 토대로 이 같은 수치를 내놨다. 삼성전자는 작년 2분기 사상 처음으로 분기 반도체 매출에서 인텔을 앞지른 뒤 하반기 들어서도 세계 1위를 유지한 것으로 나타났다. 또 삼성전자 반도체의 영업이익률은 50% 이상으로 25% 안팎인 인텔의 두 배에 달했다. 영업이익률, 이익 규모 모두 세계 1위를 차지했을 것으로 예상된다.또 SK하이닉스가 매출 263억달러로 한 단계 순위가 상승해 인텔에 이어 3위를 기록했다. 마이크론도 6위에서 4위로 뛰어올랐으며 낸드플래시 제조업체인 웨스턴디지털은 17위에서 9위로 수직 이동했다. 정보기술(IT) 전문지 지디넷은 “지난해 D램 가격은 전년 대비 44%, 낸드플래시는 17% 올랐다”며 “이 같은 가격 상승이 메모리 반도체 업체들의 순위를 밀어올렸다”고 분석했다. 가트너는 세계 반도체 시장 규모는 4197억달러로 2016년 대비 22.2% 늘어났다고 집계했다.하지만 삼성전자가 얼마나 오랫동안 세계 1위를 달릴지는 다소 유동적이다. 앤드루 노우드 가트너 부사장은 “삼성전자의 순위는 전적으로 메모리 시장 호황에 의존한 것”이라며 “이르면 올해부터 낸드플래시 가격이 떨어지고, 내년에 D램 가격도 하락세로 전환하면 매출이 큰 폭으로 줄어들 가능성도 있다”고 말했다.노경목 기자 autonomy@hankyung.com[한경닷컴 바로가기] [글방] [모바일한경 구독신청] ⓒ 한국경제 & hankyung.com, 무단전재 및 재배포 금지한국경제 관련뉴스해당 언론사에서 선정하며 언론사 페이지(아웃링크)로 이동해 볼 수 있습니다.인텔도 들었다놨다 한 구글 … CPU 결함 찾아내고 해결책도 제시한컴 '전시해설사 로봇', 이노션 '스마트 선글라스'… CES 첫 출전 눈길최고가 16억이던 대치동 은마아파트, 지금은…9급 1호봉 공무원 월급 어느 정도였길래? '반전'만화가 허영만, '주식 투자' 5개월 만에 번 돈이…좋아요0훈훈해요0슬퍼요0화나요0후속기사 원해요0기사제공 :""]"
6,삼성전자, 2018-01-0518:16,SBS Biz ,애플 이어 인텔도…‘반도체 게이트’에 삼성전자 반사이익?,https://finance.naver.com/news/news_read.nhn?article_id=0000148538&office_id=374&mode=search&query=삼성전자&page=1,"['       애플 이어 인텔도…‘반도체 게이트’에 삼성전자 반사이익?      기사입력2018-01-05 18:16기사원문좋아요훈훈해요좋아요 평가하기공감좋아요0훈훈해요0슬퍼요0화나요0후속기사 원해요0댓글애플에 이어서 미국의 대표적인 IT기업, 인텔도 도덕성 논란에 휩싸였습니다.애플처럼 제품 결함을 의도적으로 숨겨왔다는 건데요.묘하게도 두 회사는 모두 삼성전자의 라이벌입니다.보도에 이승희 기자입니다.전세계 개인용 컴퓨터와 노트북 70%에 들어 있는 반도체 칩을 만드는 회사.인텔의 CEO가 제품 결함을 인정하는 긴급해명에 나섰습니다.[브라이언 크르자니크 / 인텔 CEO : 인텔에서는 이번 결함을 고치는 데 필요한 적절한 조치를 마련했습니다. 지금까지 실험을 통해 확인했고 이르면 다음주부터 제조사에게 배포될 것입니다.]인텔이 인정한 결함은 중앙처리장치, CPU 반도체 칩이 이용자 정보를 유출할 수 있다는 것입니다.문제는 인텔이 이런 결함을 알고도 6개월동안이나 쉬쉬해 왔다는 것입니다.인텔의 주가는 5% 넘게 하락한 반면, 경쟁사들의 주가는 올랐습니다.이런 가운데 인텔이 지난 1993년 이후 1위 자리를 놓치지 않았던 반도체 왕좌를 삼성전자에게 넘겨 준 것으로 나타났습니다.시장조사업체 가트너에 따르면, 지난해 삼성전자의 시장 점유율과 매출 증가액은 인텔을 훌쩍 뛰어넘었습니다.휴대전화에서는 애플이, 반도체에서는 인텔까지 품질과 신뢰에 금이 가면서 삼성전자의 반사이익이 어느 정도에 이를지 관심이 쏠리고 있습니다.SBSCNBC 이승희입니다.이승희 기자(heeya@sbs.co.kr) ☞ 의견 있는 경제채널 SBSCNBC [홈페이지] [뉴스스탠드]☞ 공식 SNS [페이스북] 저작권자 SBS플러스 & SBS I&M 무단전재-재배포 금지SBS Biz 관련뉴스해당 언론사에서 선정하며 언론사 페이지(아웃링크)로 이동해 볼 수 있습니다.메릴린치의 경고…""비트코인 펀드·선물 전면 금지""인텔, \'반도체 게이트\' 확산…보안 결함 발견\'다주택자 압박\' 부작용 현실화?…강남 아파트값 고공행진MB 실소유주 논란 \'다스\'…국세청, 세무조사 착수국제유가 3년 만에 최고치…WTI, 62달러 돌파좋아요0훈훈해요0슬퍼요0화나요0후속기사 원해요0기사제공 :']"
7,삼성전자, 2018-01-0518:14,한국경제 ,"코스피, 한달 만에 2500 문턱에… ""상승 여력 크다""",https://finance.naver.com/news/news_read.nhn?article_id=0003875105&office_id=015&mode=search&query=삼성전자&page=1,"['       코스피, 한달 만에 2500 문턱에… ""상승 여력 크다""      기사입력2018-01-05 18:14기사원문좋아요훈훈해요좋아요 평가하기공감좋아요0훈훈해요0슬퍼요0화나요0후속기사 원해요0댓글삼성전자 등 시총 톱10 강세외국인 닷새째 순매수 행진 ""주요국 비해 여전히 저평가""[ 하헌형/홍윤정 기자  ] 외국인 매수에 힘입어 5일 코스피지수와 코스닥지수가 동반 상승했다. 이날 코스피지수는 31.06포인트(1.26%) 오른 2497.52, 코스닥지수는 20.02포인트(2.48%) 상승한 828.03에 마감했다. 허문찬 기자 sweat@hankyung.com코스피지수가 미국 등 글로벌 주식시장 훈풍에 힘입어 한 달 만에 2500선 문턱까지 올랐다. 코스닥지수도 2% 넘게 급등하며 10년여 만에 가장 높은 수준을 기록했다. 상당수 전문가는 국내 증시가 세계 주요국보다 저평가돼 있는 데다 주요 상장사의 실적 개선세가 지속되고 있어 추가 상승 여력이 있다고 분석했다.코스피지수는 5일 31.06포인트(1.26%) 오른 2497.52에 마감했다. 종가 기준으로 지난해 12월6일(2474.37) 이후 한 달 만에 2490선을 회복했다. 코스피지수는 지난해 11월3일 사상 최고치인 2557.97을 찍은 뒤 두 달 가까이 하락세를 보이다 12월 말 상승세로 돌아섰다. 코스닥지수도 20.02포인트(2.48%) 오른 828.03에 마감하며 2007년 7월12일(828.22) 이후 가장 높았다.이날 유가증권시장에서는 삼성전자(2.04%) SK하이닉스(2.85%) 현대차(1.71%) 네이버(1.68%) LG화학(2.40%) KB금융(1.75%) 등 시가총액 상위 10개 종목이 모두 강세를 보였다. 박춘영 대신증권 연구원은 “세계적으로 ‘위험 자산’ 선호 현상이 두드러지면서 미국을 중심으로 글로벌 증시가 랠리(가격 상승)를 이어가고 있다”며 “지난해 4분기 기업 실적에 대한 불확실성까지 해소되면서 증시가 다시 상승 탄력을 받는 분위기”라고 말했다.코스피지수를 다시 2500선 가까이 끌어올린 동력은 외국인 투자금이다. 외국인은 지난해 증시 마지막 날인 12월28일 이후 닷새 연속 유가증권시장 주식을 순매수했다. 이 기간 누적 순매수액은 1조4317억원에 달했다. 조용준 하나금융투자 리서치센터장은 “지난해 말 차익 실현 매물을 쏟아냈던 외국인이 증시가 추가 상승할 것으로 보고 재투자에 나서고 있다”고 했다.전문가들은 국내 증시가 주요국에 비해 여전히 저평가된 상태라고 입을 모은다. KB증권에 따르면 지난 2일 기준 국내 상장사(MSCI 한국 지수 구성 종목)의 12개월 선행 주가수익비율(PER·주가/주당순이익)은 8.5배로 미국(18.7배)과 인도(18.7배)의 절반에도 미치지 못했다. 프랑스(14.9배) 일본(14.6배) 영국(14.4배) 독일(13.7배) 등과 비교해도 턱없이 낮다. PER은 수치가 낮을수록 주식이 싸다는 의미다.김형렬 교보증권 투자전략팀장은 “지난해 국내 증시가 가파르게 상승하면서 저평가 상태에서 벗어났다는 일각의 주장과 달리 밸류에이션(기업 가치 대비 주가수준) 매력은 여전히 크다”고 강조했다. 전경대 맥쿼리투자신탁운용 주식액티브팀장은 “실적 호조와 배당수익률(주당 배당금/주가) 상승을 감안하면 국내 증시 PER은 11~12배 정도까지는 오를 여력이 있다”고 분석했다.하헌형/홍윤정 기자 hhh@hankyung.com[한경닷컴 바로가기] [글방] [모바일한경 구독신청] ⓒ 한국경제 & hankyung.com, 무단전재 및 재배포 금지한국경제 관련뉴스해당 언론사에서 선정하며 언론사 페이지(아웃링크)로 이동해 볼 수 있습니다.글로벌 \'황소랠리\'...다우 25,000 돌파 … 코스피 31P 상승닛케이지수 26년래 최고최고가 16억이던 대치동 은마아파트, 지금은…9급 1호봉 공무원 월급 어느 정도였길래? \'반전\'만화가 허영만, \'주식 투자\' 5개월 만에 번 돈이…좋아요0훈훈해요0슬퍼요0화나요0후속기사 원해요0기사제공 :']"
8,삼성전자, 2018-01-0518:12,한국경제 ,상장사 4분기 영업이익 49조 달한 듯… '실적 안개' 걷힌다,https://finance.naver.com/news/news_read.nhn?article_id=0003875102&office_id=015&mode=search&query=삼성전자&page=1,"['       상장사 4분기 영업이익 49조 달한 듯… \'실적 안개\' 걷힌다      기사입력2018-01-05 18:12기사원문좋아요훈훈해요좋아요 평가하기공감좋아요0훈훈해요0슬퍼요0화나요0후속기사 원해요0댓글내주 시작 어닝시즌 성적표는 3분기 넘어 사상 최고치 추정건설·증권 등 실적개선 뚜렷[ 나수지 기자  ] 지난해 3분기까지 매 분기 사상 최대 실적을 경신한 유가증권시장 상장사들이 지난해 4분기에도 최대 실적을 거뒀을 것이란 분석이 나왔다. 시장 전문가들은 다음주부터 시작될 4분기 실적 발표 기간(어닝 시즌)이 올해 코스피지수의 향방을 가를 첫 변수가 될 것으로 보고 있다. 시장 예상치에 부합하는 실적이 나오면 실적을 둘러싼 불확실성이 해소돼 주가가 뛰어오를 가능성이 크다는 전망이 나온다.5일 금융정보업체 에프앤가이드에 따르면 지난해 4분기 실적 추정치가 있는 유가증권시장 상장사 262개사의 영업이익은 48조9772억원에 달한 것으로 추정됐다. 분기 기준 사상 최대치였던 지난해 3분기 영업이익(48조7518억원)보다 많다. 전년 동기와 비교해서는 55.9% 늘어난 수치다. 이 추정대로라면 유가증권시장 상장사들은 지난해 매 분기 사상 최대 실적 기록을 갈아치운 셈이 된다.전년 동기와 비교해 작년 4분기 실적 개선세가 가장 뚜렷한 업종은 건설 증권 게임 반도체 등이었다. 건설업종으로 분류된 13개사의 지난해 4분기 영업이익은 전년 동기에 비해 1993.8% 급증한 것으로 추정됐다. 대우건설, 삼성엔지니어링 등 대규모 영업손실을 낸 기업들이 흑자로 돌아서면서 실적이 눈에 띄게 개선됐을 것으로 분석됐다. 같은 기간 증권업종의 영업이익이 921.5% 늘어난 것으로 추정됐다. 합병 비용 때문에 2016년 4분기에 영업손실을 낸 미래에셋대우가 흑자전환하고, 삼성증권 NH투자증권 등 주요 증권사도 주식시장 호황으로 영업이익이 각각 332.1%, 102.8% 늘어난 것으로 파악됐다.지난해 주식시장 상승세를 이끈 반도체 기업의 실적도 여전히 증가세를 이어간 것으로 분석됐다. 삼성전자(지난해 4분기 영업이익 증가율 72.4%) SK하이닉스(180.4%) 등의 영업이익 증가율 추정치가 돋보였다. NHN엔터테인먼트(153.2%) 엔씨소프트(120.3%) 등 주요 게임주의 실적도 크게 좋아진 것으로 추정됐다.사상 최대 실적을 경신하고 있지만 실적 추정치가 조금씩 낮아지고 있는 점은 부담이다. 지난해 11월에는 유가증권시장 상장사들의 4분기 영업이익 전망치가 49조992억원으로 최근 추정치보다 소폭 높았다. 일각에서는 작년 4분기 실적이 당초 기대치에 미치지 못했을 것이란 우려도 나온다. 원화강세가 이어지면서 국내 수출기업들의 실적이 발목 잡혔을 것이란 판단에서다.나수지 기자 suji@hankyung.com[한경닷컴 바로가기] [글방] [모바일한경 구독신청] ⓒ 한국경제 & hankyung.com, 무단전재 및 재배포 금지한국경제 관련뉴스해당 언론사에서 선정하며 언론사 페이지(아웃링크)로 이동해 볼 수 있습니다.삼성SDI·OCI·한미약품·하나금융·대한제강… 4분기 실적 기대주 미리 \'찜\' 해놓을까""휴비츠, 주가 상승 사이클 진입 구간"" - 하나금투최고가 16억이던 대치동 은마아파트, 지금은…9급 1호봉 공무원 월급 어느 정도였길래? \'반전\'만화가 허영만, \'주식 투자\' 5개월 만에 번 돈이…좋아요0훈훈해요0슬퍼요0화나요0후속기사 원해요0기사제공 :']"
9,삼성전자, 2018-01-0518:00,아시아경제 ,"[CEO인터뷰] 파인텍 강원일 대표, ELS사업 美 진출 박차…“선택과 집중으로 ...",https://finance.naver.com/news/news_read.nhn?article_id=0004152771&office_id=277&mode=search&query=삼성전자&page=1,"['       [CEO인터뷰] 파인텍 강원일 대표, ELS사업 美 진출 박차…“선택과 집중으로 수익성 강화”      기사입력2018-01-05 18:00기사원문좋아요훈훈해요좋아요 평가하기공감좋아요0훈훈해요0슬퍼요0화나요0후속기사 원해요0댓글파인텍 강승원 대표이사[팍스넷데일리 배요한 기자] 파인텍이 적자 사업을 정리하고 기존사업 혁신과 신사업 진출을 통해 제 2의 도약을 준비하고 있다.파인텍 강원일 대표이사는 팍스넷데일리와의 인터뷰에서 “적자를 기록하던 백라잇유닛(BLU) 사업을 중단하고, OLED 본딩 장비사업에 주력하고 있다""고 말했다. 또 “신성장동력으로 ESL(전자가격표시기) 사업을 선정하고 파트너사와 조인트벤처를 설립해 미국시장 진출에 진출했다”고 밝혔다.ESL은 가격 및 재고현황 등 각종 상품정보를 표시해주는 디지털 기기다. 대형마트나 백화점 진열대에 사용되는 가격표를 전자잉크를 이용한 화면으로 대체하는 제품으로, 유럽과 미국에서는 허위 가격표시에 대한 규제 강화로 도입이 늘고 있는 추세다.ESL 사업은 파인텍 이외에 국내에서는 LG이노텍과 솔루엠이 진행 중인 것으로 알려졌다. 파인텍은 우선 미국시장을 타겟으로 영업을 진행하고 향후 국내 및 유럽 시장으로 진출을 확대한다는 구상이다. 지난달 14일에는 베트남 법인이 전자가격표시기 생산라인을 갖추고 생산에 돌입한 상태다.강 대표는 “파트너사는 3년 이상 미국에서 ESL 영업을 해 온 전문기업”이라며 “타겟 고객은 중소형 마켓과 대형병원으로, 넓은 미주시장을 커버하기 위해 직영영업과 거점형 유통채널을 확보하는 방식을 병행하고 있다”고 전했다.현재 파인텍은 미국의 중소형 마트와 소프트웨어 시범 운영 결과 안정화 단계에 돌입한 만큼, 곧 서버 및 ESL 시스템 종합 테스트를 진행한다는 구상이다. 또 상황별 상호 통신 및 프로그램 구동 테스트가 완료되면 본격적인 판매가 이뤄질 전망이다.한편 파인텍은 지난해 적자 원인인 BLU 사업 부문을 매각하고 조인트벤처(JV) 설립을 통해 체질 개선에 주력하고 있다. 2015년까지 2000억원대 매출액과 영업이익을 꾸준하게 기록했지만, BLU사업이 악화되면서 매출액은 1000억원대 중반으로 내려앉았고 영업이익은 적자로 돌아섰다.강원일 대표는 “중국을 중심으로 LCD 디스플레이 생산량이 증가하면서 BLU 등 관련 부품 사업은 초과 공급으로 경쟁 심화가 지속됐다”며 “중국 고객사의 단가 인하 압력과 불리한 조건으로 적자 구조를 벗어나는 것은 쉽지 않다고 판단해 사업철수를 결정했다”고 말했다또 “원가경쟁력이 우위인 JV가 생산 및 납품을 맡는 것은 물론, 중국 내에서 영업력이 우월하기 때문에 수익 개선을 기대한다”고 설명했다. 중국 파트너사는 LCD 태블릿 부품사업을 영위하고 있으며, 회사의 주요 고객사인 BOE에 납품하고 있다.지난해 3분기 파인텍은 사업구조조정 효과가 나타나면서 실적이 반등했다. 영업이익은 전년동기 대비 96% 증가한 57억원, 매출액은 29% 늘어난 358억원을 기록했다.강 대표는 “해외 매출지역은 중국과 베트남이며 일본과 대만시장 진출을 노리고 있다”며 “중국과 베트남의 해외 현지법인을 중심으로 제품의 생산부터 납품, 장비 셋업까지 이뤄지고 있어 원가경쟁력이 있다”고 강조했다.지난 2008년 설립된 파인텍은 디스플레이용 부품(BLU, TSP, Touch key, LCD Module)사업을 시작으로 디스플레이 부품과 OLED 본딩 장비사업을 영위하고 있는 디스플레이 전문 기업이다. 주요 고객에는 삼성전자, BOE, SDC 등이 있으며 해외 매출이 90% 이상을 차치한다.배요한 기자 yohan.bae@paxnet.kr▶ 양낙규의 \'군사이야기\'▶ #아시아경제 채널 구독 ▶ #아시아경제 페이스북아시아경제 관련뉴스해당 언론사에서 선정하며 언론사 페이지(아웃링크)로 이동해 볼 수 있습니다.""임종석, 어디서 나온 버르장머리…"" 발끈\'北 주민들 사이에서…\' 심상찮은 움직임 포착\'이제와서…\' 朴 노리는 것 따로 있다손석희 사장 1년 만에 또 일냈다…\'대박\'1000년에 한 번? 일본의 \'초미녀 4인\' 모습이좋아요0훈훈해요0슬퍼요0화나요0후속기사 원해요0기사제공 :']"
10,삼성전자, 2018-01-0517:50,연합뉴스 ,[연합시론] 인텔 제치고 반도체 '세계 최강' 등극한 삼성전자,https://finance.naver.com/news/news_read.nhn?article_id=0009794044&office_id=001&mode=search&query=삼성전자&page=1,"['       [연합시론] 인텔 제치고 반도체 \'세계 최강\' 등극한 삼성전자      기사입력2018-01-05 17:50기사원문좋아요훈훈해요좋아요 평가하기공감좋아요0훈훈해요0슬퍼요0화나요0후속기사 원해요0댓글 (서울=연합뉴스) 삼성전자가 반도체 사업을 시작한 지 34년 만에 미국 인텔을 제치고 세계 반도체 최강 자리에 올랐다. 미국 정보기술(IT) 시장조사 기관인 가트너의 예비조사 결과에 따르면 삼성전자는 지난해 반도체 분야에서 612억1천500만 달러의 매출을 올려 577억1천200만 달러에 그친 인텔을 밀어내고 1위에 올랐다. 낸드 플래시 등 메모리 반도체의 슈퍼 호황으로 반도체 매출이 전년 대비 52.6% 급증한 덕이다. 인텔은 지난해 매출 증가율 6.7%에 그치며 1993년 이후 24년이나 유지해온 세계 반도체 시장 1위 자리를 삼성에 내줬다. 반도체 세계시장 점유율은 삼성 14.6%, 인텔 13.8%였다. 2016년 인텔, 삼성전자, 퀄컴에 이어 4위였던 SK하이닉스도 지난해 매출 263억900만 달러(점유율 6.3%)를 기록하며 사상 처음으로 3위에 올랐다. 국내 양대 반도체 회사의 약진은 반도체 강국 한국의 위상을 세계에 알리는 쾌거로 높게 평가할 만하다. 삼성전자의 반도체 최강자 등극의 일등공신은 스마트폰 보급 확대다. 모바일 기기에 들어가는 D램과 낸드 플래시 등 메모리 반도체 수요가 급증했으나 공급이 따르지 못해 가격이 급등했다. 과감한 선제투자로 공급능력을 확대하고 초미세 공정 등 핵심기술에서 경쟁사가 따라오기 어려울 정도의 \'초격차\' 전략을 펴온 삼성전자가 특수를 누린 셈이다. 주력 생산품인 낸드 플래시 가격은 전년 대비 평균 17%, D램 가격은 44% 뛰었다. 지난해 전 세계 반도체 매출은 4천197억 달러로 전년(3천435억 달러)보다 22.2% 증가했다. 앤드류 노우드 가트너 부사장은 ""메모리 반도체가 이런 매출 증가의 3분의 2 이상을 기여하며 반도체 분야 최대 영역으로 자리 잡았다""고 분석했다. 지난해 D램 40%대 중후반, 낸드 플래시 30%대 후반의 세계시장 점유율을 보인 삼성은 메모리 분야의 독보적 강자다. 삼성전자가 반도체 최강자의 자리를 계속 이어갈지는 미지수다. 노우드 부사장은 ""올해부터 낸드 플래시를 시작으로 메모리 가격이 떨어질 수 있다. 싱가포르의 브로드컴이 추진 중인 퀄컴 인수에 성공하고 삼성전자 메모리칩 수익까지 하락하면 향후 삼성전자 점유율이 3위로 미끄러질 수도 있다""고 전망했다. 삼성의 독주체제가 오래 이어지기는 쉽지 않다는 뜻이다. 비메모리 반도체에 주력해온 인텔이 메모리 반도체에 뛰어들었고, 중국이 정부 주도의 \'반도체 굴기\'를 앞세워 반도체 산업 육성에 대한 대규모 투자에 나섰다. 삼성의 반도체 1위 수성 전망을 불안하게 하는 요소다. 이재용 부회장의 구속으로 인한 총수의 장기 부재도 변수가 될 수 있다. 삼성은 그동안 강한 오너십을 바탕으로 끊임없는 연구개발, 기술혁신, 대규모 선제투자를 통해 세계 최고의 경쟁력과 위상을 확보해왔다. 그럴 리야 없겠지만, 이 부회장의 공백이 삼성의 경쟁력을 떨어뜨리는 요인이 돼서는 안 된다. 삼성은 총수가 없는 상황을 글로벌 기업의 위상에 맞게 투명한 경영시스템을 갖추는 계기로 삼아야 한다. 차제에 상대적으로 취약한 비메모리 분야에 대한 집중 투자를 통해 누구도 부인할 수 없는 반도체 최강기업으로 우뚝 서길 바란다. 최근 인텔의 반도체 칩에서 발견된 치명적인 보안 결함은 1위를 수성하려는 삼성에 그나마 유리한 변수가 될 것 같다.▶기사제보 및 문의▶기자와 1:1 채팅\xa0\xa0▶최신 트렌드연합뉴스 관련뉴스해당 언론사에서 선정하며 언론사 페이지(아웃링크)로 이동해 볼 수 있습니다.\xa0\'까칠남녀\' 성소수자 편…방송국 로비에 누운 학부모들\xa0[단독] 장현승·신수지, 4개월째 열애…""볼링이 공통분모""\xa0마약인줄 알고 흡입…호주여행 청년 9명 중 2명 위독\xa0\'ㅁㅊㅅㄲ\' 문자 김종석 의원 ""기계 스팸인줄 알고 회신""\xa0\'호텔 먹튀\' 논란 JYJ 김준수 건설사에 38억원 배상해야좋아요0훈훈해요0슬퍼요0화나요0후속기사 원해요0기사제공 :']"
11,삼성전자, 2018-01-0517:46,파이낸셜뉴스 ,‘다우 25000’ 뉴욕發 훈풍에… 코스피 2500 바짝,https://finance.naver.com/news/news_read.nhn?article_id=0003937874&office_id=014&mode=search&query=삼성전자&page=1,"['       ‘다우 25000’ 뉴욕發 훈풍에… 코스피 2500 바짝      기사입력2018-01-05 17:46기사원문좋아요훈훈해요좋아요 평가하기공감좋아요0훈훈해요0슬퍼요0화나요0후속기사 원해요0댓글글로벌증시 일제히 상승, 외국인 닷새째 순매수행진\'반도체 빅2\' 2% 넘게 올라..코스닥도 2.48% 급등           미국 증시 훈풍에 코스피와 코스닥이 상승세를 되찾은 5일 오후 서울 여의도 한국거래소 에서 직원들이 시세판을 살피고 있다. 사진=박범준 기자    글로벌 증시에 훈풍이 불고 있다. 미국.일본 증시는 수십년 만에 사상 최고치를 경신했고, 중국.유럽 등 다른 증시도 큰 폭으로 상승했다.국내 증시도 이 같은 영향을 받아 강세를 나타냈다. 코스피지수는 외국인과 기관의 동반매수세에 힘입어 2500 턱밑까지 올랐고, 코스닥지수도 외국인 매수세에 830선을 눈앞에 뒀다.5일 한국거래소에 따르면 코스피지수는 전날 대비 31.06포인트(1.26%) 오른 2497.52에 거래를 마쳤다. 10.39포인트(0.42%) 상승으로 출발한 코스피지수는 장 마감까지 지속적으로 상승세를 보였다.코스피시장에서 외국인과 기관은 각각 2455억원, 1014억원어치를 순매수하며 지수를 끌어올렸다. 특히 외국인은 5거래일 연속 순매수세를 보였다. 반면 개인은 3707억원어치를 팔아치웠다.시가총액 상위 종목이 대부분 상승 마감했다. 대장주인 삼성전자는 2.04% , SK하이닉스 2.85%, 현대차 1.71%, 포스코는 0.14% 올랐다. 외국인이 시총 상위 종목을 대거 사들였다.코스닥지수도 전날 대비 20.02포인트(2.48%) 오른 828.03으로 장을 마쳤다. 오는 11일 발표될 예정인 정부의 코스닥 활성화 방안에 대한 기대감이 반영됐다는 분석이다.글로벌 증시는 강세 흐름을 이어가고 있다. 미국 다우존스30산업평균지수는 사상 최초로 2만5000선을 돌파했다. 4일(현지시간) 뉴욕증권거래소(NYSE)에서 다우지수는 152.45포인트(0.61%) 오른 2만5075.13으로 마감했다. 스탠더드앤드푸어스(S&P)500지수는 10.93포인트(0.4%) 상승한 2723.99, 나스닥지수는 12.38포인트(0.18%) 오른 7077.91로 마감했다.아시아 지수도 대부분 상승으로 마감했다. 상하이종합지수는 유가 급등세에 석유화학 관련주가 급등하면서 전날 대비 0.49% 상승한 3385.71에 장을 마쳤다. 일본 닛케이225는 새해 첫 거래일(4일) 3.26% 급등하며 26년 만에 최고치를 경신한 데 이어 이날도 0.9% 오른 2만3714.53으로 거래를 마감했다.한편 서울외환시장에서 원.달러 환율은 전날 대비 0.5원 오른 달러당 1062.7원에 장을 마쳤다.   pja@fnnews.com 박지애 기자   ▶ 세상의 모든 골 때리는 이야기 \'fn파스\'▶ 속보이는 연예뉴스 fn스타  ※ 저작권자 ⓒ  파이낸셜뉴스. 무단 전재-재배포 금지파이낸셜뉴스 관련뉴스해당 언론사에서 선정하며 언론사 페이지(아웃링크)로 이동해 볼 수 있습니다.먹다보니, 지방간.. 당뇨 등 만성질환자 더 위험가상화폐 \'리플\' 창시자, 63조원 \'대박\'외출시 보일러 전원 껐다간 \'낭패\'2018년 4대기업 운세는? 재미로 보는 \'기업 토정비결\'김종석 ""\'ㅁㅊㅅㄲ\', 아무 의미 없는 문자열""좋아요0훈훈해요0슬퍼요0화나요0후속기사 원해요0기사제공 :']"
12,삼성전자, 2018-01-0517:45,연합뉴스TV ,[CEO풍향계] 뉴롯데 선언한 신동빈ㆍ스스로 물러난 남승우,https://finance.naver.com/news/news_read.nhn?article_id=0000296393&office_id=422&mode=search&query=삼성전자&page=1,"['       [CEO풍향계] 뉴롯데 선언한 신동빈ㆍ스스로 물러난 남승우      기사입력2018-01-05 17:45기사원문좋아요훈훈해요좋아요 평가하기공감좋아요0훈훈해요0슬퍼요0화나요0후속기사 원해요0댓글 [CEO풍향계] 뉴롯데 선언한 신동빈ㆍ스스로 물러난 남승우[앵커] 재계 수장들의 일거수 일투족을 알아보는 CEO풍향계 시간입니다. 중요한 공식석상에 계속 모습을 드러내지 않으면서 건강이상설까지 나온 구본무 회장.65세 나이에 은퇴하겠다는 약속을 지키며 물러난 풀무원 남승우 대표이사 등의 소식을 이경태, 한지이 기자가 전해드립니다. [기자]요즘 좀처럼 얼굴을 보기 어려운 구본무 LG그룹 회장입니다. 총수를 맡은 뒤 20년 간 주재해온 업적보고회를 올해는 구본준 부회장이 주재했습니다. 업적보고회는 LG그룹의 내년 사업 전략을 수립하는 중요한 행사입니다.그룹 시무식에는 모습을 보이나 했는데 역시 불참했습니다.구 회장은 지난달 김동연 부총리와 LG그룹의 현장소통간담회 자리에도 모습을 드러내지 않았습니다. 건강에 이상이 생긴 것 아니냐는 설까지 돌았습니다.LG그룹 측은 구 회장이 왜 계속 안보이시냐는 질문에 휴가중이라는 답변만 반복하고 있습니다. 휴가가 언제까지냐는 질문에는 자신들도 모르겠다고 답했습니다.다만 회장님은 현재 건강하시다고 밝혔습니다.총수의 건강은 주주와 고객이 관심을 갖는 중요 정보입니다. 구 회장이 언제쯤 공식석상에 모습을 드러낼지 관심이 모아지는 이유입니다. 최고경영자 자리에서 물러난 남승우 전 풀무원 대표이사입니다. 지난해 12월 31일 자로 자리에서 물러났는데 공식적인 퇴임행사도 없었습니다. ""65세 연말에 사직서를 내겠다""는 평소 약속처럼 전자결제시스템을 통해 사직서를 제출했을 뿐입니다.재계에선 스스로 정년을 정해 은퇴를 선언하고 실행한 이례적인 일이라고 평가하고 있습니다.남 전 대표 후임은 장남 남성윤 풀무원 마케팀 팀장이 아닌 전문경영인인 이효율 CEO가 낙점됐습니다. 남 전 대표는 평소 상장기업을 하면서 가족에게 경영권을 승계시키려고 하니까 문제가 생기는 것이다는 입장을 보여왔습니다. 어찌보면 상식적인 결정을 한 남 대표에게 제대로 된 결정이었다는 칭찬이 이어지고 있습니다. 최근 중요한 약속을 지킨 신동빈 롯데그룹 회장입니다.4년 전까지 74만여 개에 달했던 롯데의 순환출자 고리를 모두 끊었기 때문입니다.복잡하고 불투명한 지배구조로 인해 기업 가치 하락은 물론 신 회장도 지배력 강화에 어려움을 겪어 왔습니다. 하지만 지난해 롯데지주 출범과 더불어 수차례에 걸친 흡수합병 등의 노력을 통해 순환출자 고리를 모두 해소했습니다. 이제 신 회장은 호텔롯데 상장이라는 또 하나의 과제를 풀어야 합니다. 신 회장은 호텔롯데를 상장시켜 국민 기업으로 만들겠단 계획이었지만 검찰 수사 장기화와 재판 등으로 아직 뜻을 이루지 못했습니다. 신년사에서 뉴 롯데를 선언한 신 회장, 올해 행보가 주목됩니다. 미국 사업에 분주한 윤부근 삼성전자 부회장입니다.윤 부회장은 \'2018년 경제계 신년 인사회\'에서 \'미국 세탁기 공장 건설이 앞당겨 질수 있느냐\'는 질문에 ""거의 다 돼 간다""고 답했습니다.윤 부회장은 기자들이 \'이달 중으로 가동될 수 있느냐\'고 재차 질문하자 웃는 얼굴로 고개를 끄덕였습니다.다만 잘나가던 한국 세탁기가 미국의 긴급 수입제한 조치 발동을 앞둔 시점에서 대비책이 있냐는 질문에는 ""진행 중인 사안이라 말하기 곤란하다""고 답했습니다윤 부회장은 또 ""중소협력업체 경쟁력을 높이기 위해 시스템을 만들고 이에 대한 지원을 확대해나갈 것""이라고 답해 올해 또 하나의 사업으로 상생을 꼽았습니다.  2018년 새해를 맞아 재계가 저마다 새로운 비전을 제시하며 변화와 쇄신을 약속하고 있습니다. 재계의 변화가 자신만의 생존을 위해서가 아니라 국가와 사회를 함께 생각해 내린 결정일 때 제도도 정책도 기업의 편에 설 수 있을 것입니다.  이번주 CEO풍향계는 여기까지입니다. 연합뉴스TV : 02-398-4441(기사문의·제보) 카톡/라인 jebo23  ▶ 연합뉴스TV 네이버 채널 구독\xa0\xa0 ▶ 생방송 시청 ▶ 대한민국 뉴스의 시작, 연합뉴스TV 앱 다운받기연합뉴스TV 관련뉴스해당 언론사에서 선정하며 언론사 페이지(아웃링크)로 이동해 볼 수 있습니다.\xa0""중국 지도부 대피용 핵벙커 지하 2km 동굴 속에 있다""\xa0소년법 개정 방침에도…여중생 또 집단폭행에 성매매 강요\xa0여수서 \'멸종위기 토종돌고래\' 상괭이 죽은 채 발견\xa0한반도에 떨어지면 어쩌나…중국 우주정거장 3월 추락\xa0울릉도 앞바다서 북한 목선…백골 시신 4구 발견좋아요0훈훈해요0슬퍼요0화나요0후속기사 원해요0기사제공 :']"
13,삼성전자, 2018-01-0517:40,연합뉴스TV ,"""삼성, 인텔 제치고 세계 최대 반도체 제조업체""",https://finance.naver.com/news/news_read.nhn?article_id=0000296390&office_id=422&mode=search&query=삼성전자&page=1,"['       ""삼성, 인텔 제치고 세계 최대 반도체 제조업체""      기사입력2018-01-05 17:40기사원문좋아요훈훈해요좋아요 평가하기공감좋아요0훈훈해요0슬퍼요0화나요0후속기사 원해요0댓글 ""삼성, 인텔 제치고 세계 최대 반도체 제조업체""삼성전자가 24년 만에 처음으로 인텔을 제치고 세계 최대 반도체 제조업체 자리를 차지했습니다.IT시장 조사기관 가트너는 삼성전자가 인텔이 1992년 이래 독점해온 반도체 시장 점유율 1위 자리를 차지했다고 밝혔습니다.가트너에 따르면 지난해 삼성전자의 반도체 매출은 52.6% 성장한 612억 달러, 65조 1천400억원을 기록했으며, 세계 시장 점유율은 14.6%였습니다.반면, 인텔의 매출은 577억 달러에 머물렀으며 점유율은 13.8%로 삼성에 처음 뒤졌습니다.연합뉴스TV : 02-398-4441(기사문의·제보) 카톡/라인 jebo23  ▶ 연합뉴스TV 네이버 채널 구독\xa0\xa0 ▶ 생방송 시청 ▶ 대한민국 뉴스의 시작, 연합뉴스TV 앱 다운받기연합뉴스TV 관련뉴스해당 언론사에서 선정하며 언론사 페이지(아웃링크)로 이동해 볼 수 있습니다.\xa0고준희양 \'폭행 쇼크사\' 가능성…국과수 중간 부검 소견\xa0\'피아노계의 아이돌\' 조성진…올해 일정도 꽉찼다\xa0\'호텔 먹튀\' 논란 JYJ 김준수 건설사에 38억원 배상 판결\xa0""30년새 10배 급등""…강남 집값 잡을 묘책은?\xa05년째 초등학교 예비소집 안 온 여아 \'행방묘연\'좋아요0훈훈해요0슬퍼요0화나요0후속기사 원해요0기사제공 :']"
14,삼성전자, 2018-01-0517:40,한국경제 ,양도세 회피 매물 쏟아낸 '큰손' 돌아오나,https://finance.naver.com/news/news_read.nhn?article_id=0003875060&office_id=015&mode=search&query=삼성전자&page=1,"[""       양도세 회피 매물 쏟아낸 '큰손' 돌아오나      기사입력2018-01-05 17:40기사원문좋아요훈훈해요좋아요 평가하기공감좋아요0훈훈해요0슬퍼요0화나요0후속기사 원해요0댓글셀트리온·CJ E&M·원익QnC 등 개인이 많이 판 종목 반등 주목[ 홍윤정 기자  ] 양도소득세 납부를 피하기 위해 작년 말 주식을 대거 내다팔았던 개인 ‘큰손’들이 돌아올 조짐을 보이고 있다. 작년 말 개인들이 많이 판 종목들의 수급이 개선되면서 본격 반등할 것이란 전망이 나오고 있다.5일 한국거래소에 따르면 올 들어 이날까지 개인은 코스닥시장에서 6652억원어치를 순매수했다. 개인은 지난달 유가증권시장과 코스닥시장에서 총 5조1314억원어치를 순매도하며 월간 기준으론 2012년 1월(5조3615억원) 이후 사상 두 번째로 많이 주식을 내다팔았다.양도소득세 납부 요건이 강화됨에 따라 큰손들이 대주주 여부가 확정되는 지난달 26일 이전에 주식을 대거 팔아치웠다는 게 증권업계의 분석이다. 하지만 배당락일(27일)부터 ‘사자’로 돌아섰다.작년 말 개인들이 많이 판 종목들이 반등할 가능성이 높다는 분석이 나온다. 지난달 코스닥시장에서 개인이 가장 많이 매도한 종목은 셀트리온이다. 4708억원어치를 팔았다.CJ E&M(개인 순매도 규모 1057억원) 원익QnC(1014억원) 포스코켐텍(766억원) 등도 개인이 많이 판 종목 상위권에 올랐다. 유가증권시장에서는 LG전자(3427억원) 한국타이어(3253억원) 삼성전자(3220억원) 넷마블게임즈(2931억원) 등을 매도했다. 김영환 KB증권 연구원은 “작년 연말에 개인의 매도 물량은 이례적으로 많았다”며 “12월에 개인들이 갑작스럽게 많이 판 종목에 주목해야 한다”고 말했다.홍윤정 기자 yjhong@hankyung.com[한경닷컴 바로가기] [글방] [모바일한경 구독신청] ⓒ 한국경제 & hankyung.com, 무단전재 및 재배포 금지한국경제 관련뉴스해당 언론사에서 선정하며 언론사 페이지(아웃링크)로 이동해 볼 수 있습니다.대출 규제, 입주 폭탄 '악재' 보유세 인상 '변수'임대등록 안 하면 양도세 중과?…강남은 웃는다최고가 16억이던 대치동 은마아파트, 지금은…9급 1호봉 공무원 월급 어느 정도였길래? '반전'만화가 허영만, '주식 투자' 5개월 만에 번 돈이…좋아요0훈훈해요0슬퍼요0화나요0후속기사 원해요0기사제공 :""]"
15,삼성전자, 2018-01-0517:35,파이낸셜뉴스 ,증시 ‘외국인의 귀환’…새해 첫주 1조6000억 사들였다,https://finance.naver.com/news/news_read.nhn?article_id=0003937855&office_id=014&mode=search&query=삼성전자&page=1,"['       증시 ‘외국인의 귀환’…새해 첫주 1조6000억 사들였다      기사입력2018-01-05 17:35기사원문좋아요훈훈해요좋아요 평가하기공감좋아요0훈훈해요0슬퍼요0화나요0후속기사 원해요0댓글지수상승 이끈 외국인, 지난달 매도폭탄과는 반대..5일에만 4300억 순매수국내 증시 저평가 판단에 원화강세도 자금 끌어들여기대감 커지는 1월 효과, 역대 1월은 외국인이 좌우..기관 강한 순매도세는 복병4분기 기업실적도 변수로 반도체 등 수출주에 주목                                   국내 증시에 외국인이 다시 돌아오며 지수 상승을 이끌고 있다. 지난달 \'매도폭탄\'으로 지수를 내려앉혔던 것과는 반대되는 행보다. 전문가들은 미국 지수 강세, 상대적 약달러, 새해 포트폴리오 구성 등이 연초 외국인 매수를 이끄는 요인이라고 설명했다. 선진국 증시 순항과 외국인 수급이 \'1월 효과\'에 걸맞은 상승세를 이끌 것이란 전망도 나온다. 다만 상장기업들의 4.4분기 실적발표는 변수다.5일 한국거래소에 따르면 외국인 투자자는 이날 코스피에서 2455억원어치 주식을 순매수하며 새해 들어 4거래일 연속 매수우위 행진을 이어갔다. 이날 외국인은 코스닥에서도 1857억원 순매수를 기록했다.■외국인, 거침없는 매수 행진이 기간 외국인 코스피 순매수액은 1조2439억원에 달한다. 같은 기간 코스닥에서는 3282억원 매수우위를 보였다. 지난달 코스피에서 1조7500억원어치 순매도한 것과는 대조되는 움직임이다.외국인 매수 행렬이 이어지는 것에 대해 전문가들은 △북클로징(회계 결산) 시즌 종료에 따른 매수세 전환 △달러 약세로 인한 외국인의 신흥국 증시 유입 △나스닥을 중심으로 한 미국증시 강세 영향 등을 들었다.오현석 삼성증권 투자전략센터장은 ""새해 들어서는 포트폴리오를 다시 구성하는 외국인이 자금 집행을 하며 매수가 매도를 웃도는 것이 일반적""이라며 ""국내 증시가 계속 저평가돼 있는 점이 외국인의 추가 비중을 늘리는 데 기여했을 것""이라고 설명했다.달러의 상대적인 약세와 원화 강세가 이어지며 외국인 자금유입을 부추기고 있는 것으로 보는 시각도 있다.양기인 신한금융투자 리서치센터장은 ""연말.연초에 상대적인 달러 약세가 재개되며 연초부터 외국인 자금이 들어오고 있다""며 ""연말 달러가 상대적 강세로 전환돼 시장이 정체됐으나 다시 환차익 메리트가 생긴 것""이라고 설명했다.이 기간 외국인의 매수 상위종목에는 삼성전자, SK하이닉스, 현대로보틱스, 포스코 등 대형주가 올랐다. 연말 종가 대비 현대로보틱스와 포스코 주가는 각각 16.27%, 10.86% 상승했다. 삼성전자와 SK하이닉스 주가도 같은 기간 3% 안팎으로 상승했다.스탠더드앤드푸어스(S&P) 500, 기술주 중심의 나스닥이 연일 사상 최고치를 돌파하며 외국인의 투자심리에 영향을 줬다는 분석이다.이종우 IBK 투자전략센터장은 ""외국인이 민감하게 반응하는 것이 미국 시장 움직임""이라며 ""특히 반도체를 중심으로 나스닥이 상승하자 주가가 내려갔던 삼성전자에 (자금이) 들어오고 있다""고 설명했다.■외인 매수 \'1월 효과\' 긍정적외국인 매수세가 강해지는 점은 \'1월 효과\'를 기대케 하는 요인이다. 외국인 수급에 따라 매년 1월 국내 지수는 출렁여왔기 때문이다.외국인이 코스피시장에서 6조2520억원 매수 우위를 보인 2012년 1월에는 지수가 무려 6.65% 상승했다. 1조6369억원 순매수한 지난해에도 지수는 1.99% 올랐다. 반대로 1조6450억원 순매도한 2014년 1월에는 지수가 3.62%, 1조8859억원 매도 우위였던 2013년 1월에는 1.76% 각각 하락했다.다만 새해 들어 기관의 순매도세는 강하게 나타나고 있어 지수 상승을 위해서는 외국인과 기관의 \'쌍끌이\' 매수세가 필요하다는 지적이다. 양 센터장은 ""지수 상승을 위해서는 약달러 지속, 지정학적 요인 등 리스크 감소, 수급이 필요하다""며 ""약달러는 일시적이었다가 2~3월에 재개될 것으로 보이기 때문에 중요한 것은 외국인과 기관의 수급""이라고 설명했다.다만 4.4분기 국내 기업의 실적발표는 지수 변동에 영향을 줄 요인이 될 것이란 전망이다. 반도체 업황에 대한 우려 등 기업 실적에 불확실성이 있기 때문이다. 오 센터장은 ""4.4분기 들어 원화가 강해지며 수출주의 원화기준 실적도 변수가 될 것""이라고 내다봤다.bhoon@fnnews.com 이병훈 기자     ▶ 세상의 모든 골 때리는 이야기 \'fn파스\'▶ 속보이는 연예뉴스 fn스타  ※ 저작권자 ⓒ  파이낸셜뉴스. 무단 전재-재배포 금지파이낸셜뉴스 관련뉴스해당 언론사에서 선정하며 언론사 페이지(아웃링크)로 이동해 볼 수 있습니다.먹다보니, 지방간.. 당뇨 등 만성질환자 더 위험가상화폐 \'리플\' 창시자, 63조원 \'대박\'외출시 보일러 전원 껐다간 \'낭패\'2018년 4대기업 운세는? 재미로 보는 \'기업 토정비결\'김종석 ""\'ㅁㅊㅅㄲ\', 아무 의미 없는 문자열""좋아요0훈훈해요0슬퍼요0화나요0후속기사 원해요0기사제공 :']"
16,삼성전자, 2018-01-0517:31,파이낸셜뉴스 ,셀피 특화 '갤럭시 A8' 출시,https://finance.naver.com/news/news_read.nhn?article_id=0003937841&office_id=014&mode=search&query=삼성전자&page=1,"['       셀피 특화 \'갤럭시 A8\' 출시      기사입력2018-01-05 17:31기사원문좋아요훈훈해요좋아요 평가하기공감좋아요0훈훈해요0슬퍼요0화나요0후속기사 원해요0댓글출고가 59만9500원                삼성전자는 2030세대를 공략할 2018년형 갤럭시A8을 5일 국내에 출시했다. 모델들이 갤럭시A8으로 셀피를 찍고 있다.        삼성전자는 2018년형 갤럭시A8을 국내 이동통신 3사를 통해 출시했다고 5일 밝혔다.2030세대를 겨냥한 2018년형 갤럭시A8은 차별화된 카메라 기능과 혁신적인 디자인 등 플래그십 스마트폰의 특장점을 한층 더 젊고 감각적으로 계승했다.앞면에 각각 1600만 화소, 800만 화소의 듀얼 카메라를 탑재하고 조리개 값 F1.9 렌즈를 적용해 초고화질의 셀피 촬영이 가능하다. 촬영 시는 물론, 촬영 후에도 원하는 만큼 배경을 흐리게 처리할 수 있는 \'라이브 포커스\' 기능을 지원해 입체감 있는 셀피를 촬영할 수 있다. 뒷면 카메라는 1600만 화소에 조리개값 F1.7의 렌즈를 탑재해 낮과 밤 모두 보다 선명하고 깨끗한 사진 촬영이 가능하다. 또 동영상 흔들림을 보정해 안정적이고 선명한 촬영이 가능하다.디스플레이는 18.5대 9의 인피니티 디스플레이를 적용했다. 대화면으로 다양한 크기의 영상 콘텐츠를 더욱 시원하게 즐길 수 있다. 모바일 간편 결제 서비스 \'삼성페이\'를 지원하며, 지능형 인터페이스 \'빅스비\' 중 \'빅스비홈\' \'빅스비 리마인더\' \'빅스비 비전\'이 가능하다. IP68 등급의 방수.방진 기능과 함께 갤럭시A 시리즈 최초로 기어VR과도 호환된다.32GB 내장 메모리에 블랙, 골드, 블루 세 가지로 색상으로 출시되며 출고가는 59만9500원이다.삼성전자는 2018년형 갤럭시A8 출시를 기념해 구매 고객을 대상으로 오는 2월 28일까지 \'5000원의 행복\' 이벤트를 진행한다. 갤럭시A8 개통 후, 삼성 멤버스 또는 삼성페이 애플리케이션(앱)에서 이벤트에 참여한 고객에게 블루투스 스피커 JBL Go(4만4000원 상당), 정품 네온 플립 커버(3만3000원 상당), Kick-Tok+Ring Tok 커버 세트(3만9000원 상당)를 5000원에 구입할 수 있는 할인 쿠폰을 증정한다.ronia@fnnews.com 이설영 기자     ▶ 세상의 모든 골 때리는 이야기 \'fn파스\'▶ 속보이는 연예뉴스 fn스타  ※ 저작권자 ⓒ  파이낸셜뉴스. 무단 전재-재배포 금지파이낸셜뉴스 관련뉴스해당 언론사에서 선정하며 언론사 페이지(아웃링크)로 이동해 볼 수 있습니다.먹다보니, 지방간.. 당뇨 등 만성질환자 더 위험가상화폐 \'리플\' 창시자, 63조원 \'대박\'외출시 보일러 전원 껐다간 \'낭패\'2018년 4대기업 운세는? 재미로 보는 \'기업 토정비결\'김종석 ""\'ㅁㅊㅅㄲ\', 아무 의미 없는 문자열""좋아요0훈훈해요0슬퍼요0화나요0후속기사 원해요0기사제공 :']"
17,삼성전자, 2018-01-0517:25,서울경제 ,삼성 '반도체 세계톱' 꿰찼다,https://finance.naver.com/news/news_read.nhn?article_id=0003190665&office_id=011&mode=search&query=삼성전자&page=1,"['       삼성 \'반도체 세계톱\' 꿰찼다      기사입력2018-01-05 17:25기사원문좋아요훈훈해요좋아요 평가하기공감좋아요0훈훈해요0슬퍼요0화나요0후속기사 원해요0댓글 25년 만에 인텔 제치고 점유율 1위지난해 삼성전자의 반도체 시장 점유율이 14.6%를 기록해 세계 1위에 올랐다. /서울경제DB[서울경제] 삼성전자가 25년 만에 미국 인텔을 제치고 세계 최대 반도체 제조사 자리를 차지했다.시장조사기관 가트너는 지난해 반도체 시장 예비조사 결과 삼성의 세계 반도체 시장 점유율이 14.6%로 13.8%를 기록한 인텔을 앞섰다고 4일(현지시간) 발표했다. 가트너 조사에서 지난 2016년 양사의 시장 점유율은 각각 11.7%와 14.8%였다. 인텔이 세계 최대 반도체 메이커 자리에서 내려온 것은 1992년 이래 처음이다. SK하이닉스의 점유율은 6.3%로 3위를 차지해 지난해보다 한 계단 올랐다. 반도체 수요가 PC에서 스마트폰으로 빠르게 전환된 것이 승패를 가른 것으로 분석된다. 가트너는 지난해 세계 반도체 시장 규모가 4,197억달러(약 446조원)로 전년 대비 22% 성장한 데는 스마트폰용 반도체인 낸드플래시와 D램의 공급부족이 핵심적 역할을 했다고 설명했다. 지난해 낸드플래시와 D램 가격이 전년 대비 각각 17%, 44%씩 증가하면서 이들 분야에 강점을 가진 삼성전자의 매출은 전년 대비 52.6% 성장한 반면 PC용 반도체에 집중하는 인텔의 매출은 6.7% 늘어나는 데 그쳤다.다만 가트너는 중국의 반도체 생산 확대 및 브로드컴의 퀄컴 인수합병(M&A) 시도 등으로 언제든 시장이 재편될 수 있다고 지적했다./변재현기자 humbleness@sedaily.com[서울경제 바로가기]이제 주식시세도 서울경제에서 확인하세요 [바로가기▶]서울경제의 모든 연재물!... 서경Cube [바로가기▶]저작권자 ⓒ 서울경제, 무단 전재 및 재배포 금지서울경제 관련뉴스해당 언론사에서 선정하며 언론사 페이지(아웃링크)로 이동해 볼 수 있습니다.""삼성, 인텔 제치고 세계최대 반도체 메이커 차지""[사설]반도체발 위기 대처 위한 규제개혁 급하다""냉정히 생각해봤는데···"" 제명 당한 류여해 \'대반격\'\'주 35시간 근무 돌입\' 신세계, 흡연실 몽땅 없앤 사연\'라디오스타\' 정주리 남편 비포 앤 애프터 공개...""사기 결혼""좋아요0훈훈해요0슬퍼요0화나요0후속기사 원해요0기사제공 :']"
18,삼성전자, 2018-01-0517:19,파이낸셜뉴스 ,"""IoT로 만든 하나된 세상 CES 2018서 공개할 것""",https://finance.naver.com/news/news_read.nhn?article_id=0003937818&office_id=014&mode=search&query=삼성전자&page=1,"['       ""IoT로 만든 하나된 세상 CES 2018서 공개할 것""      기사입력2018-01-05 17:19기사원문좋아요훈훈해요좋아요 평가하기공감좋아요0훈훈해요0슬퍼요0화나요0후속기사 원해요0댓글김현석 삼성전자 CE 부문장, 직관적·간편한 IoT 자신감                     김현석 삼성전자 소비자가전(CE) 부문장(사장.사진)이 오는 9일 미국 라스베이거스에서 개막하는 세계 최대 가전박람회 \'소비자가전쇼(CES) 2018\'에서 차세대 사물인터넷(IoT) 솔루션을 공개하겠다고 예고했다. 삼성이 CES에서 선보일 IoT 솔루션은 지금보다 소비자들의 일상생활에 성큼 다가갈 수 있는 진화된 기술로 예상되고 있다.5일 김 사장은 삼성전자의 온라인 소통창구인 뉴스룸에 \'정보기술(IT)로 연결된 하나의 세상이라는 약속을 지키기 위해\'라는 제목의 글을 올렸다. 그는 ""삼성전자가 직관적이고 간편한 IoT 구현을 위해 찾은 해결책을 이번 CES에서 공유하고자 한다""며 ""앞으로 펼쳐질 세상은 지금까지와는 전혀 다른 모습일 것""이라고 전했다.김 사장은 직관적이고 간편적인 IoT 환경을 구현하겠다고 자신했다. 그는 ""(CES에서 선보일) 삼성전자의 신기술은 소비자들에게 개인화된 지능형 인터페이스를 제공한다""며 ""이를 통해 사람들은 마치 전등의 스위치를 켜고 끄는 것처럼 간편하게 \'사물인터넷으로 연결된 세상\'의 효과를 누릴 수 있다""고 설명했다.다만, 그는 삼성전자 혼자만으로는 \'IT로 연결된 하나의 세상\'을 구현하기 어렵다는 점을 인정했다. 그러면서 ""삼성전자는 이를 극복하기 위해 IoT 표준화 기구인 OCF의 일원으로서 업계의 다양한 파트너들과 협업하고 있다""고 밝혔다.아울러, 김 사장은 ""지금까지 IT 업계가 전한 \'연결된 세상의 구현\'이라는 약속은 일관성이 없고 제각각이었다""며 ""(앞으로는) 보다 개선된 기술로 진화한 IoT를 통해 우리의 삶은 더욱 편리해질 것""이라고 기대했다.ktop@fnnews.com 권승현 기자     ▶ 세상의 모든 골 때리는 이야기 \'fn파스\'▶ 속보이는 연예뉴스 fn스타  ※ 저작권자 ⓒ  파이낸셜뉴스. 무단 전재-재배포 금지파이낸셜뉴스 관련뉴스해당 언론사에서 선정하며 언론사 페이지(아웃링크)로 이동해 볼 수 있습니다.먹다보니, 지방간.. 당뇨 등 만성질환자 더 위험가상화폐 \'리플\' 창시자, 63조원 \'대박\'외출시 보일러 전원 껐다간 \'낭패\'2018년 4대기업 운세는? 재미로 보는 \'기업 토정비결\'김종석 ""\'ㅁㅊㅅㄲ\', 아무 의미 없는 문자열""좋아요0훈훈해요0슬퍼요0화나요0후속기사 원해요0기사제공 :']"
19,삼성전자, 2018-01-0517:19,파이낸셜뉴스 ,"""내년 낸드플래시 과잉 공급 발생""",https://finance.naver.com/news/news_read.nhn?article_id=0003937817&office_id=014&mode=search&query=삼성전자&page=1,"['       ""내년 낸드플래시 과잉 공급 발생""      기사입력2018-01-05 17:19기사원문좋아요훈훈해요좋아요 평가하기공감좋아요0훈훈해요0슬퍼요0화나요0후속기사 원해요0댓글삼성전자.도시바 등 제조사일제히 생산능력 확대하자업계, 내년 가격 하락 우려     내년 낸드플래시 반도체 시장이 공급과잉을 겪을 것이라는 전망이 나오면서 가격 하락에 대한 업계의 우려가 나오고 있다.5일 반도체 업계와 시장조사업체 D램익스체인지에 따르면 최근 삼성전자, 도시바, 인텔을 비롯한 낸드플래시 제조업체들이 일제히 생산능력을 확대하고 있다. 이 때문에 D램익스체인지는 2019년 낸드플래시 시장이 공급과잉이 발생할 것으로 전망했다.공급과잉 우려는 일본 도시바와 미국 웨스턴디지털 사이의 법적분쟁이 마무리되면서 고조됐다. 지난 해 도시바 메모리사업의 매각과정에서 법적 분쟁을 벌였던 도시바와 웨스턴 디지털은 지난달 13일 현재의 합작체제를 2029년까지 연장하는데 합의했다. 이로써 웨스턴디지털은 도시바와 함께 공동운영중인 일본 욧카이치 공장(팹6) 증설 투자를 통해 96단 이상의 3차원(3D) 낸드플래시 경쟁력을 강화할 예정이다.도시바는 욧카이치 공장 외에도 이와테현 기타카미에 새로운 낸드 플래시 공장(팹7) 건설을 추진 중이다. 업계에서는 기타카미 공장이 내년 하반기부터 양산을 시작할 것으로 내다보고 있다. D램익스체인지는 기타카미 공장에서 96단 이상의 3D 낸드플래시를 주력 제품으로 양산할 것으로 분석했다.중국의 양쯔메모리테크놀로지컴퍼니(YMTC)도 올 하반기부터 낸드플래시 생산능력을 늘릴 계획이다. D램익스체인지는 ""올해 하반기부터 우한 둥후 첨단기술개발구에 들어설 YMTC의 새 공장이 가동에 들어간다""며 ""32단 낸드플래시를 시작으로 64단 낸드플래시 개발에 집중해 경쟁사와의 격차를 좁혀 나갈 것""이라고 설명했다.인텔도 폭증하는 서버용 솔리드 스테이트 드라이브(SSD) 수요에 발맞춰 올해 말까지 중국 다롄 공장의 3D 낸드플래시 생산능력을 2배로 증설할 계획이 있다.세계 낸드 시장을 주도하는 국내 기업들도 올해 증설에 나선다. 세계 1위인 삼성전자는 중국 시안의 낸드플래시 공장을 확장할 계획이며, SK하이닉스는 청주 M15 공장에 투자를 집중하고 있다. D램익스체인지 측은 ""SK하이닉스의 M15 공장에서 2019년부터 96단 이상의 낸드플래시가 생산될 것""이라고 예상했다. 업계 관계자는 ""글로벌 주요 업체들의 증설경쟁이 본격화되면서 메모리반도체의 한 축인 낸드 플래시 시장이 내년 공급과잉 현상이 벌어질 수 있다""며 ""상황에 따라 업체들이 가격 인하 압박을 받을 가능성도 있다""고 밝혔다.ktop@fnnews.com 권승현 기자     ▶ 세상의 모든 골 때리는 이야기 \'fn파스\'▶ 속보이는 연예뉴스 fn스타  ※ 저작권자 ⓒ  파이낸셜뉴스. 무단 전재-재배포 금지파이낸셜뉴스 관련뉴스해당 언론사에서 선정하며 언론사 페이지(아웃링크)로 이동해 볼 수 있습니다.먹다보니, 지방간.. 당뇨 등 만성질환자 더 위험가상화폐 \'리플\' 창시자, 63조원 \'대박\'외출시 보일러 전원 껐다간 \'낭패\'2018년 4대기업 운세는? 재미로 보는 \'기업 토정비결\'김종석 ""\'ㅁㅊㅅㄲ\', 아무 의미 없는 문자열""좋아요0훈훈해요0슬퍼요0화나요0후속기사 원해요0기사제공 :']"
0,삼성전자, 2018-01-0517:16,파이낸셜뉴스 ,기술력 갖춘 中企 '2018 CES' 출사표,https://finance.naver.com/news/news_read.nhn?article_id=0003937807&office_id=014&mode=search&query=삼성전자&page=2,"['       기술력 갖춘 中企 \'2018 CES\' 출사표      기사입력2018-01-05 17:16기사원문좋아요훈훈해요좋아요 평가하기공감좋아요0훈훈해요0슬퍼요0화나요0후속기사 원해요0댓글CES 단골손님 코웨이는 의류 관리기·공기청정기 전시바디프렌드 작년 이어 두번째.. 골프존·코맥스 등도 참여                환경가전서비스기업 코웨이가 지난 2016년 미국 라스베이거스에서 열린 세계 최대 가전전시회 \'CES 2016\'에 참가해 선보인 사물인터넷(IoT) 기반의 고객 서비스인 아이오케어(IoCare) 솔루션의 모습.        오는 9일부터 12일까지 미국 라스베이거스에서 열리는 국제전자제품박람회 \'CES 2018\'에는 기술력을 앞세운 국내 중소기업들도 속속 참가한다. 중견 생활가전 업체 중 CES \'단골손님\'인 코웨이와 바디프랜드는 이미 참석을 확정짓고 CES 전시장 내 생활가전 전시층인 \'tech west(샌즈 엑스포)\'에 부스를 차렸다.또 골프존, 코맥스 등 중소.중견기업들도 CES에 참여한다.5일 올해로 CES에 세 번째로 참가하는 코웨이는 지난해 11월 \'2018 CES 혁신상\'을 수상한 코웨이 의류 관리기를 포함해 정수기, 공기청정기 등 생활가전 제품들을 이번 박람회에서 선보일 예정이라고 밝혔다.지난해 CES에서 아마존 알렉사와 연동한 공기청정기를 선보였던 코웨이는 이번 CES에서는 의류 관리기 \'FWSS\'와 \'액티브 액션 공기청정기\' 등을 전시한다.필터 소진 시점에 아마존에 직접 필터 주문을 넣어주는 자동배송시스템(DRS)를 접목한 공기청정기와 애플의 음성 명령 제어 시스템을 탑재한 공기청정기도 함께 선보일 계획이다.특히 액티브 액션 공기청정기는 상하좌우 회전 기술을 적용해 더 강력해진 공기청정기능을 확보했으며, 빅데이터 분석을 통한 사용자 생활 패턴에 기반한 인공지능 케어를 제공한다.미국 시장 진출에 앞서 지난해 처음 CES를 찾았던 바디프랜드는 올해 미국 진출 기업으로서 CES에 부스를 꾸렸다.현재 LA에 두 곳, 중국 상하이에 4곳의 전시장을 연 바디프랜드는 국내에 출시됐거나 출시를 앞둔 제품군을 선보일 예정이다. LA 파견 직원과 본사 직원 15명 가량이 전시장에 상주하면서 한국어.영어.중국어로 설명을 도울 예정이다.토털 골프 문화 기업 골프존은 올해 최초로 CES에 부스를 꾸렸다.스크린 골프 프로그램인 골프존 비전 등 기존 간판 제품 외에도 소프트웨어를 시간별로 운영하는 골프존 아케이드 프로그램으로 남녀노소를 모두 잡겠다는 계획이다.또 자회사 뉴딘컨텐츠 제품인 야구 시뮬레이터 \'스트라이크존\'에 대한 상담 부스도 함께 운영된다. 골프장에서 활용할 수 있는 거리 측정 용품인 \'골프위드\'가 탑재된 삼성전자 기어 S3 골프에디션도 함께 전시될 예정이다.골프존 글로벌사업본부 채휴진 팀장은 ""CES에서는 주로 미래의 트렌드를 보여 주는 전자기기들이 주로 출품 되는데, 골프 시뮬레이터가 올해 처음 출품되면서 참가하게 됐다""고 말했다.psy@fnnews.com 박소연 기자     ▶ 세상의 모든 골 때리는 이야기 \'fn파스\'▶ 속보이는 연예뉴스 fn스타  ※ 저작권자 ⓒ  파이낸셜뉴스. 무단 전재-재배포 금지파이낸셜뉴스 관련뉴스해당 언론사에서 선정하며 언론사 페이지(아웃링크)로 이동해 볼 수 있습니다.먹다보니, 지방간.. 당뇨 등 만성질환자 더 위험가상화폐 \'리플\' 창시자, 63조원 \'대박\'외출시 보일러 전원 껐다간 \'낭패\'2018년 4대기업 운세는? 재미로 보는 \'기업 토정비결\'김종석 ""\'ㅁㅊㅅㄲ\', 아무 의미 없는 문자열""좋아요0훈훈해요0슬퍼요0화나요0후속기사 원해요0기사제공 :']"
1,삼성전자, 2018-01-0517:12,파이낸셜뉴스 ,엔지니어 출신 건설사 CEO시대 저무나,https://finance.naver.com/news/news_read.nhn?article_id=0003937796&office_id=014&mode=search&query=삼성전자&page=2,"['       엔지니어 출신 건설사 CEO시대 저무나      기사입력2018-01-05 17:12기사원문좋아요훈훈해요좋아요 평가하기공감좋아요0훈훈해요0슬퍼요0화나요0후속기사 원해요0댓글정수현 현대건설 대표 사임.. 후임인사에 박동욱 부사장업계, 재무통 인재 등용 바람.. 경기 불확실성 고조된 탓리스크 관리 능력 중요해져     대표적인 전통산업으로 꼽히는 국내 건설업계에서 엔지니어 출신 사장 시대가 저물고 있다.국내 건설업계의 맏형격인 현대건설에서 최고경영자(CEO)를 맡고 있던 정수현 사장이 4일 대표이사직을 물러났기 때문이다. 정 전 사장은 현대건설 엔지니어 출신으로 건축사업본부장을 비롯해 각종 현장을 모두 섭렵한 업계에서 몇 안되는 전문가였다. 후임은 현대자동차에서 현대건설로 자리를 옮긴 박동욱 부사장으로 대표적인 재무통이다. 이에따라 국내 대형 건설사 대부분이 최고재무책임자(CFO) 출신 인사들이 채워지게 됐다.5일 업계에 따르면 그동안 건설업계에서는 토목, 건축, 해외플랜트 등 현장을 경험하지 않고서는 사장에 오를 수 없다는게 일반적인 관례였다. 그러나 2013년 삼성물산, GS건설, 포스코건설 등에서 시작된 \'재무통 CEO 전성시대\' 바람은 이제 현대건설까지 집어삼켰다.이같은 재무통 전성시대는 2013년 삼성물산은 최치훈 사장이 선임되면서 시작됐다. 최 사장은 조지워싱턴대 MBA를 수료한 후 제너럴일렉트릭(GE)과 삼성전자, 삼성SDI 등을 거치며 재무부문에서 강점을 보여왔다.또 일시적으로 위기를 겪었던 GS건설도 2013년 임병용 경영지원 총괄사장을 새로운 CEO로 선임하면서 빠르게 안정을 찾았다.대우건설 송문선 사장과 직전 사장이던 박영식 전 사장도 사내 대표적인 재무통이었다.포스코건설 황태현 전 사장과 현대산업개발 김재식 전 사장도 재무담당 파트를 주로 맡아 온 재무통이었다. SK건설 조기행 부회장도 경영학을 전공한 마케팅, 구조조정 분야 전문가로 엔지니어 출신은 아니다.이제 주요 건설사 중 엔지니어 출신 CEO는 한찬건 포스코건설 사장과 성상록 현대엔지니어링 사장, 최광호 한화건설 사장 등만 남게 됐다.이에대해 업계 관계자는 ""재무출신을 중용하는 것은 아무래도 경기 불확실성이 커질수록 재무에 정통하고 리스크 관리 능력이 중요하기 때문""이라며 ""전통산업인 건설업계도 예전과 달리 변수가 워낙 많이 생기고 시장상황이 급변하기 때문에 이같은 현상이 늘고 있다""고 설명했다.kwkim@fnnews.com 김관웅 부동산전문기자     ▶ 세상의 모든 골 때리는 이야기 \'fn파스\'▶ 속보이는 연예뉴스 fn스타  ※ 저작권자 ⓒ  파이낸셜뉴스. 무단 전재-재배포 금지파이낸셜뉴스 관련뉴스해당 언론사에서 선정하며 언론사 페이지(아웃링크)로 이동해 볼 수 있습니다.먹다보니, 지방간.. 당뇨 등 만성질환자 더 위험가상화폐 \'리플\' 창시자, 63조원 \'대박\'외출시 보일러 전원 껐다간 \'낭패\'2018년 4대기업 운세는? 재미로 보는 \'기업 토정비결\'김종석 ""\'ㅁㅊㅅㄲ\', 아무 의미 없는 문자열""좋아요0훈훈해요0슬퍼요0화나요0후속기사 원해요0기사제공 :']"
2,삼성전자, 2018-01-0517:10,서울경제 ,삼성전자 경영진 자사주 잇단 매입...'책임경영' 의지,https://finance.naver.com/news/news_read.nhn?article_id=0003190626&office_id=011&mode=search&query=삼성전자&page=2,"['       삼성전자 경영진 자사주 잇단 매입...\'책임경영\' 의지      기사입력2018-01-05 17:10기사원문좋아요훈훈해요좋아요 평가하기공감좋아요0훈훈해요0슬퍼요0화나요0후속기사 원해요0댓글 6,854주 170억 규모[서울경제] 삼성전자(005930)의 신임 경영진이 최근 잇따라 자사주를 매입하고 있다. 지난해 최고의 한 해를 보낸 뒤 이완될 수 있는 조직 분위기를 다잡고 책임경영을 강화하려는 경영진 의지가 반영된 것으로 보인다.5일 삼성전자에 따르면 CE(소비자가전) 부문장 김현석 사장과 IM(IT·모바일) 부문장 고동진 사장, 최고재무책임자(CFO)인 노희찬 경영지원실장(사장)은 이날 각각 삼성전자 주식을 1,095주, 1,000주, 200주 매입했다. 앞서 지난해 말 DS(디바이스·솔루션) 부문장인 김기남 사장도 자사주 3,500주를 매입했다. 지난해 승진한 3명의 신임 부문장이 일제히 자사주를 사들인 것이다. 이뿐만 아니다. 지난해 11월 인사에서 사장에 오르며 사업부장을 맡은 DS 부문 파운드리사업부장 정은승 사장, 메모리사업부장 진교영 사장, CE 부문 영상디스플레이사업부장 한종희 사장도 12월 말부터 최근 사이 각각 삼성전자 주식 509주, 450주, 100주를 샀다. 이들이 매입한 자사주는 총 6,854주로 금액으로는 170억원 수준이다. 재계는 경영진의 자사주 매입을 긍정적으로 해석하고 있다. 재계의 한 관계자는 “신임 부문장과 사업부장, CFO가 동시에 이렇게 큰 규모의 자사주를 매입하는 것 자체가 이례적”이라며 “특히 메모리 시황과 관련한 우려가 나오는 가운데 일종의 자신감을 내비친 게 아니겠느냐”고 말했다. /이상훈기자 shlee@sedaily.com[서울경제 바로가기]이제 주식시세도 서울경제에서 확인하세요 [바로가기▶]서울경제의 모든 연재물!... 서경Cube [바로가기▶]저작권자 ⓒ 서울경제, 무단 전재 및 재배포 금지서울경제 관련뉴스해당 언론사에서 선정하며 언론사 페이지(아웃링크)로 이동해 볼 수 있습니다.추자도 전복어선 선장, 배 기우는 것 알면서도 작업했다\'입주폭탄\' 동탄·용인·평택, 분양가보다 싼 급매 속출최민환♥율희, 결혼·임신 예측한 \'성지글\' 화제···""팩트만 말함""\'슬기로운 감빵생활\' 스마트 해롱? 이규형, 박해수 지켰다[SE★이슈] 최민환♥율희, \'열애 인정→탈퇴→결혼\' 초스피드 연애사좋아요0훈훈해요0슬퍼요0화나요0후속기사 원해요0기사제공 :']"
3,삼성전자, 2018-01-0517:09,서울경제 ,"김현석의 자신감...""CES서 직관적 IoT 솔루션 공개""",https://finance.naver.com/news/news_read.nhn?article_id=0003190622&office_id=011&mode=search&query=삼성전자&page=2,"['       김현석의 자신감...""CES서 직관적 IoT 솔루션 공개""      기사입력2018-01-05 17:09기사원문좋아요훈훈해요좋아요 평가하기공감좋아요0훈훈해요0슬퍼요0화나요0후속기사 원해요0댓글 개인화된 지능형 인터페이스 구현[서울경제] 김현석(사진) 삼성전자(005930) 소비자가전(CE) 부문장(사장)이 오는 9일(현지시간) 세계 최대 가전전시회 ‘CES 2018’ 개막을 앞두고 “직관적이고 간편한 사물인터넷(IoT) 구현을 위해 찾은 해결책을 이번 CES에서 공유하겠다”고 밝혔다.김 사장은 5일 삼성전자 공식 대외 미디어 창구인 ‘삼성 뉴스룸’에 올린 글에서 “일관된 경험을 통해 모든 기기를 관리할 수 있는 통합 생태계를 형성함으로써 기기 간의 끊김 없는 연결이 가능해질 것”이라면서 이같이 예고했다. 김 사장은 “삼성전자의 신기술은 소비자들에게 개인화된 지능형 인터페이스를 제공한다”며 “이를 통해 마치 전등의 스위치를 켜고 끄는 것처럼 간편하게 사물인터넷으로 연결된 세상의 효과를 누릴 수 있다”고 자신감을 드러냈다.이어 “지금까지 정보기술(IT) 업계가 전한 ‘연결된 세상의 구현’이라는 약속은 일관성이 없고 제각각이었다”면서 “보다 개선된 기술로 진화한 사물인터넷을 통해 우리의 삶은 더욱 편리해질 것”이라고 내다봤다. 그러면서 “삼성전자 혼자 힘으로 ‘IT로 연결된 하나의 세상 구현’이라는 약속을 지키기 어렵다”면서 전 세계 다양한 파트너사들과의 협업을 더욱 강화하겠다는 뜻도 내비쳤다./한재영기자 jyhan@sedaily.com[서울경제 바로가기]이제 주식시세도 서울경제에서 확인하세요 [바로가기▶]서울경제의 모든 연재물!... 서경Cube [바로가기▶]저작권자 ⓒ 서울경제, 무단 전재 및 재배포 금지서울경제 관련뉴스해당 언론사에서 선정하며 언론사 페이지(아웃링크)로 이동해 볼 수 있습니다.추자도 전복어선 선장, 배 기우는 것 알면서도 작업했다\'입주폭탄\' 동탄·용인·평택, 분양가보다 싼 급매 속출최민환♥율희, 결혼·임신 예측한 \'성지글\' 화제···""팩트만 말함""\'슬기로운 감빵생활\' 스마트 해롱? 이규형, 박해수 지켰다[SE★이슈] 최민환♥율희, \'열애 인정→탈퇴→결혼\' 초스피드 연애사좋아요0훈훈해요0슬퍼요0화나요0후속기사 원해요0기사제공 :']"
4,삼성전자, 2018-01-0517:08,MBC ,"코스피, 외인·기관 '사자'에 상승… KB금융 신고가 경신",https://finance.naver.com/news/news_read.nhn?article_id=0000795569&office_id=214&mode=search&query=삼성전자&page=2,"[""       코스피, 외인·기관 '사자'에 상승… KB금융 신고가 경신      기사입력2018-01-05 17:08기사원문좋아요훈훈해요좋아요 평가하기공감좋아요0훈훈해요0슬퍼요0화나요0후속기사 원해요0댓글 [이브닝뉴스]오늘 코스피는 외국인과 기관의 동반매수에 힘입어 2,500선 가까이 올랐습니다.코스닥 지수도 시가총액 상위 종목들의 고른 오름세로 820선대에 안착했습니다.오늘 코스피는 어제보다 31.06포인트 상승한 2497.52포인트를, 코스닥 지수는 20.02포인트 오른 828.03포인트를 기록했습니다.미국 뉴욕 증시 호조 소식에 오르며 출발한 코스피는 외국인이 장중 순매수로 전환하며 상승폭을 확대했습니다.시가총액 상위 종목에서는 삼성전자가 글로벌 반도체 시장에서 1위를 했다는 소식에 상승했고 KB금융도 52조 신고가를 경신했습니다.오늘 원/달러 환율은 0.5원 오른 1062.7원에 마감했습니다.신유리/삼성증권 기자 [저작권자(c) MBC (www.imnews.com) 무단복제-재배포 금지]Copyright(c) Since 1996, MBC&iMBC All rights reserved.MBC 관련뉴스해당 언론사에서 선정하며 언론사 페이지(아웃링크)로 이동해 볼 수 있습니다.北, 남북 회담 제안 수락…9일 판문점 개최靑 '北 평창올림픽 참가가 최우선 의제'평창올림픽 기간 '한미 연합훈련 중단'최경환·이우현 구속 후 첫 소환조사위안부 피해자 할머니 별세…생존자 31명 남아좋아요0훈훈해요0슬퍼요0화나요0후속기사 원해요0기사제공 :""]"
5,삼성전자, 2018-01-0516:50,한국경제TV ,삼성전자 최고 경영진 잇따라 자사주 매입,https://finance.naver.com/news/news_read.nhn?article_id=0000590162&office_id=215&mode=search&query=삼성전자&page=2,"['       삼성전자 최고 경영진 잇따라 자사주 매입      기사입력2018-01-05 16:50기사원문좋아요훈훈해요좋아요 평가하기공감좋아요0훈훈해요0슬퍼요0화나요0후속기사 원해요0댓글[한국경제TV 정재홍 기자]삼성전자 신임 최고경영진이 잇따라 자사주 매입에 나섰습니다.5일 금융감독원 전자공시에 따르면 고동진 IM(IT·모바일) 부문장 사장과 김현석 CE(소비자가전) 부문장 사장, 노희찬 경영지원실장 사장이 각각 자사 주식을 매수했습니다.고동진 IM부문장 사장은 지난달 28일과 이달 2일 각각 보통주 500주씩 총 1,000주, 매입가격으로 24억2,650만원어치를 사들였습니다.김현석 CE부문장 사장도 이에 동참해 이달 2일 1주당 246만2,184원에 자사주 1,095주를 매입했습니다. 총 매입가격은 26억2,650만원입니다.노희창 경영지원실장 사장 역시 지난해말 자사주 200주를 1주당 247만9,000원에 총 4억9580만원 매입한 것으로 확인됐습니다.여기에 작년 인사에서 사장으로 승진해 사업부장을 맡은 정은성 DS부문 파운드리사업부장 사장, 진교영 메모리사업부장 사장, 한종희 CE부문 영상디스플레이사업부장 사장도 지난해 말부터 최근까지 각각 자사주 509주, 450주, 100주를 샀습니다.이미 김기남 삼성전자 DS부문장 사장이 지난해말 자사주 3,500주를 매입했다고 공시한 바 있어, 삼성전자 경영진 7명의 자사주 매수 총액은 170억원에 달합니다.정재홍기자 jhjeong@wowtv.co.krⓒ 한국경제TV, 무단 전재 및 재배포 금지한국경제TV 관련뉴스해당 언론사에서 선정하며 언론사 페이지(아웃링크)로 이동해 볼 수 있습니다.\'한끼줍쇼\' 김병만, 대인기피증 고백? ""\'정글의 법칙\' 후유증""인생술집 김이나, 아이유와 무슨 일?…""불편하다""황정음, 출산 후 물오른 미모 공개…""사진 속 남편 손인가요?""해피투게더3 거미, 송중기가 명품백 선물한 사연낸시랭 ""올해 한국 떠날 것, 다른 나라서 인생 2막""좋아요0훈훈해요0슬퍼요0화나요0후속기사 원해요0기사제공 :']"
6,삼성전자, 2018-01-0516:48,머니투데이 ,"코스피 2500·코스닥 830 '코앞'…세계 증시, 동반 활황",https://finance.naver.com/news/news_read.nhn?article_id=0003988987&office_id=008&mode=search&query=삼성전자&page=2,"['       코스피 2500·코스닥 830 \'코앞\'…세계 증시, 동반 활황       기사입력2018-01-05 16:48기사원문좋아요훈훈해요좋아요 평가하기공감좋아요0훈훈해요0슬퍼요0화나요0후속기사 원해요0댓글 [머니투데이 송선옥 기자] [외국인, 연초 이후 1.8조 순매수로 주가 상승 견인…美 다우존스지수 사상 첫 2만5000 돌파  ]국내외 증시가 새해를 맞아 거침없는 상승을 이어가고 있다. 코스피 시장은 5일 전일대비 31.06포인트(1.26%) 오른 2497.52로 마감했다. 코스닥은 20.02포인트(2.48%) 상승, 828.03으로 마감했다. 양 지수는 전년말 대비 각각 1.21%, 3.70% 올랐다.이날 주가 상승은 세계 증시 활황에 영향을 받은 것이다. 미국 다우존스 산업평균 지수가 4일(현지시간) 사상 처음 2만5000을 돌파하고 S&P(스탠다드앤푸어스)500지수, 나스닥종합지수도 3거래일 연속 사상 최고가를 기록했다.일본 닛케이지수225지수는 새해 첫 거래일인 전일 26년 만에 2만3000선을 돌파한데 이어 이날도 0.89% 상승했고, 중국 상하이종합지수는 0.20% 상승 마감했다. 미 증시에서 실적개선 기대감이 높은 반도체, 대형 기술주, 바이오주가 상승한 것이 국내 증시에도 그대로 반영됐다. 삼성전자와 SK하이닉스가 각각 2.04%, 2.85% 상승했고 LG전자와 삼성전기 삼성SDI 등이 4~8%대 올랐다. 코스닥 시장에서는 셀트리온이 6.76%, 신라젠이 8.46% 상승했다. 전문가들은 연초 세계 증시의 상승 동력으로 글로벌 경제 동반 성장과 기업실적 호조, 미국 세제개혁 등을 꼽았다. 국내적으로는 남북 대화 재개로 북한 리스크가 완화된 가운데 문재인 정부의 혁신성장정책에 대한 기대감 등이 투자심리를 자극했다. 외국인은 연초 이후 코스피와 코스닥에서 각각 1조5223억원, 3297억원 순매수하며 지수를 끌어올렸다. 원화강세로 수출주 실적 우려가 제기되고 있지만 외국인 순매수가 연일 지속되고 있어 펀더멘털(기초체력) 호조에 초점이 맞춰지고 있다는 분석이다. 오는 9일 삼성전자 지난해 4분기 잠정실적 발표가, 또 다음주 중에 코스닥 시장 중심의 자본시장 혁신방안 발표가 예정된 것도 상승 랠리 기대감을 키웠다. 이경민 대신증권 마켓전략실 팀장은 “다음주에 삼성전자와 LG전자 실적발표로 증시 하락 요인이었던 실적 불확실성이 해소될 것”이라며 “금융위기 이후 최저 수준에 근접한 코스피 밸류에이션이 부각되고, 2018년 기업실적에 대한 기대가 외국인 수급개선을 이끌 것”이라고 말했다. ▶지금 옆사람이 보는 기사들▶무료 만화 보고 선물도 받고~ ▶치어리더 vs 레이싱걸 송선옥 기자 oops@mt.co.kr 머니투데이 관련뉴스해당 언론사에서 선정하며 언론사 페이지(아웃링크)로 이동해 볼 수 있습니다.2018년 공무원 봉급표… \'1급 공무원\' 월급은?현대차 노조, 새해 벽두부터 파업[친절한 판례氏]""내연남이 또 바람 피웠어요"" 위자료 받을 수 있나가상통화 열풍에 빗썸 억대 성과급 지급 기대…직원들 \'好好\'11층 빌딩도 모자라 1년 안 돼 이사 준비하는 빗썸좋아요0훈훈해요0슬퍼요0화나요0후속기사 원해요0기사제공 :']"
7,삼성전자, 2018-01-0516:37,조선비즈 ,"[마켓뷰] 돌아온 기관, 힘낸 대형주…코스피지수 2500 접근",https://finance.naver.com/news/news_read.nhn?article_id=0000395085&office_id=366&mode=search&query=삼성전자&page=2,"['       [마켓뷰] 돌아온 기관, 힘낸 대형주…코스피지수 2500 접근      기사입력2018-01-05 16:37기사원문좋아요훈훈해요좋아요 평가하기공감좋아요0훈훈해요0슬퍼요0화나요0후속기사 원해요0댓글 전날 시가총액 상위 종목들의 약세에 하락 마감했던 한국 증시가 곧바로 다시 힘을 냈다. 하루 전과 달리 상당수의 시총 상위 기업이 양호한 주가 흐름을 보이며 지수를 끌어올렸다. 새해 들어 매물 출회를 이어가던 기관이 순매수로 돌아섰고, 외국인도 순매수 행렬에 동참했다. 작년 12월 이후 계속 매도 포지션을 취하고 있는 개인은 유가증권시장에서 3701억원 순매도했다.5일 코스피지수는 전거래일보다 1.26%(31.06포인트) 오른 2497.52에 장을 마감했다. 코스닥지수는 2.48%(20.02포인트) 상승한 828.03에 거래를 마쳤다.네이버금융 제공전날 시총 상위 대형주들의 지지부진한 주가 흐름이 갈 길 바쁜 증시의 발목을 잡았다. 유가증권시장에서는 시총 상위 10개 종목 가운데 7개가 약세를 나타냈고, 코스닥시장에서는 상위 10개 종목 중 8개의 주가가 떨어졌다.그러나 5일은 달랐다. 이날 유가증권시장에서는 시총 상위 10개 종목 전부가 상승 마감했다. 특히 시총 1·2위인 삼성전자(005930)와 SK하이닉스(000660), 6위 LG화학(051910)이 2%대 상승세를 보이며 코스피지수에 힘을 보탰다. 현대차(005380)와 삼성바이오로직스(207940)도 각각 전날 대비 1.71%, 1.83% 올랐다.코스닥시장도 분위기는 코스피보다 더 뜨거웠다. 코스닥 시총 상위 14개 종목 가운데 전날과 동일한 주가로 마감한 CJ E&M(130960)을 제외한 나머지 13개 종목이 모두 우상향 그래프를 그렸다.상승률은 유가증권시장을 압도했다. 시총 1위 셀트리온(068270)이 전날보다 6.76%(1만6900원) 오른 26만6900원에 장을 마감했고, 3위 신라젠(215600)도 8.46%(7800원) 상승한 10만원에 거래를 마쳤다. 10위 포스코켐텍(003670)도 7%대의 높은 상승률을 기록했다.전문가들은 코스닥 활성화 정책에 대한 기대감이 반영된 결과라고 분석했다. 이영곤 하나금융투자 투자정보팀장은 “금융당국이 코스닥시장 활성화 방안을 담은 ‘코스닥 시장 중심의 자본시장 혁신 방안’을 이달 11일 발표할 예정”이라고 말했다.이 팀장은 “이번 혁신안에는 벤치마크(BM) 지수 변경을 통한 연기금의 코스닥시장 투자 확대와 코스닥시장 참여 기업·투자자에 대해 세제 금융지원 확대, 코스닥본부 독립성 강화 등의 내용이 포함될 것”이라고 설명했다.네이버금융 제공반면 한샘(009240), 넷마블게임즈(251270), KT&G(033780)등 유가증권시장 주요 종목과 웹젠(069080), 위메이드(112040)등 코스닥시장 주요 종목은 이날의 뜨거운 열기에 동참하지 못하고 하락 마감했다.투자자별 매매 상황을 보면 유가증권시장에서 기관과 외국인이 각각 1018억원, 2465억원 순매수했다. 특히 기관은 올해 들어 3거래일 동안 약 1조원을 순매도했는데, 이날은 순매수로 돌아섰다. 개인은 3701억원 순매도했다.그러나 기관은 코스닥시장에서는 1421억원 순매도를 기록했다. 개인도 380억원어치를 내다 팔며 차익 실현에 나섰다. 반면 외국인은 코스닥시장에서도 1854억원 수매수했다.업종별로는 전기전자(2.35%), 통신(2.34%), 의약품(2.23%), 증권(1.99%), 제조업(1.57%) 등이 상승(유가증권시장 기준) 마감했다. 반대로 음식료품(-0.47%), 운수창고(-0.39%), 건설업(-0.21%) 등은 약세를 보였다.[전준범 기자 bbeom@chosunbiz.com]chosunbiz.com조선비즈 관련뉴스해당 언론사에서 선정하며 언론사 페이지(아웃링크)로 이동해 볼 수 있습니다.""역시 한국""…베트남 인구 절반이 매료된 \'이것\'""10년 만에 돈 벌 기회 왔다""…들뜬 부동산 업계""4억에 내 집 물론 상가까지""…젊은부부 열광""정부 때문에 50조 날릴 판""…건설사들 사색환골탈태 현대차…""벌써부터 전화통에 불났다""좋아요0훈훈해요0슬퍼요0화나요0후속기사 원해요0기사제공 :']"
8,삼성전자, 2018-01-0516:36,한국경제 ,삼성전자 CEO 3명 자사주 139억어치 매입… 책임경영 의지,https://finance.naver.com/news/news_read.nhn?article_id=0003875015&office_id=015&mode=search&query=삼성전자&page=2,"[""       삼성전자 CEO 3명 자사주 139억어치 매입… 책임경영 의지      기사입력2018-01-05 16:36기사원문좋아요훈훈해요좋아요 평가하기공감좋아요0훈훈해요0슬퍼요0화나요0후속기사 원해요0댓글 [ 좌동욱 기자  ] 삼성전자 신임 경영진들이 연말 연초 잇따라 자사주를 매입했다. 책임 경영으로 중장기 성과를 내겠다는 의지로 해석됐다.삼성전자는 5일 김현석 소비자가전(CE) 부문장(사장)이 삼성전자 주식 1095주를 총 26억9609억원에 매입했다고 공시했다. 고동진 IT·모바일(IM) 부문장(사장)도 지난달 28일과 이달 2일 두차례에 걸쳐 삼성전자 주식 총 1000주를 24억2650만원에 매입한 것으로 나타났다.앞서 김기남 반도체·부품(DS) 부문장(사장)도 삼성전자 주식 3500주를 총 87억7338억원에 사들였다고 지난해 12월 28일 공시했다. 반도체, 휴대폰, 가전 등 삼성전자 개별 사업을 총괄하는 이들 3명의 부문장이 매입한 삼성전자 주식 가격만 총 139억원에 이르는 셈이다. 이들은 지난해 10월 사장단 인사에서 나란히 신임 부문장으로 승진했었다.지난해 이들과 함께 승진했던 주요 경영진들도 자사주 매입에 동참했다. 삼성전자 최고재무책임자(CFO)를 맡고 있는 노희찬 경영지원실장(사장)은 지난해 12월28일 삼성전자 주식 200주를 매입했다. DS부문에선 진교영 메모리사업부장(사장)과 정은승 파운드리사업부장(사장)도 비슷한 시기 각각 450주와 509주를 샀다. 한종희 영상디스플레이사업부장(사장)도 100주를 매입했다.경제계에서는 삼성전자 경영진들이 책임 경영을 하겠다는 의지를 표명한 것으로 받아들였다. 지난해 삼성전자 예상 영업이익은 54조원 안팎으로 2016년 29조2407억보다 86%가량 증가한 것으로 추정된다. 사상 최대 실적이다. 이에 따라 지난해 초 180만원 안팎에 머물던 삼성전자 주가는 작년 말 254만8000원으로 40%이상 올랐다.경제계 관계자는 “주가가 이미 많이 오른 상황에서도 적지 않은 자사주를 매입한 것은 앞으로도 지속적인 성과를 낼 수 있다는 자신감으로 볼 수 있다”며 “주주 가치를 제고하는 방침도 지속될 것으로 예상된다”고 말했다.좌동욱 기자 leftking@hankyung.com[한경닷컴 바로가기] [글방] [모바일한경 구독신청] ⓒ 한국경제 & hankyung.com, 무단전재 및 재배포 금지한국경제 관련뉴스해당 언론사에서 선정하며 언론사 페이지(아웃링크)로 이동해 볼 수 있습니다.(마감)삼성전자 260만6000원…2.04%↑최대시장 삼킨 중국 스마트폰, 이젠 미국이다최고가 16억이던 대치동 은마아파트, 지금은…9급 1호봉 공무원 월급 어느 정도였길래? '반전'만화가 허영만, '주식 투자' 5개월 만에 번 돈이…좋아요0훈훈해요0슬퍼요0화나요0후속기사 원해요0기사제공 :""]"
9,삼성전자, 2018-01-0516:36,매일경제 ,"고덕신도시 초역세권 상가, `강희프라자` 관심 뜨거워",https://finance.naver.com/news/news_read.nhn?article_id=0004078581&office_id=009&mode=search&query=삼성전자&page=2,"['       고덕신도시 초역세권 상가, `강희프라자` 관심 뜨거워      기사입력2018-01-05 16:36기사원문좋아요훈훈해요좋아요 평가하기공감좋아요0훈훈해요0슬퍼요0화나요0후속기사 원해요0댓글[사진 제공 : 평택수익형공인중개사] 고덕신도시는 경기도 평택시 고덕면·서정동·모곡동·장당동·지제동 일대에 지어지고 있는 신도시로 총 3단계 권역으로 나눠 개발된다. 이 중에서 최근 시범 개발 지역으로 뽑힌 1단계 사업지 서정리역 주변의 관심이 뜨겁다.이 지역의 평택수익형공인중개사는 서정리역과 불과 50m 밖에 떨어지지 않은 강희프라자에 대한 분양 문의가 활발하다고 5일 밝혔다.경기도 평택시 서정동에 위치한 강희프라자는 2018년 3월 입주예정인 대지면적 731㎡, 건폐율 67.69%·용적률 429.47%, 지하2층, 최고 8층 규모의 상가다.평택수익형공인중개사 관계자는 ""이 상가는 서정리역 초역세권에 위치해 있고 유동인구가 많아 향후 높은 임대 수익을 기대할 수 있다""며 ""이 지역에 관심 있는 투자자 또는 실임대자라면 강희프라자에 관심을 가져볼 만하다""고 전했다.현재 이 상가는 은행·병원·약국·카페 등이 입점이 예정돼 있으며 공실률이 없을 것으로 예측된다.지하철 1호선 서정리역이 도보로 2분 거리에 있는 초역세권으로 SRT를 이용할 수 있는 지제역도 전철로 한 정거장 거리에 위치했다. SRT 지제역을 이용하면 서울 수서역까지 약 20분대로 도달할 수 있다. 차량 이용 시 송탄IC, 평택JC, 어연IC 등으로 접근할 수 있다.  향후 삼성전자가 들어서는 고덕산업단지와 LG디지털파크·주한 미군기지 이전 등이 완료되면 배후수요는 더욱 커질 것으로 보여 안정적인 임대수익을 기대할 수 있다. [지도 출처 : 네이버] [매경 부동산센터 이다연 기자]▶뉴스 이상의 무궁무진한 프리미엄 읽을거리 ▶아나운서가 직접 읽어주는 오늘의 주요 뉴스[ⓒ 매일경제 & mk.co.kr, 무단전재 및 재배포 금지]매일경제 관련뉴스해당 언론사에서 선정하며 언론사 페이지(아웃링크)로 이동해 볼 수 있습니다.하리수 맞아? 확 바뀐 미모에 복근까지 \'깜짝\'성병 \'콘딜로마\' 20~30대 남성 감염 급증서지혜 섹시 수영복…블랙 시스루 완벽몸매플로리다 덮친 한파에 \'냉동\' 이구아나 속출황정음, 출산 후 달라진 글래머 몸매 \'입이 쩍\'좋아요0훈훈해요0슬퍼요0화나요0후속기사 원해요0기사제공 :']"
10,삼성전자, 2018-01-0516:34,파이낸셜뉴스 ,돌아온 외국인 코스피서 1조2400억원 순매수…'1월 효과' 실현?,https://finance.naver.com/news/news_read.nhn?article_id=0003937776&office_id=014&mode=search&query=삼성전자&page=2,"['       돌아온 외국인 코스피서 1조2400억원 순매수…\'1월 효과\' 실현?      기사입력2018-01-05 16:34기사원문좋아요훈훈해요좋아요 평가하기공감좋아요0훈훈해요0슬퍼요0화나요0후속기사 원해요0댓글  국내 증시에 외국인이 다시 돌아오며 지수 상승을 이끌고 있다. 지난달 \'매도 폭탄\'으로 지수를 내려앉혔던 것과는 반대되는 행보다. 전문가들은 미국 지수 강세, 상대적 약달러, 새해 포트폴리오 구성 등이 연초 외국인 매수를 이끄는 요인이라고 설명했다. 선진국 증시 순항과 외국인 수급이 \'1월 효과\'에 걸맞는 상승세를 이끌 것이란 전망도 나온다. 다만 상장 기업들의 4·4분기 실적 발표는 변수다.  5일 한국거래소에 따르면 외국인 투자자는 이날 코스피에서 2455억원어치 주식을 순매수하며 새해 들어 4거래일 연속 매수 우위 행진을 이어갔다. 이날 외국인은 코스닥에서도 1857억원 순매수를 기록했다.   ■ 외국인, 코스피 1조2400억원 순매수 이 기간 외국인 코스피 순매수액은 1조2439억원에 달한다. 같은 기간 코스닥에서는 3282억원 매수 우위를 보였다. 지난달 코스피에서 1조7500억원어치 순매도한 것과는 대조되는 움직임이다.  외국인 매수 행렬이 이어지는 것에 대해 전문가들은 △북클로징(회계 결산) 시즌 종료에 따른 매수세 전환, △달러 약세로 인한 외국인의 신흥국 증시 유입, △나스닥을 중심으로 한 미국 증시 강세 영향 등을 들었다.  오현석 삼성증권 투자전략센터장은 ""새해 들어서는 포트폴리오를 다시 구성하는 외국인이 자금 집행을 하며 매수가 매도를 웃도는 것이 일반적""이라며 ""국내 증시가 계속 저평가돼 있는 점이 외국인의 추가 비중을 늘리는 데 기여했을 것""이라고 설명했다.  달러의 상대적인 약세와 원화 강세가 이어지며 외국인 자금 유입을 부추기고 있는 것으로 보는 시각도 있다. 양기인 신한금융투자 리서치센터장은 ""연말·연초에 상대적인 달러 약세가 재개되며 연초부터 외국인 자금이 들어오고 있다""며 ""연말 달러가 상대적 강세로 전환돼 시장이 정체됐으나, 다시 환차익 메리트가 생긴 것""이라고 설명했다.  이 기간 외국인들의 매수 상위종목에는 삼성전자, SK하이닉스, 현대로보틱스, 포스코 등 대형주가 올랐다. 연말 종가 대비 현대로보틱스와 포스코의 주가는 각각 16.27%, 10.86% 상승했다. 삼성전자와 SK하이닉스의 주가도 같은 기간 3% 안팎으로 상승했다. 스탠다드앤드푸어스(S&P) 500, 기술주 중심의 나스닥이 연일 사상 최고치를 돌파하며 외국인의 투자 심리에 영향을 줬다는 분석이다.  이종우 IBK 투자전략센터장은 ""외국인이 민감하게 반응하는 것이 미국 시장 움직임""이라며 ""특히 반도체를 중심으로 나스닥이 상승하자, 주가가 내려갔던 삼성전자에 (자금이) 들어오고 있다""고 설명했다.   ■ 외인 매수에 \'1월 효과\' 긍정적  외국인 매수세가 강해지는 점은 \'1월 효과\'를 기대케 하는 요인이다. 외국인 수급에 따라 매년 1월 국내 지수는 출렁여왔기 때문이다.  외국인이 코스피시장에서 6조2520억원 매수 우위를 보인 2012년 1월은의 경우 지수가 무려 6.65% 상승했다. 1조6369억원 순매수한 지난해에도 지수는 1.99% 올랐다. 반대로 1조6450억원 순매도한 2014년 1월에는 지수가 3.62%, 1조8859억원 매도 우위였던 2013년 1월에는 1.76% 각각 하락했다.  다만 새해 들어 기관의 순매도세는 강하게 나타나고 있어, 지수 상승을 위해서는 외국인과 기관의 \'쌍끌이 매수세\'가 필요하다는 지적이다. 양 센터장은 ""지수 상승을 위해서는 약달러 지속, 지정학적요인 등 리스크 감소, 수급이 필요하다""며 ""약달러는 일시적이었다가 2~3월에 재개될 것으로 보이기 때문에, 중요한 것은 외국인과 기관의 수급""이라고 설명했다.  다만 4·4분기 국내 기업의 실적 발표는 지수 변동에 영향을 줄 요인이 될 것이란 전망이다. 반도체 업황에 대한 우려 등, 기업 실적에 불확실성이 있기 때문이다. 오 센터장은 ""4·4분기 들어 원화가 강해지며 수출주의 원화기준 실적도 변수가 될 것""이라고 내다봤다.   bhoon@fnnews.com 이병훈 기자   ▶ 세상의 모든 골 때리는 이야기 \'fn파스\'▶ 속보이는 연예뉴스 fn스타  ※ 저작권자 ⓒ  파이낸셜뉴스. 무단 전재-재배포 금지파이낸셜뉴스 관련뉴스해당 언론사에서 선정하며 언론사 페이지(아웃링크)로 이동해 볼 수 있습니다.먹다보니, 지방간.. 당뇨 등 만성질환자 더 위험가상화폐 \'리플\' 창시자, 63조원 \'대박\'외출시 보일러 전원 껐다간 \'낭패\'2018년 4대기업 운세는? 재미로 보는 \'기업 토정비결\'김종석 ""\'ㅁㅊㅅㄲ\', 아무 의미 없는 문자열""좋아요0훈훈해요0슬퍼요0화나요0후속기사 원해요0기사제공 :']"
11,삼성전자, 2018-01-0516:24,파이낸셜뉴스 ,[마감시황] 글로벌 증시 훈풍에 코스피 상승..코스닥도 지원정책 기대감에 상승마감,https://finance.naver.com/news/news_read.nhn?article_id=0003937768&office_id=014&mode=search&query=삼성전자&page=2,"['       [마감시황]  글로벌 증시 훈풍에 코스피 상승..코스닥도 지원정책 기대감에 상승마감      기사입력2018-01-05 16:24기사원문좋아요훈훈해요좋아요 평가하기공감좋아요0훈훈해요0슬퍼요0화나요0후속기사 원해요0댓글  미국, 아시아 등 글로벌 증시가 사상 최고치를 넘어서는 등 훈풍이 불며 코스피 지수도 상승 마감했다.  미국, 일본 증시가 수십년 만에 사상 최고치를 경신하고 중국, 유럽 등 대부분 글로벌 증시가 큰 폭으로 상승하며 국내 증시에도 영향을 미친 것이다.  5일 코스피 지수는 전 거래일 대비 31.06포인트(1.26%) 오른 2497.52에 장을 마쳤다. 이날 전 거래일 대비 10.39포인트(0.42%) 오른 2476.85에 출발한 지수는 장 마감까지 지속적으로 상승세를 보였다.  코스피 지수 상승세는 글로벌 증시 훈풍에 영향을 받은 것으로 분석된다.  미국 다우존스30산업평균지수는 사상 최최로 2만5000선을 돌파했다. 4일(현지 시각) 뉴욕증권거래소(NYSE)에서 다우지수는 152.45포인트(0.61%) 오른 2만5075.13으로 마감했다. 스탠더드앤드푸어스(S&P)500지수는 10.93포인트(0.4%) 상승한 2723.99, 나스닥지수는 12.38포인트(0.18%) 오른 7077.91로 마감했다.  아시아 지수도 대부분 상승 마감했다.  이날 상해종합지수는 유가 급등세에 석유화학 관련주의 급등세에 힘입어 전일 거래 대비 0.49% 상승하며 3385.71에 거래를 마쳤다.  일본 닛케이지수는 새해 첫 거래일이었던 지난 4일 전 거래일 대비 3.26%나 급등하며 26년 만에 최고치를 경신하는 모습을 보이기도 했다. 이날도 전 거래일 보다 0.9% 오른 2만3714.53으로 장을 마치며 상승세를 이어갔다.  투자자별 매매 동향을 보면 외국인과 기관이 지수를 이끌었다.  외국인과 기관은 각각 2455억원, 1014억원 어치 순매수를 하며 지수를 끌어올렸다. 특히 외국인은 5거래일 연속 순매수세를 보였다. 반면 이날 개인은 3707억원 어치 팔아치웠다.  코스피 시가총액 상위 종목들도 대부분 상승 마감했다.  코스피 대장주인 삼성전자는 2.04% , SK하이닉스는 2.85%, 현대차 1.71%), POSCO 0.14%로 모두 상승 마감했다. 대부분 외국인이 시총 상위 종목들을 대거 사들였다.  이날 코스닥 지수도 전 거래일 대비 20.02포인트(2.48%) 오른 828.03으로 장을 마쳤다. 이 같은 큰 폭의 상승세는 오는 11일 발표될 예정인 정부의 코스닥 활성화 방안에 대한 기대감이 반영됐다는 분석이다.  한편 서울외환시장에서 이날 원·달러 환율은 전 거래일 대비 0.5원 오른 1062.7원에 장을 마쳤다.   pja@fnnews.com 박지애 기자   ▶ 세상의 모든 골 때리는 이야기 \'fn파스\'▶ 속보이는 연예뉴스 fn스타  ※ 저작권자 ⓒ  파이낸셜뉴스. 무단 전재-재배포 금지파이낸셜뉴스 관련뉴스해당 언론사에서 선정하며 언론사 페이지(아웃링크)로 이동해 볼 수 있습니다.먹다보니, 지방간.. 당뇨 등 만성질환자 더 위험가상화폐 \'리플\' 창시자, 63조원 \'대박\'외출시 보일러 전원 껐다간 \'낭패\'2018년 4대기업 운세는? 재미로 보는 \'기업 토정비결\'김종석 ""\'ㅁㅊㅅㄲ\', 아무 의미 없는 문자열""좋아요0훈훈해요0슬퍼요0화나요0후속기사 원해요0기사제공 :']"
12,삼성전자, 2018-01-0516:20,뉴스1 ,'자신감' 붙은 삼성전자 '최고경영진' 자사주 잇단 매입,https://finance.naver.com/news/news_read.nhn?article_id=0003135006&office_id=421&mode=search&query=삼성전자&page=2,"[""       '자신감' 붙은 삼성전자 '최고경영진' 자사주 잇단 매입      기사입력2018-01-05 16:20기사원문좋아요훈훈해요좋아요 평가하기공감좋아요0훈훈해요0슬퍼요0화나요0후속기사 원해요0댓글삼성전자 디바이스솔루션(DS), 소비자가전(CE), IT모바일(IM) 등 3대 사업부문장의 모습 © News1 최진모 디자이너고동진 IM부문장 1000주, 김현석 CE부문장 1095주'지난해 승진' 진교영·정은승·한종희도 줄줄이 매입(서울=뉴스1) 주성호 기자 = 삼성전자 사장단이 잇따라 자사주를 사들이고 있다. 최고경영진의 자사주 매입은 회사 경영과 성과 창출에 힘을 보태겠다는 '책임경영' 의지로 풀이된다.5일 금융감독원 전자공시에 따르면 고동진 삼성전자 IT모바일(IM)부문장은 지난해 12월 28일과 올 1월 2일에 각각 보통주 500주씩, 총 1000주를 장내매수했다. 총 매입가격은 24억2650만원에 달한다.고 사장은 IM부문 무선사업부장(사장)을 역임하던 2016년 상반기 갤럭시S7을 선보이며 삼성전자 스마트폰 사업을 이끌었다. 지난해 사장단 인사를 통해 신종균 부회장이 물러난 IM부문장을 맡으며 현재 스마트폰, 태블릿PC, 소프트웨어 등을 모두 총괄하고 있는 핵심 인물이다.김현석 소비자가전(CE)부문장 사장도 자사주 매입 행렬에 동참했다. 김 사장은 지난 2일 보통주 1주당 246만2184원에 총 1095주를 사들였다.총 매입가격은 26억9600여만원으로 김 사장의 자사주 보유량은 1995주가 됐다. 김 사장도 고동진 사장과 마찬가지로 지난해 인사를 통해 윤부근 부회장이 맡고 있던 CE부문을 책임지는 수장 자리에 올랐다.노희찬 경영지원실장 사장도 지난해 12월말 자사주 200주를 1주당 247만9000원씩 총 4억9580만원에 매입했다.김기남 DS부문장 사장도 지난해말에 자사주 3500주를 총액 87억7338만원에 매입했다. 김 사장은 사장단 인사를 통해 권오현 회장의 뒤를 이어 DS부문장이 됐다. 지난 2일 열린 2018년 시무식도 김기남 사장이 직접 주재했다.지난해 11월 인사를 통해 부사장에서 사장으로 승진한 신임 사장단도 자사주 매입에 적극 나서고 있다. 진교영 삼성전자 DS부문 메모리사업부장과 정은승 삼성전자 DS부문 파운드리사업부장, 한종희 CE부문 영상디스플레이사업부장 등도 지난해 말부터 올초까지 각각 450주, 509주, 100주를 매입했다.이에 따라 김기남·고동진·김현석 등 3대 부문장과 진교영, 정은승, 한종희, 노희찬 등 신임 사장단을 합친 7명의 최고경영진이 사들인 자사주만 170억원을 넘는다.재계에서는 이같은 신임 부문장 및 사장단의 자사주 매입에 대해 대내외적 리스크에도 불구하고 각 부문의 경쟁력 강화와 성장을 이끌겠다는 의지를 보여준 것으로 분석하고 있다.지난해 메모리 반도체 초호황에 힘입어 삼성전자는 역대 최고 실적을 갈아치웠다. 삼성전자는 지난 3분기 영업이익 14조5332억원을 기록했는데 이는 역대 분기 최고 실적이다. 특히 반도체 부문 영업이익은 9조9600억원으로 전체 영업이익의 68.5%를 차지했다.증권가 및 반도체 업계에서는 4분기에도 삼성전자는 반도체 훈풍에 힘입어 사상 최고 실적을 경신할 것으로 전망하고 있다. 증권업계 추정으로 삼성전자의 2017년 4분기 영업이익은 최소 15조원에서 최대 16조3000억원 수준이다. 이에 따른 2017년 연간 영업이익은 54조원대에 육박할 것으로 관측된다.sho218@▶ '평창2018' 관련 뉴스·포토 보기▶ 네이버메인에 ‘뉴스1채널’ 설정하기!▶ 여러분의 제보를 기다립니다.제보하기![© 뉴스1코리아(news1.kr), 무단 전재 및 재배포 금지]뉴스1 관련뉴스해당 언론사에서 선정하며 언론사 페이지(아웃링크)로 이동해 볼 수 있습니다.영화 '1987' 1000만 돌파?…文대통령이 끌어줄까동마다 인민위원회 설치?…민주 '가짜뉴스' 제작자 고발한밤 아파트 침입 주인 부부와 나체로 몸싸움허위진술 거부에 앙심…오토바이 4대에 방화조현병 30대 엄마, 자녀 2명과 아파트 투신좋아요0훈훈해요0슬퍼요0화나요0후속기사 원해요0기사제공 :""]"
13,삼성전자, 2018-01-0516:16,연합뉴스 ,"하루만에 되찾은 상승세…코스피 2,500·코스닥 830 눈앞(종합)",https://finance.naver.com/news/news_read.nhn?article_id=0009793772&office_id=001&mode=search&query=삼성전자&page=2,"['       하루만에 되찾은 상승세…코스피 2,500·코스닥 830 눈앞(종합)      기사입력2018-01-05 16:16기사원문좋아요훈훈해요좋아요 평가하기공감좋아요0훈훈해요0슬퍼요0화나요0후속기사 원해요0댓글코스피ㆍ코스닥 상승 마감(서울=연합뉴스) 이지은 기자 = 미국 증시 훈풍에 코스피와 코스닥이 상승세를 되찾은 5일 오후 서울 중구 KEB하나은행 딜링룸에서 직원이 업무를 보고 있다. 이날 코스피는 전 거래일보다 31.06포인트(1.26%) 오른 2,497.52에 거래를 마감했고, 코스닥은 20.02포인트(2.48%) 오른 828.03에 마감했다.     jieunlee@yna.co.kr외국인 대량 매수로 양대시장 \'동반질주\'(서울=연합뉴스) 전명훈 기자 = 전날 하루 숨을 고른 코스피와 코스닥지수가 다시 힘차게 치솟았다.    5일 코스피는 전 거래일보다 31.06포인트(1.26%) 오른 2,497.52로 장을 마감했다.    지수는 전날보다 10.39포인트(0.42%) 오른 2,476.85로 장을 출발한 뒤 한때 2,480선에서 머물렀으나 외국인의 순매수 순풍을 타고 솟아올라 2,500선 코앞까지 전진했다.    이날 오전 \'팔자\'이던 외국인은 오후 들어 방향을 바꿔 2천464억원어치를 사들였다. 5거래일째 매수 우위다.    이날 기관도 1천18억원어치 순매수로 지수 상승에 힘을 더했다. 개인은 3천700억원어치 매도 우위였다.     이경민 대신증권 연구원은 ""연초 이후 기관의 프로그램 매도가 발목을 잡아왔는데 오늘은 프로그램 매물이 제한적이고, 외국인 매수가 강하게 유입되면서 지수가 상승세를 되찾았다""고 분석했다.    이 연구원은 ""한국 증시에서 큰 비중을 차지하는 전기전자 업종은 원화 강세라는 변수에도 불구하고 12개월 선행 주가순수익비율(PER)이 7.6배로 2013년 이후 최저 수준의 저평가 상태""라며 ""다음주 옵션 만기일을 지나고 기관의 프로그램 매물 압력까지 해소되면 코스피의 상승 추세가 당분간 계속될 것""이라고 전망했다.    시가총액 상위 10위 내 모든 종목이 상승장 분위기를 만끽했다.    삼성전자(2.04%), SK하이닉스(2.85%), 현대차(1.71%), 포스코(0.14%), NAVER(1.68%), LG화학(1.68%), KB금융(1.75%), 삼성바이오로직스(1.83%), 삼성물산(1.56%), 삼성생명(0.83%) 등 예외가 없었다.    업종별로는 전기전자(2.35%), 통신업(2.34%), 의약품(2.23%), 증권(1.99%), 제조업(1.57%), 은행(1.28%), 화학(1.23%), 금융업(1.20%), 기계(1.08%) 등이 1%대 이상 상승했다.    이날 음식료품(-0.47%), 운수창고(-0.39%), 건설업(-0.21%), 전기가스업(-0.14%) 등 4개 업종만 소폭 하락했다.    프로그램 매매도 차익거래와 비차익거래가 함께 매수 우위를 나타냈다. 전체적으로 3천74억원 순매수였다.    유가증권시장 거래량은 3억주, 거래대금은 6조원 수준이었다.    이날 493종목이 올랐고 298종목은 하락했다. 93종목은 등락 없이 마감했다. 암니스는 상한가를 기록했다.     코스닥은 더 가파르게 상승했다.    코스닥지수는 전 거래일보다 20.02포인트(2.48%) 오른 828.03으로 거래를 마쳤다.    종가로는 2007년 7월 12일(822.22)이후 약 11년 만의 최고치다.    전날보다 4.04포인트(0.50%) 오른 812.05로 출발한 지수는 제약·바이오 업종 대표주의 상승세를 바탕으로 거침없이 상승해 830선을 눈앞에 뒀다.     코스닥지수 종가는 2002년 이후 16년 동안 830선을 밟아 본 적이 없다.    시가총액은 294조원으로 역대 최대치를 경신했다.     상승세는 시총 상위주가 이끌었다.     셀트리온(6.76%), 셀트리온헬스케어(2.83%), 셀트리온제약(1.27%) 등 셀트리온 3형제를 비롯해 신라젠(8.46%), 티슈진(1.69%), 펄어비스(2.62%), 바이로메드(3.71%), 로엔(0.76%), 메디톡스(0.55%), 포스코켐텍(7.65%), 휴젤(1.29%), 코미팜(1.79%), 파라다이스(4.03%) 등이 일제히 올랐다.    외국인이 1천854억원 순매수로 지수를 끌어올렸고, 기관과 외국인은 각각 1천421억원, 381억원어치 순매도로 차익을 실현했다.    코스닥시장 거래량은 12억주, 거래대금은 7조6천억원이었다.    코넥스시장에서는 120종목이 거래됐다. 거래량은 31만주, 거래대금은 51억원으로 집계됐다.    서울 외환시장에서 원/달러 환율은 달러당 1,062.7원으로 전날보다 0.5원 올랐다.    id@yna.co.kr▶기사제보 및 문의▶기자와 1:1 채팅\xa0\xa0▶최신 트렌드연합뉴스 관련뉴스해당 언론사에서 선정하며 언론사 페이지(아웃링크)로 이동해 볼 수 있습니다.\xa0[단독] 장현승·신수지, 4개월째 열애…""볼링이 공통분모""\xa0마약인줄 알고 흡입…호주여행 청년 9명 중 2명 위독\xa0\'ㅁㅊㅅㄲ\' 문자 김종석 의원 ""기계 스팸인줄 알고 회신""\xa0비행기 날개에 걸터앉은 승객…무슨 일 있었길래\xa0\'스파이더맨 복장 셀카\' 찍던 유학생, 기숙사서 추락사좋아요0훈훈해요0슬퍼요0화나요0후속기사 원해요0기사제공 :']"
14,삼성전자, 2018-01-0516:13,매일경제 ,禍키운 인텔·애플의 `불통`…신뢰얻은 삼성의 `소통`,https://finance.naver.com/news/news_read.nhn?article_id=0004078549&office_id=009&mode=search&query=삼성전자&page=2,"['       禍키운 인텔·애플의 `불통`…신뢰얻은 삼성의 `소통`      기사입력2018-01-05 16:13기사원문좋아요훈훈해요좋아요 평가하기공감좋아요0훈훈해요0슬퍼요0화나요0후속기사 원해요0댓글결함 은폐·변명으로 일관한 인텔·애플…신뢰도 바닥삼성은 노트7 발화사태 당시 신속한 원인 공개·리콜 결정고객 충성심에 안주하면 안돼…실무자 믿는 책임문화도 중요■ 일등기업 극과 극 위기대처법  글로벌 정보기술(IT) 산업을 이끄는 미국 IT 기업 애플과 인텔이 치명적인 제품 결함을 고의로 은폐해 온 사실이 밝혀지면서 갈수록 파문이 확산되고 있다. 불과 1년 반 전 갤럭시노트7 발화 사건으로 사상 초유의 위기에 내몰렸던 삼성전자 사례와 뒤늦게 대비되면서 관심을 모은다. 전화위복의 비결은 솔직하고 투명한 원인 공개와 신속한 리콜 결정으로 전 세계 소비자의 신뢰를 얻었기 때문이라는 분석이다. 인텔은 지난 3일 컴퓨터에서 두뇌 역할을 하는 프로세서(CPU) 제품이 해커들 공격에 취약하게 설계됐다는 점을 공식 인정한 데 이어 4일에는 다음주 말까지 지난 5년간 판매된 인텔 칩의 90% 이상에 대해 업데이트를 하겠다고 밝혔다. 하지만 6개월 전부터 이 같은 위험성을 인지하고도 이를 계속 공개하지 않은 데다 그 사이 브라이언 크러재니치 인텔 최고경영자(CEO)가 주식 88만9878주를 매도한 사실이 알려져 ""소비자 안전은 안중에도 없고 자신의 호주머니만 생각한다""는 혹평이 쏟아지고 있다. 영국 파이낸셜타임스는 이날 구멍이 난 보안망을 뚫고 들어오려는 해커들 공격을 막아내기 위해선 기업들이 PC와 서버 장비를 모두 교체해야 하는 상황이 올 수도 있고, 이렇게 되면 기업들은 도산할 수밖에 없다며 인텔의 비도덕성을 질타했다. 애플 또한 구형 아이폰의 성능을 고의로 저하시킨 뒤 시치미를 떼고 있다가 발각되면서 스스로 얼굴에 먹칠을 했다. 애플은 지난해 2월 아이폰 성능을 저하시키는 업데이트를 실시한 후 소비자에게 알리지 않았다. 인터넷에 이용자들이 의혹을 제기하자 최근 그 사실을 인정했다. 여기에 무성의한 대처는 더 큰 공분을 자아냈다. 애플은 처음에는 아이폰 속도를 떨어뜨린 것을 인정하면서도 사과는 하지 않다가 8일이 지나서야 공식 사과를 하며 배터리 교체 비용 50달러를 지원하겠다고 밝혔다. 하지만 전 세계적으로 애플을 향한 집단소송이 쇄도하고 있다. 스마트폰과 반도체칩 분야의 글로벌 일등 기업들이 모두 잘못을 숨기고 인정하지 않다가 비밀이 까발려지고 난 다음에야 뒤늦게 잘못을 인정해 전 세계 소비자의 공분을 사고 있다. 이 같은 애플과 인텔의 대처는 갤럭시노트7 배터리 발화 사건 때와 묘하게 비교된다.  2016년 삼성전자는 \'갤럭시노트7\' 발화가 발견된 지 7일 만에 국내 공급을 일시 중단했다. 이어 자체적으로 배터리 결함을 잠정 결론 내리고 글로벌 리콜을 결정했다. 며칠 뒤 삼성전자는 스스로 만든 제품에 대해 사용자에게 사용 중지를 권고했고 제품을 단종시키는 결정을 발표했다. 손실이 수조 원에 달할 수 있는 초유의 결정이 내려지기까지는 제품 결함을 인지한 후 약 9일밖에 걸리지 않았다. 실수를 알고도 최소 반년 이상씩 이를 깔아뭉개온 다른 기업들과 대비되는 상황이다. 이 과정에서 삼성은 제품 조사 착수, 잠정 결론, 리콜 결정, 보상안까지 주요 과정을 공개했다. 이 때문에 애플, 인텔 사건이 터지면서 국내외 인터넷 커뮤니티를 중심으로 경쟁사 대비 삼성전자를 다시 봐야 한다는 목소리가 높아지고 있다. 당시 갤럭시노트7 리콜 사건은 기업 이미지에 큰 손상이 갈  수 있었지만 오히려 철저히 고객 중심으로 대응하면서 장기적으로 기업 평판을 한 차원 더 끌어올리는 전화위복의 계기가 됐다는 것이다.삼성전자 관계자는 ""사건 발생 당시 무엇보다도 철저한 원인 규명을 통해 브랜드 가치와 신뢰를 회복해야 한다는 인식이 컸다""며 "" \'갤럭시\' 브랜드는 삼성의 미래이기 때문에, 브랜드 신뢰도 하락은 치명타였다. 모두 공개하고, 사고를 수습하고 가자는 원칙이 유일한 해답이었다""고 했다. 특히 삼성은 큰 사건이 터졌을 때도 수습 과정에서 현장 실무진에게 문제 해결의 전권을 위임하는 책임의 리더십이 두드러졌다는 평이다. 문제를 솔직하게 인정하고 실무를 공개할 수 있었던 데는 탈권위적인 기업문화가 있었기 때문에 가능했다는 해석이다. 삼성전자 고위 관계자는 ""당시 이재용 삼성전자 부회장은 고동진 무선사업부장은 물론 임직원 그 누구에게도  책임을 묻지 않았을 뿐만 아니라 상황을 보고하라고 전화 한 통 한 적이 없다""고 회고했다. 자신에게 보고하느라 눈치 보지 말고 오로지 현장에서 사태 수습에만 최선을 다해달라는 무언의 주문이었던 셈이다.삼성전자 관계자는 ""최고 리더의 이 같은 태도에서 실무자들은 믿음과 신뢰, 그리고 자신감을 느꼈다""면서 ""사태를 수습하는 현장 직원에 대한 믿음 덕분에 윗사람 눈치 안 보고 원칙대로 할 수 있었다""고 했다. 애플과 인텔의 신뢰도 하락은 향후 성장에 큰 걸림돌이 될 것이라는 우려가 나온다. 박진호 숭실대 소프트웨어학부 교수는 ""이번에 두 기업의 수준 이하 대처를 보면서 전 세계가 크게 실망했다. 신뢰는 쉽게 쌓을 수도 없고 회복하기도 어렵다. 그렇기 때문에 이번 사태는 두 기업에 뼈아플 것""이라고 말했다. [이선희 기자]▶뉴스 이상의 무궁무진한 프리미엄 읽을거리 ▶아나운서가 직접 읽어주는 오늘의 주요 뉴스[ⓒ 매일경제 & mk.co.kr, 무단전재 및 재배포 금지]매일경제 관련뉴스해당 언론사에서 선정하며 언론사 페이지(아웃링크)로 이동해 볼 수 있습니다.하리수 맞아? 확 바뀐 미모에 복근까지 \'깜짝\'성병 \'콘딜로마\' 20~30대 남성 감염 급증서지혜 섹시 수영복…블랙 시스루 완벽몸매\'불청객\' 초파리 덕에 노벨상 받은 과학자들황정음, 출산 후 달라진 글래머 몸매 \'입이 쩍\'좋아요0훈훈해요0슬퍼요0화나요0후속기사 원해요0기사제공 :']"
15,삼성전자, 2018-01-0516:11,매일경제 ,`韓경제 버팀목` 반도체 슈퍼호황 꺾이나,https://finance.naver.com/news/news_read.nhn?article_id=0004078540&office_id=009&mode=search&query=삼성전자&page=2,"['       `韓경제 버팀목` 반도체 슈퍼호황 꺾이나      기사입력2018-01-05 16:11기사원문좋아요훈훈해요좋아요 평가하기공감좋아요0훈훈해요0슬퍼요0화나요0후속기사 원해요0댓글""도시바·인텔 생산라인 확충…내년초 낸드 공급과잉 우려""■ D램익스체인지 보고서메모리 반도체 슈퍼 호황이 내년부터 꺾일 것이라는 전망이 나왔다. 글로벌 반도체 조사기관 D램익스체인지는 5일 ""도시바 삼성 인텔 YMTC(양쯔 메모리 테크놀로지)와 같은 주요 낸드플래시 제조사들 생산능력 확충이 반도체 산업에 점차 영향을 미치면서 2019년 낸드플래시 시장은 공급과잉 상태에 빠질 가능성이 있다""고 내다봤다.전 세계 주요 반도체 회사들이 일제히 대규모 설비투자에 나서면서 모바일 인공지능(AI), 사물인터넷(IoT) 등 4차 산업혁명 붐을 타고 2~3년 동안 초호황을 누렸던 메모리 반도체 시장이 올해를 정점으로 하향 곡선을 그릴 가능성이 높아지고 있다. 이렇게 되면 반도체 산업에 의존하고 있는 한국 수출에 악영향이 불가피해 대책 마련이 시급하다는 지적이 나온다.D램익스체인지에 따르면 중국 YMTC가 우한 둥후 첨단기술개발구에 건설한 낸드플래시 공장이 올해 하반기 본격 가동에 들어간다. 지난해 반도체 세계 1위를 삼성전자에 빼앗긴 인텔도 올해 말까지 중국 다롄 3D 낸드플래시 공장 생산능력을 2배로 증설할 계획이다. 이를 토대로 인텔은 수요가 급증하고 있는 서버용 SSD(솔리드 스테이트 드라이브) 시장을 공략한다는 방침이다. 여기에 삼성전자가 중국 시안 낸드플래시 생산라인 확장을 준비 중이고, SK하이닉스 역시 청주 M15 공장에 대한 추가 투자를 진행 중이다.일본 미에현 요사이치시(市)에 합작공장을 운영 중인 도시바메모리와 웨스턴디지털(WD)도 2029년까지 합작을 이어가기로 지난해 말 합의하면서 낸드플래시 생산라인 증설에 속도를 낼 전망이다. 도시바메모리는 반도체 사업 매각 과정에서 웨스턴디지털과 법적 분쟁에 휘말렸지만 이를 마무리하면서 이와테현에 대규모 투자계획을 수립해왔다. 일본 언론들은 도시바메모리가 세계 1위 삼성전자를 추격하기 위해 향후 10년 동안 4조엔(약 38조원)을 투자해 수요가 급증한 스마트폰과 데이터센터용 낸드플래시를 생산할 것이라고 전했다. 시장조사기관 IHS에 따르면 지난해 3분기 기준 낸드플래시 전 세계 시장점유율은 삼성전자가 39%로 1위를 차지하고 있고, 도시바(16.8%) 웨스턴디지털(15.1%) 마이크론(11.3%) SK하이닉스(10.5%)가 뒤를 잇고 있다. 도시바와 웨스턴디지털이 연합 공세를 펴면 삼성전자 지위는 언제든 위협받을 수 있는 구조다. 이와테현 공장은 2020년부터 본격 양산에 들어갈 예정이다. [황형규 기자]▶뉴스 이상의 무궁무진한 프리미엄 읽을거리 ▶아나운서가 직접 읽어주는 오늘의 주요 뉴스[ⓒ 매일경제 & mk.co.kr, 무단전재 및 재배포 금지]매일경제 관련뉴스해당 언론사에서 선정하며 언론사 페이지(아웃링크)로 이동해 볼 수 있습니다.하리수 맞아? 확 바뀐 미모에 복근까지 \'깜짝\'성병 \'콘딜로마\' 20~30대 남성 감염 급증서지혜 섹시 수영복…블랙 시스루 완벽몸매플로리다 덮친 한파에 \'냉동\' 이구아나 속출황정음, 출산 후 달라진 글래머 몸매 \'입이 쩍\'좋아요0훈훈해요0슬퍼요0화나요0후속기사 원해요0기사제공 :']"
16,삼성전자, 2018-01-0516:10,아시아경제 ,"코스피, 외국인·기관 동반 매수에 2500선 '바짝'",https://finance.naver.com/news/news_read.nhn?article_id=0004152704&office_id=277&mode=search&query=삼성전자&page=2,"['       코스피, 외국인·기관 동반 매수에 2500선 \'바짝\'      기사입력2018-01-05 16:10기사원문좋아요훈훈해요좋아요 평가하기공감좋아요0훈훈해요0슬퍼요0화나요0후속기사 원해요0댓글 [아시아경제 박나영 기자]코스피가 외국인과 기관의 동반 매수에 2500선에 바짝 다가섰다. 5일 코스피는 전 거래일 대비 31.06포인트(1.26%) 오른 2497.52에 거래를 마감했다.이날 외국인과 기관이 각각 2463억원, 1013억원어치를 사들이며 지수상승을 이끌었다. 전날 수급 부담에 4000억원 가까이 차익실현에 나섰던 기관이 순매수로 돌아섰고 외국인은 4거래일 연속 매수세를 이어갔다. 반면 개인은 3706억원을 순매도했다.김경민 대신증권 연구원은 ""4일을 기점으로 국가지자체의 연말 배당프로그램 매수물량이 대부분 해소되면서 국내 기관수급이 개선되고 있다""며 ""글로벌 위험자산 강세에도 불구하고 상대적으로 부진을 면치 못했던 코스피의 상승반전에 힘을 실어줄 수 있는 변화""라고 분석했다. 업종별로는 전기전자 업종의 상승률이 2.35%로 두드러졌다. 화학(1.23%), 의약품(2.23%), 기계(1.08%), 운송장비(0.63%), 통신업(2.34%), 금융업(1.2%), 은행(1.28%), 제조업(1.57%) 등이 상승했다. 반면 음식료품(-0.47%), 전기가스업(-0.14%), 건설업(-0.21%), 운수창고(-0.39%) 등은 하락했다.시가총액 상위종목이 일제히 상승했다. 삼성전자와 SK하이닉스가 각각 2.04%, 2.85% 상승률을 기록했고 LG전자도 이날 4.72% 올랐다. 그외 현대차(1.71%), 네이버(1.68%), LG화학(2.4%), KB금융(1.75%), 삼성바이오로직스(1.83%), 삼성물산(1.56%), SK텔레콤(3.08%) 등도 높은 상승률을 기록했다. 반면 LG생활건강(-0.77%), LG(-0.34%), KT&G(-2.68%), 넷마블게임즈(-2.92%) 등은 하락했다.박나영 기자 bohena@asiae.co.kr▶ 양낙규의 \'군사이야기\'▶ #아시아경제 채널 구독 ▶ #아시아경제 페이스북아시아경제 관련뉴스해당 언론사에서 선정하며 언론사 페이지(아웃링크)로 이동해 볼 수 있습니다.유시민 해냈다…""다시 복지부장관으로"" 난리이 와중에…한반도에 몰려드는 엄청난 군사력""임종석, 어디서 나온 버르장머리…"" 발끈""추신수, 연봉 1370억원 반도 못 챙겨""또 발목 잡힌 이재명, 작심비판 ""살인자도…""좋아요0훈훈해요0슬퍼요0화나요0후속기사 원해요0기사제공 :']"
17,삼성전자, 2018-01-0516:09,뉴시스 ,"[마감시황]코스피·코스닥, 다시 '점프'…'美훈풍+반발매수세' 영향",https://finance.naver.com/news/news_read.nhn?article_id=0008378469&office_id=003&mode=search&query=삼성전자&page=2,"['       [마감시황]코스피·코스닥, 다시 \'점프\'…\'美훈풍+반발매수세\' 영향      기사입력2018-01-05 16:09기사원문좋아요훈훈해요좋아요 평가하기공감좋아요0훈훈해요0슬퍼요0화나요0후속기사 원해요0댓글【서울=뉴시스】김형섭 기자 = 코스피와 코스닥이 5일 지수 하락에 따른 반발 매수세 유입과 미국 증시 호조에 따른 투자심리 개선을 바탕으로 동반 상승했다.이날 코스피 지수는 전 거래일(2466.46) 대비 31.06포인트(1.26%) 오른 2497.52로 마감하며 하루 만에 다시 상승세로 돌아섰다.지수는 전 거래일(2466.46)보다 10.39포인트(0.42%) 오른 2476.85로 출발했다. 이후 외국인과 기관 투자자가 본격적으로 주식을 사들이면서 지수도 줄곧 우상향했다.전날 차익실현 매물로 지수가 20포인트 가까이 빠지자 다시 반발 매수세가 유입된 결과다. 간밤 뉴욕 증시가 또 다시 3대 지수 모두 사상 최고치로 마감한 것도 투자심리에 긍정적 영향을 줬다.골드만삭스가 삼성전자에 대해 디램(DRAM) 가격 환경이 긍정적이기 때문에 올해 견고한 펀더멘털이 유효하다는 내용의 우호적 보고서를 내놓은 것도 영향을 미친 것으로 풀이된다.서상영 키움증권 연구원은 ""연일 사상 최고치를 경신하는 미국 증시에 힘입어 한국 증시는 상승 출발한 뒤 기업실적 개선 기대감이 높은 전기전자 업종 위주로 외국인과 기관의 순매수가 유입돼 상승폭이 확대됐다""며 ""골드만삭스의 삼성전자에 대한 보고서도 관련 기업 투자심리에 우호적인 영향을 줬다""고 설명했다.이날 유가증권시장에서 외국인과 개인은 각각 2469억원, 1014억원씩을 순매수하며 지수를 끌어올렸다. 개인은 3711억원을 순매도했다.이날 고점은 종가인 2497.52였으며 저점은 2475.51이었다. 거래량은 3억529만주, 거래대금은 6조1571억원이었다. 음식료업(-0.47%), 운수창고(-0.39%), 건설업(-0.21%), 전기가스업(-0.14%)을 제외한 모든 업종이 올랐다.전기전자(2.35%)와 통신업(2.34%), 의약품(2.23%)이 2%대 동반 강세를 나타냈다. 증권(1.99%), 제조업(1.57%), 은행(1.28%), 화학(1.23%), 금융업(1.20%), 기계(1.08%) 등도 올랐다.시가총액 상위 20개 종목들은 -0.77% 떨어진 LG생활건강과 가격변동이 없었던 현대모비스 및 한국전력을 제외하고 모든 종목이 상승했다.\'대장주\' 삼성전자가 전 거래일 대비 2.04%(5만2000원) 오른 260만6000원에 장을 마쳤다. 시총 2위 SK하이닉스도 2.85%(2200원) 떨어진 7만9300원에 거래가 종료됐다. 삼성전자우(1.10%), 현대차(1.71%), NAVER(1.68%), LG화학(2.40%), KB금융(1.75%), 삼성바이오로직스(1.83%), 삼성물산(1.56%), 신한지주(1.42%), SK텔레콤(3.08% ), SK(2.67%), SK이노베이션(1.51%), LG전자(4.72%), 삼성에스디에스(1.57%) 등도 1% 이상 올랐다.코스닥 지수도 전 거래일(808.01)보다 20.02포인트(2.48%) 오른 828.03에 마감하며 전날 하락폭을 모두 만회한 것은 물론 2007년 7월12일(828.22) 이후 약 10년6개월 만에 최고치를 기록했다.지수는 전 거래일(808.01)보다 4.04포인트(0.50%) 오른 812.05로 출발한 뒤 오후 들어 상승폭을 키우며 830선에 근접했다.서 연구원은 ""코스닥은 전일 장 막판 하락을 뒤로하고 강한 반등세를 나타냈다""며 ""전일 하락 요인이었던 제약·바이오 업종과 실적 개선이 기대되는 일부 IT 부품, 소재 업종 등이 상승을 주도했다""고 분석했다.외국인이 1855억원을 순매수하며 지수 상승을 견인했다. 기관과 개인은 각각 1421억원, 381억원을 순매도했다.바이오 업종이 주로 포진한 코스닥 시총 상위 10개 종목은 보합에 머무른 CJ E&M을 제외하고 모두 올랐다.코스닥 시총 1위 셀트리온은 전 거래일 대비 6.76%(1만6900원) 오른 26만6900원에 장을 마쳤다. 셀트리온헬스케어(2.83%), 신라젠(8.46%), 티슈진(1.69%), 펄어비스(2.62%), 바이로메드(3.71%), 로엔(0.76%), 메디톡스(0.55%), 포스코켐텍(7.65%) 등도 상승했다. ephites@newsis.com▶ 뉴시스 빅데이터 MSI 주가시세표 바로가기 ▶ 네이버 채널에서 뉴시스를 구독해주세요뉴시스 관련뉴스해당 언론사에서 선정하며 언론사 페이지(아웃링크)로 이동해 볼 수 있습니다.[빅데이터MSI]오후 주식시장 심리 7→7→7단계 \'매우 좋음\'5일 빅데이터 \'핫 키워드\'…매수·유지·기관·투자의견·시장시장심리 톱5…OCI·POSCO·롯데쇼핑·대우조선해양·현대차11월 경상수지 69개월째 흑자…여행수지 부진은 여전지난해 ELS 발행액 81조1156억원…증시 호황에 사상 최고좋아요0훈훈해요0슬퍼요0화나요0후속기사 원해요0기사제공 :']"
18,삼성전자, 2018-01-0516:07,매일경제 ,스마트폰 성장세 둔화되는데…낸드플래시 공장 증설 부담,https://finance.naver.com/news/news_read.nhn?article_id=0004078516&office_id=009&mode=search&query=삼성전자&page=2,"['       스마트폰 성장세 둔화되는데…낸드플래시 공장 증설 부담      기사입력2018-01-05 16:07기사원문좋아요훈훈해요좋아요 평가하기공감좋아요0훈훈해요0슬퍼요0화나요0후속기사 원해요0댓글험난한 올 국내 반도체업계반도체 조사기관 D램익스체인지의 분석처럼 실제 낸드플래시 메모리 가격은 연초부터 하락하고 있다. 5일 D램익스체인지에 따르면 낸드플래시 128Gb(기가비트) MLC 기준으로 지난해 11월 5.60달러까지 치솟았지만 최근 가격은 안정세로 돌아섰다. 이미 지난달  거래 가격의 성장세가 꺾인 데 이어 1분기에는 5.15달러의 평균 가격을 유지할 것으로 보인다. 특히 2분기에는 낙폭이 확대되면서 4.44달러까지 가격이 떨어질 것으로 예상된다. 이는 지난해 평균인 4.78달러에 못 미치는 가격으로 분기마다 최대 실적 경신하던 슈퍼사이클이 하향 곡선을 그리기 시작한 것으로 분석된다. 업계 전문가들은 D램의 하향 곡선은 이보다는 완만하지만 정점을 지난 것으로 분석하고 있다.이렇게 된다면 삼성전자 반도체 부문은 지난해 계속된 50~60%의 영업이익률을 올해는 기대하기 힘든 분위기다. SK하이닉스 역시 같은 기간 영업이익률이 56%에 달했다. 과거 반도체 호황기는 2006~2007년, 2009~2010년으로 2년 정도 지속됐다. D램과 낸드플래시 가격이 본격 반등한 시기는 2016년 하반기부터였다. 사이클상 올 상반기가 남은 수명으로 올 한 해는 \'상고하저\'가 유력하다는 분석이다.특히 지난해 잠시 살아났던 PC 수요도 인텔의 중앙처리장치(CPU) 문제가 제기되면서 올해 고전이 예상된다. 스마트폰 시장은 전체적으로는 지난해보다 성장이 예상되지만 성장폭 측면에서는 지난해보다 1~2%포인트 줄어들 것으로 예상된다. 이에 따라 메모리 반도체 수요를 이끌었던 주요 품목 부진은 수요 측면에서의 전망도 어둡게 하고 있다. 여기에다 가장 큰 폭의 수요 증가로 가파른 상승을 이끌었던 데이터센터 서버용 수요도 잠시 숨을 고를 가능성이 높은 것으로 분석된다.  다만 일각에선 이 같은 전망이 증설에 따른 우려를 지나치게 반영하고 있다는 분석도 나온다. 일부에서 낸드플래시 등 사업에 중국 기업의 진출을 우려하고 있지만 실제 양산과 시장 진입은 쉽지 않다는 예상도 나온다. 김경민 대신증권 연구원은 ""중국 기업들은 한국 기업과의 기술 격차를 감안할 때 48단 낸드 이상의 적층기술 적용이나 38나노 미만의 미세기술 적용이 어렵다고 판단된다""며 ""중국에서 양산이 시작된다 하더라도 원가 경쟁력 측면에서는 한국 기업이 여전히 수년 이상 앞서 있다""고 말했다. 더군다나 시장을 장악한 삼성전자와 SK하이닉스가 미세 공정을 가속화하고 증설 투자를 늘린다면 다른 기업들은 투자를 조절할 것이란 낙관론도 있다. 그러나 원가 경쟁력에서 앞선 국내 업체들이 메모리 반도체 증설 게임을 주도한다면 현재와 같은 슈퍼사이클은 기대하기 어렵다는 게 전반적인 분위기다.     유종우 한국투자증권 연구원은 ""스마트폰용 모바일 낸드와 솔리드스테이트드라이브(SSD)용 수요 증가가 모두 둔화되고 있고 공급업체들의 3차원(D) 낸드 공정 전환이 점차 안정화할 것""이라며 ""수급이 완화되면서 메모리 반도체 가격이 떨어질 것으로 보인다""고 말했다. [이동인 기자]▶뉴스 이상의 무궁무진한 프리미엄 읽을거리 ▶아나운서가 직접 읽어주는 오늘의 주요 뉴스[ⓒ 매일경제 & mk.co.kr, 무단전재 및 재배포 금지]매일경제 관련뉴스해당 언론사에서 선정하며 언론사 페이지(아웃링크)로 이동해 볼 수 있습니다.하리수 맞아? 확 바뀐 미모에 복근까지 \'깜짝\'성병 \'콘딜로마\' 20~30대 남성 감염 급증서지혜 섹시 수영복…블랙 시스루 완벽몸매""화분 깨고 바닥에 토까지"" 펜션 운영자의 하소연황정음, 출산 후 달라진 글래머 몸매 \'입이 쩍\'좋아요0훈훈해요0슬퍼요0화나요0후속기사 원해요0기사제공 :']"
19,삼성전자, 2018-01-0516:05,헤럴드경제 ,"[마감시황] 코스피, 외인 ‘러브콜’에 강세…코스닥도 820선 훌쩍",https://finance.naver.com/news/news_read.nhn?article_id=0001337140&office_id=016&mode=search&query=삼성전자&page=2,"['       [마감시황] 코스피, 외인 ‘러브콜’에 강세…코스닥도 820선 훌쩍      기사입력2018-01-05 16:05기사원문좋아요훈훈해요좋아요 평가하기공감좋아요0훈훈해요0슬퍼요0화나요0후속기사 원해요0댓글 [헤럴드경제=최준선 기자] 코스피가 1% 넘는 상승률을 기록하며 2500선 재진입을 목전에 뒀다. 코스닥 또한 큰 폭의 오름세를 나타내며 830을 바라보고 있다. 외국인 매수세에 ‘연초 효과’를 톡톡히 누린 시가총액 상위 종목들은 일제히 강세를 나타냈다.5일 코스피는 전날보다 31.06포인트(1.26%) 오른 2497.52에 장을 마쳤다.강세로 출발한 지수는 장 내내 우상향 곡선을 그렸다.이날의 지수 상승을 견인한 것은 외국인과 기관이었다. 외국인은 5거래일째 매수 우위를 보이며 이날 2463억원어치 주식을 사들였다. 기관도 3거래일 만에 ‘사자’로 돌아서 1018억원을 순매수했다.반면 개인은 홀로 3708억원어치 주식을 팔아치웠다. [사진=게티이미지]업종별로도 상승세가 보다 뚜렷했다.2.35%오른 전기ㆍ전자 업종을 비롯해 통신업(2.34%), 의약품(2,23%), 증권(1.99%), 제조업(1.57%) 등이 강세를 나타냈다.반면 음식료품(-0.47%), 운수창고(-0.39%), 건설업(-0.21%), 전기가스업(-0.14%) 등은 하락 마감했다.시가총액 상위 종목들은 일제히 오름세를 나타냈다.삼성전자는 2.04% 오른 260만6000원에 거래를 마치며 지난달 12일 이후 처음으로 종가 기준 260만원선을 회복했다.SK하이닉스는 2.85% 오른 7만9300원에 장을 마쳤다.이밖에 현대차(1.71%), 포스코(POSCO)(0.14%), 네이버(NAVER)(1.68%), LG화학(2.40%), 삼성바이오로직스(1.83%), 삼성물산(1.56%), 삼성생명(0.83%) 등이 모두 상승 마감했다.KB금융(1.75%), LG전자(4.72%)도 52주 신고가를 새로 썼다.반면 SK케미칼을 인적분할해 이날 재상장된 사업회사 SK케미칼은 3.15%의 하락률을 나타냈다. 반면 지주사로 변경 상장된 SK디스커버리는 6%대 급등해 희비가 엇갈렸다.현대모비스와 한국전력은 전날과 같은 가격에 거래를 마쳤다.코스닥 지수는 전날보다 20.02포인트(2.48%) 오른 828.03에 장을 마쳤다. 이는 지난해 2007년 7월 12일(828.22) 이후 최고치다.전날 대비 상승 출발한 지수는 장 내내 꾸준한 오름세를 기록했다.이날 상승의 주역은 외국인이었다. 홀로 1854억원을 순매수했다.반면 개인은 5거래일 만에 매도세로 전환, 이날 380억원어치 주식을 팔아치웠다. 기관도 6거래일 연속 매도 우위를 보이며 1421억원을 순매도했다.코스닥 시총 상위 종목 역시 일제히 강세를 기록했다.셀트리온은 이날 6.76%오른 26만6900원에 거래를 마치며 6거래일 연속 사상 최고치를 경신했다. 국내 증시 전체 시총 순위로는 포스코(POSCO)를 제친 4위에 올라섰다.셀트리온헬스케어(2.83%), 셀트리온제약(1.27%) 역시 상승 마감했다.전날 대주주의 지분 매도 소식으로 급락한 신라젠은 이날 8.36% 오르며 10만원 선을 회복했다.티슈진(Reg.S)(1.69%), 펄어비스(2.62%), 바이로메드(3.71%), 로엔(0.76%), 메디톡스(0.55%), 포스코켐텍(7.65%) 등이 큰 폭으로 상승했다.이날 서울 외환시장에서 원ㆍ달러 환율은 전날보다 0.5원 오른 1062.7원에 거래를 마쳤다.human@heraldcorp.com▶ 생활용품 또 떨어졌어? 마트 가지 말고 한번에 쓱~▶헤럴드경제 채널 설정하기 ▶카카오플러스 친구맺기 - Copyrights ⓒ 헤럴드경제 & heraldbiz.com, 무단 전재 및 재배포 금지 -헤럴드경제 관련뉴스해당 언론사에서 선정하며 언론사 페이지(아웃링크)로 이동해 볼 수 있습니다.류여해 ""홍준표, 내 손 잡고 주물럭…속상했다""류현진·배지현 오늘(5일) 결혼…사회는 유재석이언주 ""장제원, 바른정당 있을때는 샤방샤방""김종석, 시민 문자에 \'ㅁㅊㅅㄲ\',\'ㅅㄱㅂㅊ\' 답문 파문30대 엄마, 아파트서 어린 두자녀 던지고 투신좋아요0훈훈해요0슬퍼요0화나요0후속기사 원해요0기사제공 :']"
0,삼성전자, 2018-01-0516:00,매일경제 ,바이오 비중 작은 코스닥 ETF 주목,https://finance.naver.com/news/news_read.nhn?article_id=0004078494&office_id=009&mode=search&query=삼성전자&page=3,"[""       바이오 비중 작은 코스닥 ETF 주목      기사입력2018-01-05 16:00기사원문좋아요훈훈해요좋아요 평가하기공감좋아요0훈훈해요0슬퍼요0화나요0후속기사 원해요0댓글코스닥150 추종 ETF 등 바이오 쏠림 심해 불안통합 중소형주ETF 등 대안 바이오 비중이 작은 코스닥 상장지수펀드(ETF)가 코스닥 투자 '대안 상품'으로 각광받고 있다. 연초부터 코스닥지수가 연일 점프하는 가운데 바이오 일색인 코스닥150지수를 추종하는 ETF에 투자하기는 부담스럽다는 의견이 대두되고 있기 때문이다. 바이오 쏠림 현상이 적은 ETF에 분산투자하면 코스닥지수 상승에 따른 수혜를 보면서도 고평가 논란이 불거지는 바이오 주식 급락에 따른 위험은 제거할 수 있는 장점이 있다.5일 에프앤가이드에 따르면 코스닥150과 코스닥150지수의 1.5배 변동을 추종하는 7개 ETF에는 지난 1개월간 자금 5800억원이 몰려들었다. 3개월 기준으로 7개 ETF에 들어간 자금만 1조3000억원에 달한다. 지난해 10월 설정액이 2000억원을 밑돌았던 삼성KODEX코스닥150 ETF는 3개월 만에 설정액이 3배 넘게 늘어 8000억원 고지를 눈앞에 두고 있다.하지만 이들 ETF는 바이오 투자 비중이 지나치게 높아 투자자들의 우려가 높아지고 있다. 코스닥 시장에서 시가총액이 큰 종목 대다수가 바이오 업체이기 때문이다. 4일 기준 삼성KODEX코스닥150 ETF에는 셀트리온(23.47%) 셀트리온헬스케어(8.11%) 신라젠(5.20%) 바이로메드(2.19%) 종목이 담겨 있다. 투자 비중이 높은 10개 종목 중 8개가 바이오 업체다.전문가들은 대안 상품으로 KBSTAR KQ고배당 ETF, TIGER 코스닥150IT ETF, TIGER 코스닥150로우볼 ETF, TREX 중소형가치 ETF 등을 검토할 수 있다고 조언한다. 이들 ETF는 코스닥 시장에 주로 투자하지만 바이오 투자 비중이 낮아 변동성을 줄인 장점이 있다. KBSTAR KQ고배당 ETF는 셀트리온 외에는 바이오 종목을 아예 담지 않았다. 코스닥 기업 중 재무 상태가 우량하고 배당을 많이 주는 기업을 엄선했다. 포스코켐텍(6.84%) GS홈쇼핑(5.66%) SK머티리얼즈(4.88%) SKC코오롱PI 등 업종별로 고루 투자 포트폴리오를 짰다. TIGER 코스닥150IT ETF는 코스닥 기업 중 IT에만 투자하는 상품이다. 삼성전자, SK하이닉스 주가 상승 이후 4차 산업혁명 수혜가 중소형주 위주로 전개될 거라는 목소리가 나온다. 이 경우 이 ETF는 가장 먼저 수혜를 볼 수 있는 구조다. [홍장원 기자]▶뉴스 이상의 무궁무진한 프리미엄 읽을거리 ▶아나운서가 직접 읽어주는 오늘의 주요 뉴스[ⓒ 매일경제 & mk.co.kr, 무단전재 및 재배포 금지]매일경제 관련뉴스해당 언론사에서 선정하며 언론사 페이지(아웃링크)로 이동해 볼 수 있습니다.하리수 맞아? 확 바뀐 미모에 복근까지 '깜짝'성병 '콘딜로마' 20~30대 남성 감염 급증서지혜 섹시 수영복…블랙 시스루 완벽몸매플로리다 덮친 한파에 '냉동' 이구아나 속출황정음, 출산 후 달라진 글래머 몸매 '입이 쩍'좋아요0훈훈해요0슬퍼요0화나요0후속기사 원해요0기사제공 :""]"
1,삼성전자, 2018-01-0515:58,연합뉴스 ,되찾아온 '신년 기대감'…코스피·코스닥 동반 질주,https://finance.naver.com/news/news_read.nhn?article_id=0009793733&office_id=001&mode=search&query=삼성전자&page=3,"['       되찾아온 \'신년 기대감\'…코스피·코스닥 동반 질주      기사입력2018-01-05 15:58기사원문좋아요훈훈해요좋아요 평가하기공감좋아요0훈훈해요0슬퍼요0화나요0후속기사 원해요0댓글코스피ㆍ코스닥 상승 마감(서울=연합뉴스) 이지은 기자 = 미국 증시 훈풍에 코스피와 코스닥이 상승세를 되찾은 5일 오후 서울 중구 KEB하나은행 딜링룸에서 직원이 업무를 보고 있다. 이날 코스피는 전 거래일보다 31.06포인트(1.26%) 오른 2,497.52에 거래를 마감했고, 코스닥은 20.02포인트(2.48%) 오른 828.03에 마감했다.     jieunlee@yna.co.kr外人 대량 매수…코스피 2,500·코스닥 830선 눈앞에 (서울=연합뉴스) 전명훈 기자 = 전날 하루 숨을 고른 코스피와 코스닥지수가 다시 힘차게 치솟았다.    5일 코스피는 전 거래일보다 31.06포인트(1.26%) 오른 2,497.52로 장을 마감했다.    지수는 전날보다 10.39포인트(0.42%) 오른 2,476.85로 장을 출발한 뒤 한때 2,480선에서 머물렀으나 외국인의 순매수 순풍을 타고 솟아올라 2,500선 코앞까지 전진했다.    이날 오전 \'팔자\'이던 외국인은 오후 들어 방향을 바꿔 2천469억원어치를 사들였다. 5거래일째 매수 우위다.    이날 기관도 1천13억원어치 순매수로 지수 상승에 힘을 더했다. 개인은 3천711억원어치 매도 우위였다.     이경민 대신증권 연구원은 ""연초 이후 기관의 프로그램 매도가 발목을 잡아왔는데 오늘은 프로그램 매물이 제한적이고, 외국인 매수가 강하게 유입되면서 지수가 상승세를 되찾았다""고 분석했다.    이 연구원은 ""한국 증시에서 큰 비중을 차지하는 전기전자 업종은 원화 강세라는 변수에도 불구하고 12개월 선행 주가순수익비율(PER)이 7.6배로 2013년 이후 최저 수준의 저평가 상태""라며 ""다음주 옵션 만기일을 지나고 기관의 프로그램 매물 압력까지 해소되면 코스피의 상승 추세가 당분간 계속될 것""이라고 전망했다.    시가총액 상위 10위 내 모든 종목이 상승장 분위기를 만끽했다.    삼성전자(2.04%), SK하이닉스(2.85%), 현대차(1.71%), 포스코(0.14%), NAVER(1.68%), LG화학(1.68%), KB금융(1.75%), 삼성바이오로직스(1.83%), 삼성물산(1.56%), 삼성생명(0.83%) 등 예외가 없었다.    업종별로는 전기전자(2.35%), 통신업(2.34%), 의약품(2.23%), 증권(1.99%), 제조업(1.57%), 은행(1.28%), 화학(1.23%), 금융업(1.20%), 기계(1.08%) 등이 1%대 이상 상승했다.    이날 음식료품(-0.47%), 운수창고(-0.39%), 건설업(-0.21%), 전기가스업(-0.14%) 등 4개 업종만 소폭 하락했다.    코스닥은 더 가파르게 상승했다.    코스닥지수는 전 거래일보다 20.02포인트(2.48%) 오른 828.03으로 거래를 마쳤다.    종가로는 2007년 7월12일(822.22)이후 약 11년 만의 최고치다.    전날보다 4.04포인트(0.50%) 오른 812.05로 출발한 코스닥지수는 제약·바이오 업종 대표주의 상승세를 바탕으로 거침없이 상승해 830선을 눈앞에 뒀다.    코스닥지수 종가는 2002년 이후 16년 동안 830선을 밟아 본 적이 없다.    상승세는 시총 상위주가 이끌었다.     셀트리온(6.76%), 셀트리온헬스케어(2.83%), 셀트리온제약(1.27%) 등 셀트리온 3형제를 비롯해 신라젠(8.46%), 티슈진(1.69%), 펄어비스(2.62%), 바이로메드(3.71%), 로엔(0.76%), 메디톡스(0.55%), 포스코켐텍(7.65%), 휴젤(1.29%), 코미팜(1.79%), 파라다이스(4.03%) 등이 일제히 올랐다.    외국인이 1천854억원 순매수로 지수를 끌어올렸고, 기관과 외국인은 각각 1천425억원, 376억원어치 순매도로 차익을 실현했다.    id@yna.co.kr▶기사제보 및 문의▶기자와 1:1 채팅\xa0\xa0▶최신 트렌드연합뉴스 관련뉴스해당 언론사에서 선정하며 언론사 페이지(아웃링크)로 이동해 볼 수 있습니다.\xa0[단독] 장현승·신수지, 4개월째 열애…""볼링이 공통분모""\xa0마약인줄 알고 흡입…호주여행 청년 9명 중 2명 위독\xa0\'ㅁㅊㅅㄲ\' 문자 김종석 의원 ""기계 스팸인줄 알고 회신""\xa0비행기 날개에 걸터앉은 승객…무슨 일 있었길래\xa0\'스파이더맨 복장 셀카\' 찍던 유학생, 기숙사서 추락사좋아요0훈훈해요0슬퍼요0화나요0후속기사 원해요0기사제공 :']"
2,삼성전자, 2018-01-0515:56,이데일리 ,"[이데일리N] 유영민 장관, 이동통신3사 CEO들에 ′5G 협력′ 요청 外",https://finance.naver.com/news/news_read.nhn?article_id=0004006075&office_id=018&mode=search&query=삼성전자&page=3,"[""       [이데일리N] 유영민 장관, 이동통신3사 CEO들에 ′5G 협력′ 요청 外      기사입력2018-01-05 15:56기사원문좋아요훈훈해요좋아요 평가하기공감좋아요0훈훈해요0슬퍼요0화나요0후속기사 원해요0댓글 [이데일리N]1. 한미 FTA 1차 개정협상…車·철강·농축산물 쟁점2. 글로벌 증시 호황에 지난해 ELS 발행액 ‘사상 최대’3. 새해 첫주 서울 아파트값 0.33%↑…2008년 이후 최대 4. 유영민 장관, 이동통신3사 CEO들에 ‘5G 협력’ 요청  5. 삼성전자, 다음주 CES서 ‘가전 신기술’ 공개 예고6. 카카오페이, 체크카드 출시…오프라인 결제 출사표- 北, 南 ‘9일 고위급회담 개최’ 제안 그대로 수용- 삼성전자 신임 경영진, 잇달아 자사주 매입- 파라다이스, 지난해 카지노 매출 5천억원…8%↓- 비트코인 열풍 주춤…이더리움 1천 달러 돌파강상원 (won3191@edaily.co.kr)▶네이버 채널에서 ‘이데일리’를 구독해주세요▶[페이스북] 보러가기~ ▶[카카오톡] 플친 맺기~♥＜ⓒ종합 경제정보 미디어 이데일리 - 무단전재 & 재배포 금지＞이데일리 관련뉴스해당 언론사에서 선정하며 언론사 페이지(아웃링크)로 이동해 볼 수 있습니다.난 월 9만원 내고 압구정 50평 아파트에 산다文정부, 제식구 챙기려 공무원 호봉제 바꿨다'KBS 정상화' 원한다는 정우성 배우 이전에 수신료 내는 시청자박근혜 임기중 12억 재산증식 비법은?…'국고의 사유화'김종석 'ㅁㅊㅅㄲ' 보낸 건 딱 한 번...'ㅅㄱㅂㅊ'는?좋아요0훈훈해요0슬퍼요0화나요0후속기사 원해요0기사제공 :""]"
3,삼성전자, 2018-01-0515:54,머니투데이 ,외인 '바이 코리아'! 코스피 2500·코스닥 830 '코앞',https://finance.naver.com/news/news_read.nhn?article_id=0003988944&office_id=008&mode=search&query=삼성전자&page=3,"['       외인 \'바이 코리아\'! 코스피 2500·코스닥 830 \'코앞\'       기사입력2018-01-05 15:54기사원문좋아요훈훈해요좋아요 평가하기공감좋아요0훈훈해요0슬퍼요0화나요0후속기사 원해요0댓글 [머니투데이 송선옥 기자] [[시황종합]외인 코스피서 5일째 순매수… 신라젠, 대표 매도에도 상승전환 성공 ]코스피 시장이 5일 외국인과 기관의 동반 매수세에 힘입어 2500 턱밑까지 올랐다. 코스닥도 시가총액 상위종목들의 고른 상승세로 2% 이상 오르며 820대에 안착했다. 미국 뉴욕증시 3대 주요지수가 사상 최고치를 기록했다는 소식에 오름세로 출발한 코스피는 외국인이 장중 순매수 전환하면서 상승폭을 강화했다. 시가총액 상위종목들이 대부분 상승하면서 지수 상승을 견인했다. 코스닥도 외국인 매수세에 주요 시가총액 상위종목들이 오르면서 830선 코앞까지 상승했다. 이경민 대신증권 마켓전략실 팀장은 ""오는 8일 LG전자, 9일 삼성전자의 잠정실적 발표를 기점으로 증시 하락요인이었던 실적 불확실성이 해소될 것""이라며 ""2018년 실적 기대감이 유입될 가능성이 높다는 점이 투자심리를 회복시키며 외국인 수급 개선을 견인할 것""이라고 전망했다.   ◇코스피, 외인 5일째 \'사자\'=코스피 지수는 전일대비 31.06포인트(1.26%) 오른 2497.52로 마감했다. 코스피 시장에서는 외국인이 2462억원 순매수, 5거래일 연속 매수세를 이어갔다. 기관이 1018억원 순매수인 반면 개인이 3705억원 순매도다. 프로그램 매매는 차익거래 3억원 순매도, 비차익거래 1199억원 순매수 등 전체 1196억원 매수 우위다. 지수선물 시장에서는 외국인이 2575계약 순매수다. 기관과 개인이 각각 928계약, 1668계약 순매도다. 업종 중에서는 전기전자 통신업 의약품이 각각 2.35%, 2.34%, 2.23% 상승했다. 화학 철강금속 기계 의료정밀 운송장비 유통업 금융업 증권 보험 서비스업 제조업 등이 상승했다. 전기가스업 건설업 운수창고 등이 내렸다. 시가총액 상위종목 상당수가 상승했다. 삼성전자가 글로벌 반도체 시장에서 1위를 했다는 소식에 2.04% 올랐다. SK하이닉스가 2.85% 상승한 7만9300원으로 마감했다. 현대차는 2017년4분기 실적 부진 전망에도 반발매수세 유입으로 1.71% 상승했다. POSCO NAVER LG화학 삼성바이오로직스 삼성물산 신한지주 SK텔레콤 등이 상승마감했다. 현대모비스 한국전력으로 보합으로 장을 마쳤다. KB금융이 1.75% 상승마감했다. KB금융은 장중 6만4400원을 기록, 52주 신고가를 다시 썼다. 삼성전기가 실적 호조 기대감에 8.30% 급등했다. 한화가 한화건설 가치 재평가 기대감에 6.42% 올랐다. 인적 분할로 재상장한 SK케미칼이 3.15% 내렸다. 지주사로 변경 상장된 SK디스커버리가 6.73% 상승했다. 암니스가 상한가다. 상승, 하락 종목은 각각 493개, 298개다. ◇코스닥 830선 코앞=코스닥 지수는 전일대비 20.02포인트(2.48%) 상승한 828.03으로 장을 마쳤다. 코스닥 시장에서는 외국인이 1854억원 순매수인 반면 기관과 개인이 각각 1421억원, 380억원 순매도했다. 상당수 업종이 상승했다. 제약이 5.28% 올랐으며 비금속이 4.25% 상승마감했다. IT종합 오락문화 통신서비스 소프트웨어 통신장비 IT부품 음식료담배 출판매체복제 기계장비 일반전기전자 등이 올랐다. 인터넷 디지털컨텐츠 등이 하락했다. 시총 상위 종목 중에서는 셀트리온이 6.76% 올라 26만6900원으로 마감했다. 셀트리온헬스케어 셀트리온제약이 각각 2.83%, 1.27% 상승했다. 신라젠이 문은상 대표의 대규모 주식 처분 하락세를 보이다 상승 전환에 성공, 8.46% 올랐다. 포스코켐텍이 음극재 사업 기대감 반영으로 7.65% 상승마감했다. 티슈진 펄어비스 바이로메드 로엔 메디톡스 휴젤 코미팜 파라다이스 등이 올랐다. CJ E&M이 보합 마감했다. 신작 기대감에 급등했던 웹젠이 차익실현 매물 출현으로 10.98% 내렸다. 폭스브레인 우리기술투자 등 2개 종목이 상한가다. 741개 종목이 상승, 414개 종목이 하락했다. 한편 원/달러 환율은 서울 외국환 시장에서 전일대비 0.50원(0.05%) 올라 1062.70원으로 마감했다. 코스피200 지수선물 3월물은 3.95포인트(1.21%) 오른 329.45를 기록했다. ▶돌아본 2017 \'10대 키워드\'▶무료 만화 보고 선물도 받고~ ▶치어리더 vs 레이싱걸 송선옥 기자 oops@mt.co.kr 머니투데이 관련뉴스해당 언론사에서 선정하며 언론사 페이지(아웃링크)로 이동해 볼 수 있습니다.2018년 공무원 봉급표… \'1급 공무원\' 월급은?현대차 노조, 새해 벽두부터 파업[친절한 판례氏]""내연남이 또 바람 피웠어요"" 위자료 받을 수 있나가상통화 열풍에 빗썸 억대 성과급 지급 기대…직원들 \'好好\'11층 빌딩도 모자라 1년 안 돼 이사 준비하는 빗썸좋아요0훈훈해요0슬퍼요0화나요0후속기사 원해요0기사제공 :']"
4,삼성전자, 2018-01-0515:52,서울경제 ,[마감시황] 코스피·코스닥 상승 마감,https://finance.naver.com/news/news_read.nhn?article_id=0003190549&office_id=011&mode=search&query=삼성전자&page=3,"['       [마감시황] 코스피·코스닥 상승 마감      기사입력2018-01-05 15:52기사원문좋아요훈훈해요좋아요 평가하기공감좋아요0훈훈해요0슬퍼요0화나요0후속기사 원해요0댓글 [서울경제] 코스피와 코스닥 지수가 5일 각각 2%대 상승률을 보이며 오름세로 장을 마쳤다. 이날 코스피 지수는 전 거래일 대비 31.06포인트(1.26%) 오른 2,497.52에 마감했다. 이날 전 거래일 대비 10.39포인트(0.42%) 오른 2,476.85에 출발한 지수는 장 중 거의 대부분 상승세를 보이며 마감까지 이를 지켜냈다. 이날 상승 동력은 외국인과 기관이었다. 외국인은 2,455억원, 기관은 1,014억원 어치 순매수를 하며 지수를 끌어올렸다. 반면 개인은 -3,707억원 순매도를 나타냈다. 특히 외국인은 5거래일 연속 순매수세를 나타내며 향후 오름세 유지의 가능성을 높였다. 시가총액 상위 종목들도 삼성전자(2.04%), SK하이닉스(2.85%), 현대차(1.71%), POSCO(0.14%) 등 모두 강세로 마감했다. 특히 삼성전자, 현대차, POSCO, SK하이닉스 등 시총 상위 종목들이 외인 순매수 순위 상위권에 올랐다. 코스닥 지수도 전 거래일 대비 20.02포인트(2.48%) 오른 828.03으로 장을 마쳤다. 상승률로만 따지면 지난해 12월22일 기록했던 2.82% 다음 가는 수치다. 이르면 오는 11일 발표될 예정인 정부의 코스닥 활성화 방안에 대한 기대감이 지수를 연일 끌어올리고 있다. 한편 서울외환시장에서 이날 원·달러 환율은 전 거래일 대비 0.5원 오른 1,062.7원에 장을 마쳤다. /조양준기자 mryesandno@sedaily.com[서울경제 바로가기]이제 주식시세도 서울경제에서 확인하세요 [바로가기▶]서울경제의 모든 연재물!... 서경Cube [바로가기▶]저작권자 ⓒ 서울경제, 무단 전재 및 재배포 금지서울경제 관련뉴스해당 언론사에서 선정하며 언론사 페이지(아웃링크)로 이동해 볼 수 있습니다.추자도 전복어선 선장, 배 기우는 것 알면서도 작업했다\'입주폭탄\' 동탄·용인·평택, 분양가보다 싼 급매 속출최민환♥율희, 결혼·임신 예측한 \'성지글\' 화제···""팩트만 말함""\'슬기로운 감빵생활\' 스마트 해롱? 이규형, 박해수 지켰다[SE★이슈] 최민환♥율희, \'열애 인정→탈퇴→결혼\' 초스피드 연애사좋아요0훈훈해요0슬퍼요0화나요0후속기사 원해요0기사제공 :']"
5,삼성전자, 2018-01-0515:47,한국경제 ,"코스피·코스닥, 외국인 러브콜에 하루만에 '반등'",https://finance.naver.com/news/news_read.nhn?article_id=0003874988&office_id=015&mode=search&query=삼성전자&page=3,"[""       코스피·코스닥, 외국인 러브콜에 하루만에 '반등'      기사입력2018-01-05 15:47기사원문좋아요훈훈해요좋아요 평가하기공감좋아요0훈훈해요0슬퍼요0화나요0후속기사 원해요0댓글사진=게티이미지뱅크코스피지수와 코스닥지수가 외국인 투자자의 러브콜에 힘입어 하루 만에 반등했다. 코스피지수는 2490선을 회복했고, 코스닥지수는 820선을 되찾았다.5일 코스피는 전날보다 31.06포인트(1.26%) 뛴 2497.52에 장을 마감했다.전날 미국 뉴욕증시 주요 3대 지수가 사상 최고치를 재경신한 가운데 코스피는 하루 만에 반등에 나섰다. 2470선에서 장을 시작한 코스피는 점차 상승폭을 키워나갔다.유가증권시장에서 외국인이 장 초반 '사자'로 돌아서 2467억원어치 주식을 순매수했다. 5거래일 연속 매수 우위 기조를 이어갔다. 기관도 4거래일 만에 매수 우위를 나타내며 1019억원어치 주식을 순매수했다. 개인은 3711억원 매도 우위를 기록했다 프로그램 매수세도 지수 상승에 힘을 실었다. 프로그램은 차익(403억원 순매수), 비차익 거래(2669억원 순매수)를 합해 총 3072억원 매수 우위로 집계됐다. 업종별로 외국인 매수세가 유입된 전기전자, 통신, 의약품이 2%대 강세를 보였다. 증시 반등과 함께 증권주도 2% 가까이 올라다.시총 상위 종목은 동반 상승했다. 대장주 삼성전자가 지난달 12일 이후 처음으로 260만원 위에서 장을 마쳤다.SK케미칼을 인적분할해 이날 재상장된 사업회사 SK케미칼이 3%대 떨어지고 지주사로 변경 상장된 SK디스커버리는 6%대 급등해 희비가 엇갈렸다.코스닥도 외국인 매수세가 유입되면서 820선을 회복했다.코스닥은 전날보다 20.02포인트(2.48%) 상승한 828.03으로 장을 마무리지었다. 2007년 7월12일(828.22) 이후 가장 높은 수준을 기록했다.코스닥시장에서 외국인이 1855억원어치 주식을 순매수하며 지수를 뒷받침했다. 기관과 개인은 각각 1425억원, 377억원 매도 우위를 기록했다.  시총 상위 종목은 대부분 상승했다. 대장주 셀트리온이 6%대 급등해 26만원대도 돌파했다.한편, 원·달러 환율은 5거래일 만에 반등했다. 서울 외환시장에서 원·달러 환율은 0.50원(0.05%) 오른 1062.70원에 거래를 마쳤다.오정민 한경닷컴 기자 blooming@hankyung.com[한경닷컴 바로가기] [글방] [모바일한경 구독신청] ⓒ 한국경제 & hankyung.com, 무단전재 및 재배포 금지한국경제 관련뉴스해당 언론사에서 선정하며 언론사 페이지(아웃링크)로 이동해 볼 수 있습니다.(마감)코스닥, 20.02p 오른 828.03(마감)코스피, 31.06p 상승 2497.52최고가 16억이던 대치동 은마아파트, 지금은…9급 1호봉 공무원 월급 어느 정도였길래? '반전'만화가 허영만, '주식 투자' 5개월 만에 번 돈이…좋아요0훈훈해요0슬퍼요0화나요0후속기사 원해요0기사제공 :""]"
6,삼성전자, 2018-01-0515:45,서울경제 ,"삼성전자, 인텔 밀어내고 반도체 시장 왕좌 등극",https://finance.naver.com/news/news_read.nhn?article_id=0003190536&office_id=011&mode=search&query=삼성전자&page=3,"['       삼성전자, 인텔 밀어내고 반도체 시장 왕좌 등극      기사입력2018-01-05 15:45기사원문좋아요훈훈해요좋아요 평가하기공감좋아요0훈훈해요0슬퍼요0화나요0후속기사 원해요0댓글 메모리 반도체 시장 호조 힘입어 전년 대비 매출 53% 늘어25년만에 세계시장서 \'절대강자\' 인텔 제치고 매출 1위 차지SK하이닉스도 전년비 매출 79% 늘며 시장 3위 자리에 올라[서울경제] ◇전 세계 매출 상위 5위 반도체업체  업체 매출(백만달러) 점유율(%) 2017년\xa0순위 2016년\xa0순위 매출\xa0성장률(%)   삼성전자(005930) 6만1,215 14.6 1 2 52.6   인텔 5만7,712 13.8 2 1 6.7   SK하이닉스(000660) 2만6,309 6.3 3 4 79.0   마이크론테크놀로지 2만3,062 5.5 4 6 78.1   퀄컴 1만7,063 4.1 5 3 10.7   *자료:가트너삼성전자가 메모리 시장의 호조에 힘입어 가파른 매출 상승세를 보이며 인텔이 25년간 지켜온 반도체 왕좌를 차지했다.  글로벌 시장조사기관인 가트너의 2017년 반도체시장매출 예비조사 결과에 따르면 삼성전자는 지난해 반도체 시장에서612억1,500만달러(약 65조532억원)를 벌어들이며 577억1,200만달러(약 61조 3,305억원)를 벌어들인 인텔을 제치고 1위를 차지했다. 인텔은 공고하게 지켜온 반도체 시장 왕좌 자리를 내줬다. 삼성전자가 주력하고 있는 메모리 반도체 시장의 호조가 삼성전자의 왕좌 등극을 견인했다. 지난 해 세계 전체 반도체 매출은 4,197억달러(약446조원)로 전년 대비 22.2% 증가한 것으로 집계 됐는데, 이 중 메모리 반도체 시장의 매출은 공급 부족으로 가격이 상승하면서 전년 대비 64% 라는 가파른 성장세를 보이며 매출 성장을 견인했다. 이에 따라 삼성전자의 반도체 시장 매출도 401억400만달러(42조6,185억원)를 기록했던 전년과 비교해 52.6% 성장했다.반면 시스템 반도체가 주력인 인텔은 클라우드와 통신 서비스 제공업체로부터의 수요에 의한 데이터센터 프로세서 매출이 증가로 전체 매출이 6.7% 증가하는데 그치며 1위 자리를 내줬다. 특히 인텔이 전 세계 80% 이상을 차지하고 있는 PC 프로세서 매출 수익은 1.9%로 다소 느린 성장세를 보였다.앤드류 노우드 가트너 부사장은 “메모리는 지난해 전체 반도체 매출 성장분의 3분의 2 이상을 차지하며, 반도체 분야 최대 시장으로 자리잡았다”며 “세계 최대 메모리 공급업체인 삼성전자가 지난 1992년 이래 1위 자리를 놓치지 않았던 인텔을 밀어내고 1위를 탈환하게 된 것도 이 때문”이라고 설명했다.삼성과 마찬가지로 메모리 반도체가 주력인 SK하이닉스도 전년 대비 79% 급증한 263억900만달러(약 28조447억원)의 매출을 올린 것으로 집계됐다. 이에 따라 전체 반도체 시장에서 순위도 지난해 4위에서 3위로 올라섰다. 그러나 가트너는 삼성전자의 1위가 오래가지는 않을 것으로 내다봤다.노우드 부사장은 “중국이 자체 메모리 반도체 생산을 확대하고 있어 올해 낸드플래시를 시작으로 내년에는 디램까지 가격이 하락할 것”이라며 “이렇게 되면 경우 삼성전자는 현재의 매출 중 상당 부분을 잃게 될 것”이라고 전망했다./양사록기자 sarok@sedaily.com[서울경제 바로가기]이제 주식시세도 서울경제에서 확인하세요 [바로가기▶]서울경제의 모든 연재물!... 서경Cube [바로가기▶]저작권자 ⓒ 서울경제, 무단 전재 및 재배포 금지서울경제 관련뉴스해당 언론사에서 선정하며 언론사 페이지(아웃링크)로 이동해 볼 수 있습니다.추자도 전복어선 선장, 배 기우는 것 알면서도 작업했다\'입주폭탄\' 동탄·용인·평택, 분양가보다 싼 급매 속출최민환♥율희, 결혼·임신 예측한 \'성지글\' 화제···""팩트만 말함""\'슬기로운 감빵생활\' 스마트 해롱? 이규형, 박해수 지켰다[SE★이슈] 최민환♥율희, \'열애 인정→탈퇴→결혼\' 초스피드 연애사좋아요0훈훈해요0슬퍼요0화나요0후속기사 원해요0기사제공 :']"
7,삼성전자, 2018-01-0515:45,머니투데이 ,삼성전자 최고 경영진들 또 수십억 자사주 매입,https://finance.naver.com/news/news_read.nhn?article_id=0003988942&office_id=008&mode=search&query=삼성전자&page=3,"['       삼성전자 최고 경영진들 또 수십억 자사주 매입      기사입력2018-01-05 15:45기사원문좋아요훈훈해요좋아요 평가하기공감좋아요0훈훈해요0슬퍼요0화나요0후속기사 원해요0댓글 [머니투데이 이정혁 기자] [재계, 주인 의식 바탕 책임경영 행보 풀이…삼성전자 미래 긍정 신호 분석]삼성전자 신임 경영진이 최근 릴레이로 대규모 자사주 매입에 나서 눈길을 끌고 있다. 재계에서는 경영진들의 \'책임경영\' 의지와 함께 삼성전자의 앞날을 긍정적으로 보는 신호로 해석하고 있다.5일 삼성전자 등에 따르면, 김현석 CE부문장, 고동진 IM부문장, 노희찬 경영지원실장(사장)은 이날 각각 삼성전자 주식을 27억원, 24억원, 5억원 어치 매입했다고 공시했다.고동진 삼성전자 IM부문장앞서 김기남 DS부문장과 정은승 삼성전자 파운드리사업부장(사장)도 지난달 각각 삼성전자 주식을 87억7338만원, 12억9438만원 어치 사들인 바 있다.신임 경영진의 최근 잇따른 자사주 매입에 대해 삼성전자는 ""개인적인 판단에 따른 것""이라고 밝혔다.그러나 재계에서는 경영진들의 이 같은 행보를 주인의식을 바탕으로 한 책임경영의 일환으로 보는 분위기다.재계의 한 관계자는 ""무엇보다 핵심 경영진이 지분 매입을 통해 삼성전자 경영에 대한 실질적 책임과 향후 전망에 대한 자신감을 나타낸 것으로 보인다""고 말했다.김현석 삼성전자 CE부문장반면 일부 주요 경영진은 지난해 연말을 전후로 지분 축소에 나선 것으로 확인됐다. 이는 올해부터 강화되는 대주주 요건에 대응하기 위한 조치로 보인다.개인이 상장주식을 매도할 때 대주주에 한해 양도소득세(세율 25%)가 부과된다. 이 대주주 요건이 4월1일부터 바뀐다.현재 코스피시장에서 시가총액 25억원 이상일 경우 대주주에 해당하지만, 올해부터는 15억원 이상이면 대주주가 된다.대주주 기준은 직전 사업연도 말이기 때문에 대주주가 되지 않기 위해서는 작년 연말 전까지 보유 주식을 일부 팔아야 한다. 지난해 폐장일인 12월28일 종가(254만8000원) 기준, 삼성전자 보통주 589주 이상을 보유하면 대주주가 된다.권오현 삼성전자 종합기술원 회장은 작년 12월 18~19일 삼성전자 800주를 매도해 보유지분을 500주로 줄였고, 이상훈 이사회 의장 후보자도 같은 달 중 730주를 매도해 보유지분이 570주가 됐다.이밖에 성인희 삼성생명공익재단 사장도 작년 12월 1000주를 매도해 보유주식수를 500주로 줄였고, 박찬훈 삼성전자 기흥·화성·평택단지장(부사장)도 이달 중 보유주식수를 600주에서 450주로 낮췄다.▶돌아본 2017 \'10대 키워드\'▶무료 만화 보고 선물도 받고~ ▶치어리더 vs 레이싱걸 이정혁 기자 utopia@mt.co.kr 머니투데이 관련뉴스해당 언론사에서 선정하며 언론사 페이지(아웃링크)로 이동해 볼 수 있습니다.2018년 공무원 봉급표… \'1급 공무원\' 월급은?현대차 노조, 새해 벽두부터 파업[친절한 판례氏]""내연남이 또 바람 피웠어요"" 위자료 받을 수 있나가상통화 열풍에 빗썸 억대 성과급 지급 기대…직원들 \'好好\'11층 빌딩도 모자라 1년 안 돼 이사 준비하는 빗썸좋아요0훈훈해요0슬퍼요0화나요0후속기사 원해요0기사제공 :']"
8,삼성전자, 2018-01-0515:45,이데일리 ,"[마감]코스피, 외국인·기관 쌍끌이 매수에 2500선 '바짝'",https://finance.naver.com/news/news_read.nhn?article_id=0004006059&office_id=018&mode=search&query=삼성전자&page=3,"[""       [마감]코스피, 외국인·기관 쌍끌이 매수에 2500선 '바짝'      기사입력2018-01-05 15:45기사원문좋아요훈훈해요좋아요 평가하기공감좋아요0훈훈해요0슬퍼요0화나요0후속기사 원해요0댓글- 기관·외국인 동반 순매수 VS 개인 순매도- 통신, 전기전자, 의약품 등 상승…시총 상위주 동반 강세- 롯데정밀화학, 올해 실적개선 전망에 상승[이데일리 윤필호 기자] 코스피지수가 외국인과 기관 투자자의 동반 매수세에 힘입어 하루 만에 반등, 2500선 회복을 눈앞에 뒀다. 통신과 전기전자, 의약품 업종의 강세가 두드러졌다. 5일 코스피지수는 전 거래일보다 31.06포인트(1.26%) 오른 2497.52로 거래를 마쳤다. 이날 상승 출발한 지수는 외국인과 기관의 쌍끌이 매수세에 힘입어 상승 폭을 계속 키웠다. 미국 증시가 사상최고치로 마감하면서 투자심리에 긍정적인 영향을 미친 것으로 해석된다. 미국 뉴욕증시의 3대 주요 지수는 민간고용 호조 등으로 사상 최고치를 경신했다. 4일(현지시간) 뉴욕증권거래소(NYSE)에서 다우존스 30 산업평균지수는 전 거래일보다 152.45포인트(0.61%) 상승한 2만5075.13에 거래를 마쳤다. 스탠더드앤드푸어스(S&P) 500 지수는 전 거래일보다 10.93포인트(0.4%) 높은 2723.99에, 기술주 중심의 나스닥 지수는 12.38포인트(0.18%) 오른 7077.91에 장을 마감했다.서상영 키움증권 연구원은 “미국 증시는 견고한 고용지표를 기반으로 금융주가 상승을 주도했다”면서 “유럽 증시 또한 일부 은행주에 대한 실적 개선 기대감을 토대로 투자의견이 상향 조정되며 금융주가 상승을 주도했다”고 설명했다. 그는 “향후 한국 증시도 금융주가 상승을 주도할 것으로 예상한다”면서 “미국 증시에서 최근 반도체주가 상승하고 있는 것도  국내 증시에 우호적”이라고 평가했다. 수급 주체별로 외국인과 기관이 각각 2469억원 1014억원 매수 우위를 보였다. 기관 중에서 연기금(511억원)을 비롯해 투신(517억원), 국가·지자체(480억원), 보험(476억원), 은행(54억원) 등이 매수우위를 보였다. 반면 개인은 3711억원 순매도했다. 프로그램 매매는 차익과 비차익을 합쳐 3072억원 순매수다.업종별로 대체로 강세를 보였다. 전기전자와 통신업, 의약품 등이 2% 넘게 오른 가운데 증권, 제조업, 은행, 화학, 금융업, 기계, 보험, 서비스업, 철강금속, 유통업, 섬유의복, 종이목재 등이 상승했다. 반면 음식료업, 운수창고, 건설업, 전기가스업, 종이목재 등은 하락했다.시가총액 상위종목도 대부분 강세를 보였다. 대장주 삼성전자(005930)와 SK하이닉스(000660)가 나란히 2% 넘게 올랐다. 삼성전자우(005935)와 현대차(005380) POSCO(005490) NAVER(035420) LG화학(051910) KB금융(105560) 삼성바이오로직스(207940) 삼성물산(028260) 삼성생명(032830) 신한지주(055550) SK텔레콤(017670) 등이 상승 마감했다.개별종목별로는 OCI(010060)가 주력제품인 폴리실리콘 가격 상승으로 1분기 실적이 기대치를 웃돌것이라는 전망에 상승세를 보였다. 롯데정밀화학(004000)도 작년 4분기 호실적을 기록했고 올해도 실적 개선세를 보일 것이라는 기대감이 반영되면서 급등했다. 반면 LIG넥스원(079550)은 고정형 장거리레이더 체계 개발사업 중단에 따른 실적 축소 우려로 급락했다. 회사는 전날 방위사업청으로부터 고정형 장거리레이더 사업중단 공문을 수령했다고 공시했다.이날 거래량은 3억529만주, 거래대금 6조1571억원으로 집계됐다. 상한가 1개를 포함해 493개 종목이 올랐고 하한가 없이 298개는 내렸다. 93개 종목은 보합권에서 거래됐다.윤필호 (nothing@edaily.co.kr)▶네이버 채널에서 ‘이데일리’를 구독해주세요▶[페이스북] 보러가기~ ▶[카카오톡] 플친 맺기~♥＜ⓒ종합 경제정보 미디어 이데일리 - 무단전재 & 재배포 금지＞이데일리 관련뉴스해당 언론사에서 선정하며 언론사 페이지(아웃링크)로 이동해 볼 수 있습니다.난 월 9만원 내고 압구정 50평 아파트에 산다文정부, 제식구 챙기려 공무원 호봉제 바꿨다'KBS 정상화' 원한다는 정우성 배우 이전에 수신료 내는 시청자박근혜 임기중 12억 재산증식 비법은?…'국고의 사유화'김종석 'ㅁㅊㅅㄲ' 보낸 건 딱 한 번...'ㅅㄱㅂㅊ'는?좋아요0훈훈해요0슬퍼요0화나요0후속기사 원해요0기사제공 :""]"
9,삼성전자, 2018-01-0515:44,뉴스1 ,"[시황종합] 코스피, 외국인·기관 '사자'에 2500선 근접",https://finance.naver.com/news/news_read.nhn?article_id=0003134919&office_id=421&mode=search&query=삼성전자&page=3,"['       [시황종합] 코스피, 외국인·기관 \'사자\'에 2500선 근접      기사입력2018-01-05 15:44기사원문좋아요훈훈해요좋아요 평가하기공감좋아요0훈훈해요0슬퍼요0화나요0후속기사 원해요0댓글© News1 이은주 디자이너코스닥 2.48% 올라 828.03…10년6개월 만에 최고달러/원 환율, 0.5원 오른 1062.7원에 마감(서울=뉴스1) 김태헌 기자 = 코스피, 코스닥이 하루 만에 상승랠리를 다시 시작했다. 코스피는 외국인과 기관이 동반 \'사자\'에 나서면서 2500선에 턱밑까지 올랐다. 코스닥은 2% 넘게 오르며 지난 2007년 7월12일(828.22) 이후 약 10년6개월만에 최고치로 마감했다. 달러/원 환율은 전날보다 0.5원 오른 1062.7원에 마쳤다.코스피 지수는 5일 전거래일보다 31.06포인트(1.26%) 오른 2497.52에 장을 마쳤다. 지난해 12월5일(2510.12) 이후 한 달여 만에 최고치 마감이다.이날 코스피 상승은 외국인과 기관이 주도했다. 외국인은 2469억원, 기관은 1013억원씩 순매수했다. 외국인은 지난달 28일 이후 5거래일째 순매수다. 반면 개인은 3710억원을 순매도하며 차익을 실현했다.대장주 삼성전자와 SK하이닉스, 현대차, 포스코, 네이버 등 시가총액 상위 종목 대다수가 상승 마감했다. 시총 상위주 20종목 중 LG생활건강 한 종목만 0.77% 하락하며 약보합세로 장을 끝냈다.이날 코스닥은 전날보다 20.02포인트(2.48%) 오른 828.03에 마쳤다. 지난 2007년 7월12일(828.22) 이후 10년6개월여 만의 최고치 마감이다.외국인이 홀로 1854억원을 순매수하며 지수를 끌어올렸다. 개인과 기관은 각각 376억원, 1425억원씩 순매도했다. 기관은 코스닥 시장에서 지난달 27일 이후 6거래일 연속 \'팔자\'를 기록 중이다.김용구 하나금융투자 연구원은 ""기관이 대규모 매도를 하는 것처럼 보이지만 기관을 통한 ETF(상장지수펀드)의 차익실현 비중도 고려해야 한다""며 ""장기적으로는 기관과 외국인의 코스닥 비중 확대를 예상한다""고 말했다.코스닥 시총 상위주 대부분이 붉은 색으로 물들었다. 시총 상위주 1~20위 중 SK머티리얼즈(15위)와 스튜디오드래곤, 컴투스, 서울반도체(이하 18~20위) 4종목만 약보합세로 마감했다. 모두 낙폭은 1% 미만으로 크지 않았다.조용준 하나금융투자 리서치센터장은 증시 상승세가 상반기까지 이어질 것으로 봤다. 조 센터장은 ""코스피는 2900, 코스닥은 900 정도까지 올 상반기에 상승할 것으로 예상한다""며 ""증시 투자심리가 회복되고 있다""고 말했다.서울외환시장에서 달러/원 환율은 전날보다 0.5원 오른(원화 약세) 1062.7원에 장을 마쳤다.solidarite4u@▶ \'평창2018\' 관련 뉴스·포토 보기▶ 네이버메인에 ‘뉴스1채널’ 설정하기!▶ 여러분의 제보를 기다립니다.제보하기![© 뉴스1코리아(news1.kr), 무단 전재 및 재배포 금지]뉴스1 관련뉴스해당 언론사에서 선정하며 언론사 페이지(아웃링크)로 이동해 볼 수 있습니다.영화 \'1987\' 1000만 돌파?…文대통령이 끌어줄까동마다 인민위원회 설치?…민주 \'가짜뉴스\' 제작자 고발한밤 아파트 침입 주인 부부와 나체로 몸싸움허위진술 거부에 앙심…오토바이 4대에 방화조현병 30대 엄마, 자녀 2명과 아파트 투신좋아요0훈훈해요0슬퍼요0화나요0후속기사 원해요0기사제공 :']"
10,삼성전자, 2018-01-0515:44,데일리안 ,[마감]코스피 2500선 턱밑…삼성전자 260만원 거래 마감,https://finance.naver.com/news/news_read.nhn?article_id=0002232146&office_id=119&mode=search&query=삼성전자&page=3,"[""       [마감]코스피 2500선 턱밑…삼성전자 260만원 거래 마감      기사입력2018-01-05 15:44기사원문좋아요훈훈해요좋아요 평가하기공감좋아요0훈훈해요0슬퍼요0화나요0후속기사 원해요0댓글5일 코스피는 전 거래일보다 31.06p(1.26%) 오른 2497.52에 장을 마쳤다.ⓒ게티이미지5일 코스피는 전 거래일보다 31.06p(1.26%) 오른 2497.52에 장을 마쳤다. 이날 하루 동안 개인은 3711억원을 순매도했지만 외국인과 기관은 각각 2469억원, 1014억원을 순매수했다. 시가총액 상위권은 대체로 상승세를 보였다. 시총 1위 삼성전자는 전 거래일보다 2.04% 오른 260만6000원에 거래를 마감했다. SK하이닉스(2.85%), 현대차(1.71%), POSCO(0.14%), NAVER(1.68%), LG화학(2.40%) 등도 상승세였다. 업종별로도도 대부분 상승세를 나타냈다. 음식료업(0.47%)를 제외하면 섬유의복(0.20%), 화학(1.23%), 의약품(2.23%), 전기전자(2.35%), 기계(1.08%), 철강금속(0.35%) 등이 상승세였다. 코스닥도 전날보다 20.02p(2.48%) 오른 828.03에 장을 끝냈다. 이날 개인과 기관은 각각 376억원, 1425억원을 순매도했지만 외국인은 1855억원을 순매수했다. 한편 이날 외환시장에서 원달러 환율은 전날보다 0.50원 오른 1062.70원에 거래를 마감했다. 데일리안 배상철 기자 (chulcho@dailian.co.kr)ⓒ (주)데일리안 - 무단전재, 변형, 무단배포 금지데일리안 관련뉴스해당 언론사에서 선정하며 언론사 페이지(아웃링크)로 이동해 볼 수 있습니다.[개장]코스피 2476.85(10.39p↑)…개인·기관 동반 '사자'[마감]코스피 2466.46(19.89P↓)…기관 3941억원 순매도[개장]코스피 2502.50(16.15p↑)...외인 나흘 연속 순매수[마감]코스피 2500선 바짝…외인 4000억 규모 '사자'[개장]코스피 2484.63에 개장…전일比 4.98p 상승좋아요0훈훈해요0슬퍼요0화나요0후속기사 원해요0기사제공 :""]"
11,삼성전자, 2018-01-0515:33,서울경제 ,장 중 기업공시[1월5일],https://finance.naver.com/news/news_read.nhn?article_id=0003190521&office_id=011&mode=search&query=삼성전자&page=3,"['       장 중 기업공시[1월5일]      기사입력2018-01-05 15:33기사원문좋아요훈훈해요좋아요 평가하기공감좋아요0훈훈해요0슬퍼요0화나요0후속기사 원해요0댓글 [서울경제] ▲S-OIL=대한유화주식회사와 8,880억원 규모 납사 공급계약 체결 ▲진흥기업(002780)=2,569억원 규모 산곡 도시환경정비사업 수주 ▲씨에스윈드(112610)=지멘스와 프랑스 현지 대상 37억원·26억원 규모 공급계약 2건 체결 ▲한진중공업(097230)=1,005억원 규모 필리핀 팜팡가지역 통합재난위험감축 및 기후변화 적응 사업자 선정 ▲삼성전자(005930)=고동진 사장(IM부문장) 24억원 규모 1,000주, 김현석 사장(CE부문장) 27억원 규모 1,095주, 노희찬 사장(경영지원실장) 5억원 규모 200주 등 장내 매수 ▲대동공업(000490)=현대건설기계와 650억원 규모 지게차 외주조립 위탁생산 계약 체결 <5일>▲유앤아이(056090)=척추치료 의료기기 미국 FDA 수입품목 허가 취득 ▲삼강엠앤티(100090)=해경과 576억원 규모 경비함 1척 건조계약 체결 ▲예스티(122640)=삼성전자에 62억원 제조설비 공급 ▲파수닷컴(150900)=미국 데이터 컬럼 암호화 장치 및 방법 특허권 취득 ▲에스엔유(080000)=중국 Shenzhen China Star Optoelectronics Semiconductor Display Technology Co. Ltd.와 106억원 규모 디스플레이 제조장비 공급계약 ▲대한광통신(010170)=신도링크와 551억원 규모 유럽 광섬유 공급계약 체결 ▲오성엘에스티(052420)=오성엘에스티 주식회사에서 오성첨단소재 주식회사로 상호 변경 <5일>/조양준기자 mryesandno@sedaily.com[서울경제 바로가기]이제 주식시세도 서울경제에서 확인하세요 [바로가기▶]서울경제의 모든 연재물!... 서경Cube [바로가기▶]저작권자 ⓒ 서울경제, 무단 전재 및 재배포 금지서울경제 관련뉴스해당 언론사에서 선정하며 언론사 페이지(아웃링크)로 이동해 볼 수 있습니다.추자도 전복어선 선장, 배 기우는 것 알면서도 작업했다\'입주폭탄\' 동탄·용인·평택, 분양가보다 싼 급매 속출최민환♥율희, 결혼·임신 예측한 \'성지글\' 화제···""팩트만 말함""\'슬기로운 감빵생활\' 스마트 해롱? 이규형, 박해수 지켰다[SE★이슈] 최민환♥율희, \'열애 인정→탈퇴→결혼\' 초스피드 연애사좋아요0훈훈해요0슬퍼요0화나요0후속기사 원해요0기사제공 :']"
12,삼성전자, 2018-01-0515:31,한국경제 ,(마감)삼성전자 260만6000원…2.04%↑,https://finance.naver.com/news/news_read.nhn?article_id=0003874973&office_id=015&mode=search&query=삼성전자&page=3,"[""       (마감)삼성전자 260만6000원…2.04%↑      기사입력2018-01-05 15:31기사원문좋아요훈훈해요좋아요 평가하기공감좋아요0훈훈해요0슬퍼요0화나요0후속기사 원해요0댓글 한경닷컴[한경닷컴 바로가기] [글방] [모바일한경 구독신청] ⓒ 한국경제 & hankyung.com, 무단전재 및 재배포 금지한국경제 관련뉴스해당 언론사에서 선정하며 언론사 페이지(아웃링크)로 이동해 볼 수 있습니다.최대시장 삼킨 중국 스마트폰, 이젠 미국이다삼성전자 경영진, 잇달아 자사주 매입… 부문장·CFO 등최고가 16억이던 대치동 은마아파트, 지금은…9급 1호봉 공무원 월급 어느 정도였길래? '반전'만화가 허영만, '주식 투자' 5개월 만에 번 돈이…좋아요0훈훈해요0슬퍼요0화나요0후속기사 원해요0기사제공 :""]"
13,삼성전자, 2018-01-0515:31,머니투데이 ,"[스팟]삼성전자, 5만2000원(2.04%) 오른 260만6000원 마감",https://finance.naver.com/news/news_read.nhn?article_id=0003988930&office_id=008&mode=search&query=삼성전자&page=3,"['       [스팟]삼성전자, 5만2000원(2.04%) 오른 260만6000원 마감      기사입력2018-01-05 15:31기사원문좋아요훈훈해요좋아요 평가하기공감좋아요0훈훈해요0슬퍼요0화나요0후속기사 원해요0댓글 [머니투데이 하세린 기자] 5일 삼성전자 마감.▶돌아본 2017 \'10대 키워드\'▶무료 만화 보고 선물도 받고~ ▶치어리더 vs 레이싱걸 하세린 기자 iwrite@mt.co.kr 머니투데이 관련뉴스해당 언론사에서 선정하며 언론사 페이지(아웃링크)로 이동해 볼 수 있습니다.2018년 공무원 봉급표… \'1급 공무원\' 월급은?현대차 노조, 새해 벽두부터 파업[친절한 판례氏]""내연남이 또 바람 피웠어요"" 위자료 받을 수 있나가상통화 열풍에 빗썸 억대 성과급 지급 기대…직원들 \'好好\'""낳기만 하면 부모인가요?""… \'키더런트\'의 비극좋아요0훈훈해요0슬퍼요0화나요0후속기사 원해요0기사제공 :']"
14,삼성전자, 2018-01-0515:29,연합뉴스TV ,"[비즈&] 삼성전자, 갤럭시A8 오늘 출시 外",https://finance.naver.com/news/news_read.nhn?article_id=0000296371&office_id=422&mode=search&query=삼성전자&page=3,"['       [비즈&] 삼성전자, 갤럭시A8 오늘 출시 外      기사입력2018-01-05 15:29기사원문좋아요훈훈해요좋아요 평가하기공감좋아요0훈훈해요0슬퍼요0화나요0후속기사 원해요0댓글 [비즈&] 삼성전자, 갤럭시A8 오늘 출시 外경제계 소식을 알아보는 \'비즈&\' 시간입니다. 오늘은 어떤 소식들이 올라와 있는지 살펴보겠습니다.▶ 삼성전자, 갤럭시A8 오늘 출시삼성전자가 새해 첫 스마트폰인 2018년형 갤럭시A8을 이동통신사 3사를 통해 출시했습니다.갤럭시A8은 전면에 각각 1천600만 화소, 800만 화소의 듀얼 카메라를 탑재해 고화질의 셀프 사진을 찍을 수 있습니다.또 갤럭시 A시리즈 최초로 기어 VR과 호환되는 등 젊은 층에 인기를 끄는 프리미엄 기능을 대거 탑재했습니다.▶ LG, 초고화질 프로젝터 CES 2018서 공개LG전자가 오는 9-12일 미국 라스베이거스에서 열리는 세계 최대 가전전시회 CES 2018에서 초고화질 프로젝터 신제품을 공개합니다.이 제품은 가정용 프로젝터로는 최고 수준의 화질을 구현할 수 있는 4K UHD 해상도를 갖췄고 화면 대각선 길이는 150인치에 달합니다.특히 기존 프로젝터처럼 제품을 옮기거나 삼각대를 설치할 필요도 없고, 덮개를 완전히 뒤로 젖히면 화면을 천장에도 띄울 수 있습니다.▶ KT, 모바일 클라우드서비스 \'엠스토리지\' 출시KT가 모바일에서 쉽게 데이터를 저장하고 관리할 수 있는 클라우드 서비스 \'엠스토리지\'를 출시합니다.엠스토리지는 기존 KT 개인용 클라우드 서비스인 \'유클라우드\'보다 대비 모바일 중심의 이용자 환경을 제공하는 게 특징입니다.이용자는 전용 애플리케이션을 통해 데이터를 안정적으로 보관할 수 있고 기존 유클라우드에 비해 데이터 업로드와 다운로드 속도도 빨라졌습니다.▶ U+알뜰모바일, 월 1만원대 5GB 요금제 출시U+알뜰모바일이 월 1만원 대에 데이터 5GB를 제공하는 \'GS25요금제2\'를 출시합니다.이 요금제는 데이터 5GB에 음성 200분, 문자 100건을 월 1만 5천원에 제공합니다.소비자가 가지고 있는 단말기의 유심칩만 교체해 가입할 수 있는 \'유심요금제\'로, 가입을 원하는 소비자는 전국 GS25 편의점 또는 홈페이지를 통해 유심칩을 구매하면 됩니다.▶ 하나카드, 해외결제 포인트 제공 행사 하나카드가 해외에서 결제할 때 포인트와 각종 사은품을 주는 해외 이용 이벤트를 엽니다.하나카드 홈페이지나 모바일 애플리케이션에서 해외이용 이벤트에 응모한 후 다음달까지 해외에서 100만원 이상 결제하면 최대 5만 하나머니를 받을 수 있습니다.또 해외 인터넷 사이트에서 물건을 살 때 페이팔로 50만원 이상 결제하면 스타벅스 아메리카노 모바일쿠폰을 제공합니다.연합뉴스TV : 02-398-4441(기사문의·제보) 카톡/라인 jebo23  ▶ 연합뉴스TV 네이버 채널 구독\xa0\xa0 ▶ 생방송 시청 ▶ 대한민국 뉴스의 시작, 연합뉴스TV 앱 다운받기연합뉴스TV 관련뉴스해당 언론사에서 선정하며 언론사 페이지(아웃링크)로 이동해 볼 수 있습니다.\xa0\'피아노계의 아이돌\' 조성진…올해 일정도 꽉찼다\xa0\'호텔 먹튀\' 논란 JYJ 김준수 건설사에 38억원 배상 판결\xa0""30년새 10배 급등""…강남 집값 잡을 묘책은?\xa05년째 초등학교 예비소집 안 온 여아 \'행방묘연\'\xa0최저임금 오르자 압구정 아파트서 경비원 전원해고좋아요0훈훈해요0슬퍼요0화나요0후속기사 원해요0기사제공 :']"
15,삼성전자, 2018-01-0515:25,이데일리 ,코스피·코스닥 동반 급등…외국인 'BUY KOREA',https://finance.naver.com/news/news_read.nhn?article_id=0004006038&office_id=018&mode=search&query=삼성전자&page=3,"[""       코스피·코스닥 동반 급등…외국인 'BUY KOREA'      기사입력2018-01-05 15:25기사원문좋아요훈훈해요좋아요 평가하기공감좋아요0훈훈해요0슬퍼요0화나요0후속기사 원해요0댓글 [이데일리 성선화 기자] 코스피와 코스닥 지수가 하루만에 반등하며 각각 1%대, 2%대 급등세를 보이고 있다. 시가총액 상위 종목들이 대부분 상승세를 보이고 있다. 5일 마켓포인트에 따르면 코스피 지수는 이날 오후 2시 55분 현재 전 거래일보다 27.09포인트, 1.09% 오른 2492.74에 거래되고 있다. 같은 시각 코스닥 지수는 전 거래일보다 16.57포인트, 2.04% 오른 824.65에 거래되고 있다. 수급으로 보면 코스피는 외국인과 기관투자자가 각각 914억원, 1911억원 동반 순매수를 보이고 있다. 반면 개인들은 3036억원을 매도하고 있다. 코스닥 시장에서도 비슷한 움직임이 나타나고 있다. 외국인이 1514억원을 순매수하며 지수를 끌어올리고 있는 반면 개인은 1093억원을 매도하며 차익 실현을 하는 모습이다. 이날 시가총액 상위종목들의 강세가 두드러지게 나타나고 있다. 코스피에선 통신, 전기전자, 의약품, 증권, 금융 등 대부분의 업종이 큰 폭으로 오르고 있는 가운데 삼성전자(005930), LG전자(066570) SK하이닉스(000660) 현대차(005380) 신세계(004170) KB금융(105560) 등이 일제히 오름세다. 코스닥시장에선 셀트리온(068270)과 셀트리온헬스케어가 각각 5%대, 1%대 상승률을 기록하고 있다. 신라젠(215600)도 미국에서 진행하는 제넥신의 면역항암제에 투자했단 소식이 알려지면서 8% 넘게 급등하고 있다.성선화 (jess@edaily.co.kr)▶네이버 채널에서 ‘이데일리’를 구독해주세요▶[페이스북] 보러가기~ ▶[카카오톡] 플친 맺기~♥＜ⓒ종합 경제정보 미디어 이데일리 - 무단전재 & 재배포 금지＞이데일리 관련뉴스해당 언론사에서 선정하며 언론사 페이지(아웃링크)로 이동해 볼 수 있습니다.난 월 9만원 내고 압구정 50평 아파트에 산다文정부, 제식구 챙기려 공무원 호봉제 바꿨다'KBS 정상화' 원한다는 정우성 배우 이전에 수신료 내는 시청자박근혜 임기중 12억 재산증식 비법은?…'국고의 사유화'김종석 'ㅁㅊㅅㄲ' 보낸 건 딱 한 번...'ㅅㄱㅂㅊ'는?좋아요0훈훈해요0슬퍼요0화나요0후속기사 원해요0기사제공 :""]"
16,삼성전자, 2018-01-0515:20,한겨레 ,"삼성전자, 지난해 사상 첫 반도체 매출 세계 1위",https://finance.naver.com/news/news_read.nhn?article_id=0002393660&office_id=028&mode=search&query=삼성전자&page=3,"['        삼성전자, 지난해 사상 첫 반도체 매출 세계 1위       기사입력2018-01-05 15:20기사원문좋아요훈훈해요좋아요 평가하기공감좋아요0훈훈해요0슬퍼요0화나요0후속기사 원해요0댓글  [한겨레] IT전문조사회사 ‘가트너’, 예비조사 결과24년만에 인텔 제쳐…SK하이닉스도 세계 3위메모리 반도체 공급 부족으로 매출액 폭증 원인“중국 본격 생산하면 매출 강세 잃을 가능성” 삼성전자 반도체 생산라인에서 한 직원이 설계 모니터를 살펴보고 있다. 한겨레 자료 사진  삼성전자가 지난해 반도체 분야에서 최초로 매출액 세계 1위 기업이 됐다는 예비 조사 결과가 나왔다. 에스케이(SK)하이닉스도 세계 3위에 오른 것으로 조사됐다. 그러나 조사 업체는 내년 메모리 반도체 가격이 하락해, 삼성의 1위가 “사상누각”일 수 있다고 우려했다.  미국의 정보기술(IT) 전문 조사회사인 가트너는 5일 “2017년 삼성전자가 1992년부터 1위 자리를 놓치지 않던 인텔을 밀어내고 1위를 탈환했다”고 밝혔다. 가트너 조사를 보면, 삼성전자는 612억달러로 전 세계 반도체 매출액의 14.6%를 차지했다. 전년도 매출액 401억달러 보다 52.6% 증가했다. 인텔은 577억달러, 13.8%로 2위였다. 하이닉스는 263억달러로 전체의 6.3%를 차지해 지난해 4위에서 3위로 뛰어올랐다. 전년도 매출(147억달러)보다는 79% 증가했다. 인텔은 1992년부터 반도체 분야 매출액 1위 기업 자리를 지켜오다 24년만에 삼성에 역전당했다. ※ 그래픽을 누르면 크게 볼 수 있습니다.   삼성과 하이닉스의 선전은 지난해 메모리 반도체의 가격 상승에 따른 것이다. 가트너는 지난해 전 세계 반도체 매출 총액이 전년보다 22.2% 증가한 4197억 달러에 달했는데, 이는 전체 반도체 시장의 3분의1 가까이를 차지하는 메모리 반도체의 매출액이 공급 부족 탓에 64%나 증가한 결과라고 분석했다. 앤드류 노우드 가트너 부사장은 “메모리 반도체 분야는 2017년 전체 반도체 매출 성장의 3분의 2 이상을 차지하며 반도체 분야 최대 영역으로 자리잡았다”고 말했다.  반도체는 정보를 저장하는 메모리 반도체와 연산·제어 등 특정 기능을 하는 시스템 반도체로 나뉜다. 삼성전자와 하이닉스는 낸드·디램(D) 등 메모리 반도체 분야에서 세계 1, 2위를 다투고, 인텔과 퀄컴 등은 중앙처리장치(CPU), 통신반도체 등 시스템 반도체 분야의 강자다.  가트너는 삼성의 1위가 오래 가지 않을 수 있다고 내다봤다. 중국의 부상과 이로 인한 메모리 반도체 가격의 하락이 우려된다는 것이다. 노우드 부사장은 “삼성의 1위 탈환은 메모리 반도체 버전의 사상누각”이라며 “중국이 자체 메모리 반도체 생산 능력 확대를 꾀하고 있어 메모리 반도체 가격은 올해 낸드플래시부터 시작해 내년 디램까지 서서히 약화될 것으로 본다. 그럴 경우 삼성은 현재의 매출 강세를 상당 부분 잃게 될 것”이라고 말했다.  앞서 지난해 11월말 미국 투자은행인 모건스탠리도 “낸드플래시 가격 하락 속도가 생각보다 빨리 진행되고, 디램은 내년 1분기까지 호황이 지속될 것”이라며 반도체 업황이 정점에 이르렀다는 보고서를 낸 바 있다. 당시 삼성전자와 에스케이하이닉스 주가는 하룻새 3~4% 빠졌다.   최현준 기자 haojune@hani.co.kr ▶ 한겨레 절친이 되어 주세요! [신문구독] [사람과 동물을 잇다 : 애니멀피플] [카카오톡][ⓒ한겨레신문 : 무단전재 및 재배포 금지] 한겨레 관련뉴스해당 언론사에서 선정하며 언론사 페이지(아웃링크)로 이동해 볼 수 있습니다.김성태, 제천시민이 \'소방관 증원\' 묻자 ""특정 정당 지지자냐""그땐 평양서 효리·젝키 공연, 평창엔 북한 걸그룹 오나요""송혜교, 하지원 중 누가 더 요염?"" 방통대 교수 \'여성비하\' 논란한반도 어느 해의 1월 5일은 \'영하 32도\'였다\'독감 환자 급증\' WHO 바이러스 예측 실패 때문일까요좋아요0훈훈해요0슬퍼요0화나요0후속기사 원해요0기사제공 :']"
17,삼성전자, 2018-01-0515:16,머니S ,김현석 삼성전자 사장 “CES 2018서 IoT 신기술 공개”,https://finance.naver.com/news/news_read.nhn?article_id=0000287513&office_id=417&mode=search&query=삼성전자&page=3,"['       김현석 삼성전자 사장 “CES 2018서 IoT 신기술 공개”      기사입력2018-01-05 15:16기사원문좋아요훈훈해요좋아요 평가하기공감좋아요0훈훈해요0슬퍼요0화나요0후속기사 원해요0댓글본문 이미지 영역김현석 삼성전자 사장 / 사진=삼성전자김현석 삼성전자 CE(소비자가전)부문장(사장)이 오는 9일(현지시간) 미국 라스베이거스에서 열리는 세계 최대 전자전시회 ‘CES 2018’에서 연결성 문제를 해결한 새로운 IoT(사물인터넷) 신기술을 공개한다고 5일 밝혔다.김 사장은 이날 삼성전자 뉴스룸에 올린 기고문에서 “IoT를 활용한 연결은 늘 ‘시기상조’라는 말과 닿아 있었는데 이를 해결하기 위해 삼성전자가 그동안 어떤 노력을 해왔는지를 ‘CES 2018’에서 보여드리고자 한다”며 “지금부터 ‘하나로 연결된 세상의 구현’이라는 삼성전자의 약속을 지켜나가고자 한다”고 말했다.그는 “소비자는 다양한 전자기기들을 사용하지만 각 설치 과정과 비밀번호는 물론 사용법과 내부 인터페이스까지 다양한 부분에서 차이점이 존재하기 때문에 하나로 연결하기 쉽지 않았다”며 “삼성전자는 이 문제를 해결하기 위한 답을 찾기 위해 노력했다”고 언급했다.이어 “삼성전자가 직관적이고 간편한 IoT 구현을 위해 찾은 해결책을 이번 CES에서 공유하고자 한다”며 “이 기술로 일관된 경험을 통해 모든 기기를 관리할 수 있는 통합 생태계를 형성함으로써 기기 간의 끊김 없는 연결이 가능해진다”고 설명했다.또한 “삼성전자의 신기술은 소비자들에게 개인화된 지능형 인터페이스를 제공한다”며 “이를 통해 사람들은 마치 전등의 스위치를 켜고 끄는 것처럼 간편하게 ‘IoT로 연결된 세상’의 효과를 누릴 수 있다”고 확신했다.김 사장은 “삼성전자 혼자의 힘으로 이 정도 규모의 혁신을 현실화해 ‘IT로 연결된 하나의 세상의 구현’이라는 약속을 지키기는 어렵다”면서 “때문에 세계 최대 규모의 IoT 표준화 기구인 OCF의 일원으로서 업계의 다양한 파트너들과 긴밀한 협업을 진행하고 있으며 보다 상세한 내용은 ‘CES 2018’에서 전해드리겠다”고 말했다. 아울러 “지금까지 IT업계가 전한 ‘연결된 세상의 구현’이라는 약속은 일관성이 없고 제각각이었다”며 “하지만 앞으로 펼쳐질 세상은 지금까지와는 전혀 다른 모습일 것”이라고 확신했다.그러면서 그는 “보다 개선된 기술로 진화한 IoT을 통해 우리의 삶은 더욱 편리해질 것”이라며 “이번 ‘‘CES 2018’을 통해 삼성전자가 그리는 미래가 어떻게 현실이 되는지 소개할 수 있어 기쁘다”고 강조했다.이한듬 기자 mumford@mt.co.kr머니S 관련뉴스해당 언론사에서 선정하며 언론사 페이지(아웃링크)로 이동해 볼 수 있습니다.정주리 남편 ""잔소리 안 들으려 머리 밀어""… 상위 1% 독특한 에피소드스타골든벨 \'정답소녀\' 김수정, 소녀에서 숙녀로""문희옥, 소속사 대표와 사실혼·아들도 있다"" 폭로박유천, 세금체납으로 31억짜리 오피스텔 압류당했다허경영의 호화생활…여성 몸 더듬고 ""치유"" 주장까지좋아요0훈훈해요0슬퍼요0화나요0후속기사 원해요0기사제공 :']"
18,삼성전자, 2018-01-0515:02,한국경제 ,"[이슈+] 최대시장 삼킨 중국 스마트폰, 이젠 미국이다",https://finance.naver.com/news/news_read.nhn?article_id=0003874955&office_id=015&mode=search&query=삼성전자&page=3,"['       [이슈+] 최대시장 삼킨 중국 스마트폰, 이젠 미국이다      기사입력2018-01-05 15:02기사원문좋아요훈훈해요좋아요 평가하기공감좋아요0훈훈해요0슬퍼요0화나요0후속기사 원해요0댓글中 제조사, 미국·인도 정조준삼성·LG 스마트폰 점유율 위협중국 스마트폰 제조사들이 글로벌 시장 정복을 시작했다. 세계 최대 시장인 자국을 평정한 중국 제조사들은 2, 3위 시장인 미국과 인도를 타깃으로 삼고 점유율 확대에 나선 모양새다. 5일 업계에 따르면 중국의 화웨이는 오는 2월 미국 이동통신사 AT&T를 통해 스마트폰 신제품 ‘메이트 10’을 출시한다. 화웨이는 이달 9일 미국 라스베이거스에서 열리는 ‘CES 2018(국제전자제품박람회)’에서 메이트 10 출시와 관련해 구체적인 계획을 밝힐 예정이다. 그동안 화웨이는 미국 시장에서 IT기기 판매점과 온라인을 통해 프리미엄 스마트폰을 판매했다. 이통사를 통한 판매는 이번이 처음이라 의미가 남다르다. 화웨이는 중국 스마트폰 1위이자 글로벌 3위 업체다. 메이트10은 화웨이가 자체 개발한 인공지능(AI) 칩셋을 탑재한 첫 제품이다. 중국은 물론 유럽에도 출시돼 호응을 얻으면서 검증을 받았다. 그만큼 미국에서도 성공 가능성이 높게 점쳐지고 있다.화웨이의 미국 스마트폰 시장 진출은 샤오미, 오포, 비보 등 중국 스마트폰 제조사들의 미국 시장 진출을 가속화하는 신호탄이 될 것으로 보인다. 다음 차례는 샤오미가 될 가능성이 높다. 실제 레이쥔 샤오미 CEO는 지난달 초 하와이에서 “미국 스마트폰 시장 진출 준비 단계에 있다”고 밝힌 바 있다.상황이 이렇자 한국 스마트폰 제조사들은 발등에 불이 떨어졌다. 현재 미국은 국내 제조사인 삼성전자와 LG전자의 주요 시장이다. 시장조사업체 카운터포인트리서치에 따르면 지난해 3분기 미국 스마트폰 시장에서 현지 업체인 애플이 33.2%의 점유율로 1위며 삼성전자와 LG전자가 각각 23.2%, 17.6%로 2위와 3위다. 화웨이의 미국 진출에 국내 업체들의 부담감이 높아지는 이유다.샤오미 홍미노트4.인도 시장도 중국 제조사들의 타깃이 됐다. 인도에선 샤오미의 기세가 압도적이다. 샤오미는 인도 진출 3년만에 1위인 삼성전자를 턱밑까지 쫓아온 상태다. 지난해 3분기 인도 스마트폰 시장에서 삼성전자가 23%의 점유율로 1위를 기록한 가운데 샤오미는 22%로 2위에 올랐다. 샤오미의 2016년 점유율이 6%에 불과했던 점을 감안하면 괄목할만한 수치다.  인도에서 샤오미를 선두권으로 끌어올린 일등공신은 \'홍미노트4\'다. 2016년 하반기에 출시된 홍미노트4는 중저가 스마트폰으로 지난해 2분기에 7.2%의 점유율로 베스트셀링 모델에 등극했다. 지난해 3분기에도 홍미노트4는 베스트셀링 모델 1위를 유지했다.업계 한 관계자는 ""미국과 인도시장에서 중국 스마트폰 제조사들이 무서운 기세로 선두업체들을 위협하고 있다""며 ""올해를 기점으로 시장 판도가 뒤바뀔 가능성도 있다""라고 경계했다. 이진욱 한경닷컴 기자 showgun@hankyung.com기사제보 및 보도자료 open@hankyung.com[한경닷컴 바로가기] [글방] [모바일한경 구독신청] ⓒ 한국경제 & hankyung.com, 무단전재 및 재배포 금지한국경제 관련뉴스해당 언론사에서 선정하며 언론사 페이지(아웃링크)로 이동해 볼 수 있습니다.\'대기오염과의 전쟁\' 중국, LNG 수입 한국 제치고 2위삼성전자 경영진, 잇달아 자사주 매입… 부문장·CFO 등최고가 16억이던 대치동 은마아파트, 지금은…만화가 허영만, \'주식 투자\' 5개월 만에 번 돈이…9급 1호봉 공무원 월급 어느 정도였길래? \'반전\'좋아요0훈훈해요0슬퍼요0화나요0후속기사 원해요0기사제공 :']"
19,삼성전자, 2018-01-0515:00,서울경제 ,삼성전자 사장단 자사주 매입 ‘릴레이’,https://finance.naver.com/news/news_read.nhn?article_id=0003190468&office_id=011&mode=search&query=삼성전자&page=3,"['       삼성전자 사장단 자사주 매입 ‘릴레이’      기사입력2018-01-05 15:00기사원문좋아요훈훈해요좋아요 평가하기공감좋아요0훈훈해요0슬퍼요0화나요0후속기사 원해요0댓글 [서울경제] 삼성전자는 이 회사의 고동진 사장(IM부문장)이 24억원 규모 자사주 1,000주, 김현석 사장(CE부문장)이 27억원 규모의 1,095주, 노희찬 사장(경영지원실장)이 5억원 규모 200주를 장내 매수했다고 5일 공시했다. /조양준기자 mryesandno@sedaily.com[서울경제 바로가기]이제 주식시세도 서울경제에서 확인하세요 [바로가기▶]서울경제의 모든 연재물!... 서경Cube [바로가기▶]저작권자 ⓒ 서울경제, 무단 전재 및 재배포 금지서울경제 관련뉴스해당 언론사에서 선정하며 언론사 페이지(아웃링크)로 이동해 볼 수 있습니다.추자도 전복어선 선장, 배 기우는 것 알면서도 작업했다\'입주폭탄\' 동탄·용인·평택, 분양가보다 싼 급매 속출최민환♥율희, 결혼·임신 예측한 \'성지글\' 화제···""팩트만 말함""\'슬기로운 감빵생활\' 스마트 해롱? 이규형, 박해수 지켰다[SE★이슈] 최민환♥율희, \'열애 인정→탈퇴→결혼\' 초스피드 연애사좋아요0훈훈해요0슬퍼요0화나요0후속기사 원해요0기사제공 :']"
0,삼성전자, 2018-01-0514:52,연합뉴스 ,젊은 소비자를 겨냥한 삼성전자 갤럭시 A8 출시,https://finance.naver.com/news/news_read.nhn?article_id=0009793511&office_id=001&mode=search&query=삼성전자&page=4,"['       젊은 소비자를 겨냥한 삼성전자 갤럭시 A8 출시      기사입력2018-01-05 14:52기사원문좋아요훈훈해요좋아요 평가하기공감좋아요0훈훈해요0슬퍼요0화나요0후속기사 원해요0댓글    (서울=연합뉴스) 최재구 기자 = 5일 서울 서초구 삼성전자 전시장에서 시민들이 삼성전자의 올해 첫 출시 스마트폰인 갤럭시 A8을 살펴보고 있다. 갤럭시 A8은 최신 플래그십 스마트폰의 특장점을 계승한 데다 차별화된 카메라 기능을 탑재해 기존 갤럭시A 시리즈와 달리 2030 젊은 소비자를 겨냥한 \'영 프리미엄 스마트폰\'이라는 게 삼성전자 설명이다. 2018.1.5    jjaeck9@yna.co.kr▶기사제보 및 문의▶기자와 1:1 채팅\xa0\xa0▶최신 트렌드연합뉴스 관련뉴스해당 언론사에서 선정하며 언론사 페이지(아웃링크)로 이동해 볼 수 있습니다.\xa0[단독] 장현승·신수지, 4개월째 열애…""볼링이 공통분모""\xa0\'ㅁㅊㅅㄲ\' 문자 김종석 의원 ""기계 스팸인줄 알고 회신""\xa0\'스파이더맨 복장 셀카\' 찍던 유학생, 기숙사서 추락사\xa0美 덮친 한파에 \'냉동\' 이구아나 속출…거북도 꽁꽁\xa0관람객 틈에 섞여 진열장 깨고 무굴제국 보물 훔쳐좋아요0훈훈해요0슬퍼요0화나요0후속기사 원해요0기사제공 :']"
1,삼성전자, 2018-01-0514:52,연합뉴스 ,젊은 소비자를 겨냥한 삼성전자 갤럭시 A8 출시,https://finance.naver.com/news/news_read.nhn?article_id=0009793510&office_id=001&mode=search&query=삼성전자&page=4,"['       젊은 소비자를 겨냥한 삼성전자 갤럭시 A8 출시      기사입력2018-01-05 14:52기사원문좋아요훈훈해요좋아요 평가하기공감좋아요0훈훈해요0슬퍼요0화나요0후속기사 원해요0댓글    (서울=연합뉴스) 최재구 기자 = 5일 서울 서초구 삼성전자 전시장에서 시민들이 삼성전자의 올해 첫 출시 스마트폰인 갤럭시 A8을 살펴보고 있다. 갤럭시 A8은 최신 플래그십 스마트폰의 특장점을 계승한 데다 차별화된 카메라 기능을 탑재해 기존 갤럭시A 시리즈와 달리 2030 젊은 소비자를 겨냥한 \'영 프리미엄 스마트폰\'이라는 게 삼성전자 설명이다. 2018.1.5    jjaeck9@yna.co.kr▶기사제보 및 문의▶기자와 1:1 채팅\xa0\xa0▶최신 트렌드연합뉴스 관련뉴스해당 언론사에서 선정하며 언론사 페이지(아웃링크)로 이동해 볼 수 있습니다.\xa0[단독] 장현승·신수지, 4개월째 열애…""볼링이 공통분모""\xa0\'ㅁㅊㅅㄲ\' 문자 김종석 의원 ""기계 스팸인줄 알고 회신""\xa0\'스파이더맨 복장 셀카\' 찍던 유학생, 기숙사서 추락사\xa0美 덮친 한파에 \'냉동\' 이구아나 속출…거북도 꽁꽁\xa0관람객 틈에 섞여 진열장 깨고 무굴제국 보물 훔쳐좋아요0훈훈해요0슬퍼요0화나요0후속기사 원해요0기사제공 :']"
2,삼성전자, 2018-01-0514:51,뉴스1 ,젊은층 타겟으로 출시된 갤럭시A8,https://finance.naver.com/news/news_read.nhn?article_id=0003134804&office_id=421&mode=search&query=삼성전자&page=4,"[""       젊은층 타겟으로 출시된 갤럭시A8      기사입력2018-01-05 14:51기사원문좋아요훈훈해요좋아요 평가하기공감좋아요0훈훈해요0슬퍼요0화나요0후속기사 원해요0댓글(서울=뉴스1) 신웅수 기자 = 5일 오후 서울 서초구 서초동 삼성딜라이트샵에서 고객들이 삼성전자 듀얼카메라 스마트폰 '갤럭시A8'을 살펴보고 있다.국내 이동통신3사를 통해 출시된 갤럭시A8은 32기가바이트 내장메모리와 전면에 1,600만, 800만 화소의 카메라가 탑재돼 있으며 가격은 59만9,500원이다. 2018.1.5/뉴스1phonalist@▶ '평창2018' 관련 뉴스·포토 보기▶ 네이버메인에 ‘뉴스1채널’ 설정하기!▶ 여러분의 제보를 기다립니다.제보하기![© 뉴스1코리아(news1.kr), 무단 전재 및 재배포 금지]뉴스1 관련뉴스해당 언론사에서 선정하며 언론사 페이지(아웃링크)로 이동해 볼 수 있습니다.영화 '1987' 1000만 돌파?…文대통령이 끌어줄까류현진 오늘 장가간다…배지현 아나운서와 백년가약한밤 아파트 침입 주인 부부와 나체로 몸싸움허위진술 거부에 앙심…오토바이 4대에 방화조현병 30대 엄마, 자녀 2명과 아파트 투신좋아요0훈훈해요0슬퍼요0화나요0후속기사 원해요0기사제공 :""]"
3,삼성전자, 2018-01-0514:51,머니투데이 ,"노희찬 삼성전자 사장, 5억어치 자사주 매입",https://finance.naver.com/news/news_read.nhn?article_id=0003988914&office_id=008&mode=search&query=삼성전자&page=4,"['       노희찬 삼성전자 사장, 5억어치 자사주 매입      기사입력2018-01-05 14:51기사원문좋아요훈훈해요좋아요 평가하기공감좋아요0훈훈해요0슬퍼요0화나요0후속기사 원해요0댓글 [머니투데이 서진욱 기자] 노희찬 삼성전자 사장(경영지원실장, CFO)이 5억원 규모의 삼성전자 주식 200주를 장내 매수했다고 5일 밝혔다.▶돌아본 2017 \'10대 키워드\'▶무료 만화 보고 선물도 받고~ ▶치어리더 vs 레이싱걸 서진욱 기자 sjw@ 머니투데이 관련뉴스해당 언론사에서 선정하며 언론사 페이지(아웃링크)로 이동해 볼 수 있습니다.2018년 공무원 봉급표… \'1급 공무원\' 월급은?현대차 노조, 새해 벽두부터 파업[친절한 판례氏]""내연남이 또 바람 피웠어요"" 위자료 받을 수 있나가상통화 열풍에 빗썸 억대 성과급 지급 기대…직원들 \'好好\'""낳기만 하면 부모인가요?""… \'키더런트\'의 비극좋아요0훈훈해요0슬퍼요0화나요0후속기사 원해요0기사제공 :']"
4,삼성전자, 2018-01-0514:51,연합뉴스 ,젊은 소비자를 겨냥한 삼성전자 갤럭시 A8 출시,https://finance.naver.com/news/news_read.nhn?article_id=0009793509&office_id=001&mode=search&query=삼성전자&page=4,"['       젊은 소비자를 겨냥한 삼성전자 갤럭시 A8 출시      기사입력2018-01-05 14:51기사원문좋아요훈훈해요좋아요 평가하기공감좋아요0훈훈해요0슬퍼요0화나요0후속기사 원해요0댓글    (서울=연합뉴스) 최재구 기자 = 5일 서울 서초구 삼성전자 전시장에서 시민들이 삼성전자의 올해 첫 출시 스마트폰인 갤럭시 A8을 살펴보고 있다. 갤럭시 A8은 최신 플래그십 스마트폰의 특장점을 계승한 데다 차별화된 카메라 기능을 탑재해 기존 갤럭시A 시리즈와 달리 2030 젊은 소비자를 겨냥한 \'영 프리미엄 스마트폰\'이라는 게 삼성전자 설명이다. 2018.1.5    jjaeck9@yna.co.kr▶기사제보 및 문의▶기자와 1:1 채팅\xa0\xa0▶최신 트렌드연합뉴스 관련뉴스해당 언론사에서 선정하며 언론사 페이지(아웃링크)로 이동해 볼 수 있습니다.\xa0[단독] 장현승·신수지, 4개월째 열애…""볼링이 공통분모""\xa0\'ㅁㅊㅅㄲ\' 문자 김종석 의원 ""기계 스팸인줄 알고 회신""\xa0\'스파이더맨 복장 셀카\' 찍던 유학생, 기숙사서 추락사\xa0美 덮친 한파에 \'냉동\' 이구아나 속출…거북도 꽁꽁\xa0관람객 틈에 섞여 진열장 깨고 무굴제국 보물 훔쳐좋아요0훈훈해요0슬퍼요0화나요0후속기사 원해요0기사제공 :']"
5,삼성전자, 2018-01-0514:50,뉴스1 ,이통3사 통해 출시된 갤럭시A8,https://finance.naver.com/news/news_read.nhn?article_id=0003134802&office_id=421&mode=search&query=삼성전자&page=4,"[""       이통3사 통해 출시된 갤럭시A8      기사입력2018-01-05 14:50기사원문좋아요훈훈해요좋아요 평가하기공감좋아요0훈훈해요0슬퍼요0화나요0후속기사 원해요0댓글(서울=뉴스1) 신웅수 기자 = 5일 오후 서울 서초구 서초동 삼성딜라이트샵에서 고객들이 삼성전자 듀얼카메라 스마트폰 '갤럭시A8'을 살펴보고 있다.국내 이동통신3사를 통해 출시된 갤럭시A8은 32기가바이트 내장메모리와 전면에 1,600만, 800만 화소의 카메라가 탑재돼 있으며 가격은 59만9,500원이다. 2018.1.5/뉴스1phonalist@▶ '평창2018' 관련 뉴스·포토 보기▶ 네이버메인에 ‘뉴스1채널’ 설정하기!▶ 여러분의 제보를 기다립니다.제보하기![© 뉴스1코리아(news1.kr), 무단 전재 및 재배포 금지]뉴스1 관련뉴스해당 언론사에서 선정하며 언론사 페이지(아웃링크)로 이동해 볼 수 있습니다.영화 '1987' 1000만 돌파?…文대통령이 끌어줄까류현진 오늘 장가간다…배지현 아나운서와 백년가약한밤 아파트 침입 주인 부부와 나체로 몸싸움허위진술 거부에 앙심…오토바이 4대에 방화조현병 30대 엄마, 자녀 2명과 아파트 투신좋아요0훈훈해요0슬퍼요0화나요0후속기사 원해요0기사제공 :""]"
6,삼성전자, 2018-01-0514:50,뉴스1 ,갤럭시A8 출시 '전면 듀얼 카메라 탑재',https://finance.naver.com/news/news_read.nhn?article_id=0003134797&office_id=421&mode=search&query=삼성전자&page=4,"[""       갤럭시A8 출시 '전면 듀얼 카메라 탑재'      기사입력2018-01-05 14:50기사원문좋아요훈훈해요좋아요 평가하기공감좋아요0훈훈해요0슬퍼요0화나요0후속기사 원해요0댓글(서울=뉴스1) 신웅수 기자 = 5일 오후 서울 서초구 서초동 삼성딜라이트샵에서 고객들이 삼성전자 듀얼카메라 스마트폰 '갤럭시A8'을 살펴보고 있다.국내 이동통신3사를 통해 출시된 갤럭시A8은 32기가바이트 내장메모리와 전면에 1,600만, 800만 화소의 카메라가 탑재돼 있으며 가격은 59만9,500원이다. 2018.1.5/뉴스1phonalist@▶ '평창2018' 관련 뉴스·포토 보기▶ 네이버메인에 ‘뉴스1채널’ 설정하기!▶ 여러분의 제보를 기다립니다.제보하기![© 뉴스1코리아(news1.kr), 무단 전재 및 재배포 금지]뉴스1 관련뉴스해당 언론사에서 선정하며 언론사 페이지(아웃링크)로 이동해 볼 수 있습니다.영화 '1987' 1000만 돌파?…文대통령이 끌어줄까류현진 오늘 장가간다…배지현 아나운서와 백년가약한밤 아파트 침입 주인 부부와 나체로 몸싸움허위진술 거부에 앙심…오토바이 4대에 방화조현병 30대 엄마, 자녀 2명과 아파트 투신좋아요0훈훈해요0슬퍼요0화나요0후속기사 원해요0기사제공 :""]"
7,삼성전자, 2018-01-0514:50,뉴스1 ,'셀피 특화' 전면 듀얼카메라 탑재된 갤럭시A8,https://finance.naver.com/news/news_read.nhn?article_id=0003134798&office_id=421&mode=search&query=삼성전자&page=4,"[""       '셀피 특화' 전면 듀얼카메라 탑재된 갤럭시A8      기사입력2018-01-05 14:50기사원문좋아요훈훈해요좋아요 평가하기공감좋아요0훈훈해요0슬퍼요0화나요0후속기사 원해요0댓글(서울=뉴스1) 신웅수 기자 = 5일 오후 서울 서초구 서초동 삼성딜라이트샵에서 고객들이 삼성전자 듀얼카메라 스마트폰 '갤럭시A8'을 살펴보고 있다.국내 이동통신3사를 통해 출시된 갤럭시A8은 32기가바이트 내장메모리와 전면에 1,600만, 800만 화소의 카메라가 탑재돼 있으며 가격은 59만9,500원이다. 2018.1.5/뉴스1phonalist@▶ '평창2018' 관련 뉴스·포토 보기▶ 네이버메인에 ‘뉴스1채널’ 설정하기!▶ 여러분의 제보를 기다립니다.제보하기![© 뉴스1코리아(news1.kr), 무단 전재 및 재배포 금지]뉴스1 관련뉴스해당 언론사에서 선정하며 언론사 페이지(아웃링크)로 이동해 볼 수 있습니다.영화 '1987' 1000만 돌파?…文대통령이 끌어줄까류현진 오늘 장가간다…배지현 아나운서와 백년가약한밤 아파트 침입 주인 부부와 나체로 몸싸움허위진술 거부에 앙심…오토바이 4대에 방화조현병 30대 엄마, 자녀 2명과 아파트 투신좋아요0훈훈해요0슬퍼요0화나요0후속기사 원해요0기사제공 :""]"
8,삼성전자, 2018-01-0514:50,뉴스1 ,출시된 갤럭시A8 '셀피족 겨냥',https://finance.naver.com/news/news_read.nhn?article_id=0003134801&office_id=421&mode=search&query=삼성전자&page=4,"[""       출시된 갤럭시A8 '셀피족 겨냥'      기사입력2018-01-05 14:50기사원문좋아요훈훈해요좋아요 평가하기공감좋아요0훈훈해요0슬퍼요0화나요0후속기사 원해요0댓글(서울=뉴스1) 신웅수 기자 = 5일 오후 서울 서초구 서초동 삼성딜라이트샵에서 고객들이 삼성전자 듀얼카메라 스마트폰 '갤럭시A8'을 살펴보고 있다.국내 이동통신3사를 통해 출시된 갤럭시A8은 32기가바이트 내장메모리와 전면에 1,600만, 800만 화소의 카메라가 탑재돼 있으며 가격은 59만9,500원이다. 2018.1.5/뉴스1phonalist@▶ '평창2018' 관련 뉴스·포토 보기▶ 네이버메인에 ‘뉴스1채널’ 설정하기!▶ 여러분의 제보를 기다립니다.제보하기![© 뉴스1코리아(news1.kr), 무단 전재 및 재배포 금지]뉴스1 관련뉴스해당 언론사에서 선정하며 언론사 페이지(아웃링크)로 이동해 볼 수 있습니다.영화 '1987' 1000만 돌파?…文대통령이 끌어줄까류현진 오늘 장가간다…배지현 아나운서와 백년가약한밤 아파트 침입 주인 부부와 나체로 몸싸움허위진술 거부에 앙심…오토바이 4대에 방화조현병 30대 엄마, 자녀 2명과 아파트 투신좋아요0훈훈해요0슬퍼요0화나요0후속기사 원해요0기사제공 :""]"
9,삼성전자, 2018-01-0514:50,뉴스1 ,'셀피에 제격' 갤럭시A8 출시,https://finance.naver.com/news/news_read.nhn?article_id=0003134800&office_id=421&mode=search&query=삼성전자&page=4,"[""       '셀피에 제격' 갤럭시A8 출시      기사입력2018-01-05 14:50기사원문좋아요훈훈해요좋아요 평가하기공감좋아요0훈훈해요0슬퍼요0화나요0후속기사 원해요0댓글(서울=뉴스1) 신웅수 기자 = 5일 오후 서울 서초구 서초동 삼성딜라이트샵에서 고객들이 삼성전자 듀얼카메라 스마트폰 '갤럭시A8'을 살펴보고 있다.국내 이동통신3사를 통해 출시된 갤럭시A8은 32기가바이트 내장메모리와 전면에 1,600만, 800만 화소의 카메라가 탑재돼 있으며 가격은 59만9,500원이다. 2018.1.5/뉴스1phonalist@▶ '평창2018' 관련 뉴스·포토 보기▶ 네이버메인에 ‘뉴스1채널’ 설정하기!▶ 여러분의 제보를 기다립니다.제보하기![© 뉴스1코리아(news1.kr), 무단 전재 및 재배포 금지]뉴스1 관련뉴스해당 언론사에서 선정하며 언론사 페이지(아웃링크)로 이동해 볼 수 있습니다.영화 '1987' 1000만 돌파?…文대통령이 끌어줄까류현진 오늘 장가간다…배지현 아나운서와 백년가약한밤 아파트 침입 주인 부부와 나체로 몸싸움허위진술 거부에 앙심…오토바이 4대에 방화조현병 30대 엄마, 자녀 2명과 아파트 투신좋아요0훈훈해요0슬퍼요0화나요0후속기사 원해요0기사제공 :""]"
10,삼성전자, 2018-01-0514:50,뉴스1 ,50만원대 갤럭시 A8 출시,https://finance.naver.com/news/news_read.nhn?article_id=0003134799&office_id=421&mode=search&query=삼성전자&page=4,"[""       50만원대 갤럭시 A8 출시      기사입력2018-01-05 14:50기사원문좋아요훈훈해요좋아요 평가하기공감좋아요0훈훈해요0슬퍼요0화나요0후속기사 원해요0댓글(서울=뉴스1) 신웅수 기자 = 5일 오후 서울 서초구 서초동 삼성딜라이트샵에서 고객들이 삼성전자 듀얼카메라 스마트폰 '갤럭시A8'을 살펴보고 있다.국내 이동통신3사를 통해 출시된 갤럭시A8은 32기가바이트 내장메모리와 전면에 1,600만, 800만 화소의 카메라가 탑재돼 있으며 가격은 59만9,500원이다. 2018.1.5/뉴스1phonalist@▶ '평창2018' 관련 뉴스·포토 보기▶ 네이버메인에 ‘뉴스1채널’ 설정하기!▶ 여러분의 제보를 기다립니다.제보하기![© 뉴스1코리아(news1.kr), 무단 전재 및 재배포 금지]뉴스1 관련뉴스해당 언론사에서 선정하며 언론사 페이지(아웃링크)로 이동해 볼 수 있습니다.영화 '1987' 1000만 돌파?…文대통령이 끌어줄까류현진 오늘 장가간다…배지현 아나운서와 백년가약한밤 아파트 침입 주인 부부와 나체로 몸싸움허위진술 거부에 앙심…오토바이 4대에 방화조현병 30대 엄마, 자녀 2명과 아파트 투신좋아요0훈훈해요0슬퍼요0화나요0후속기사 원해요0기사제공 :""]"
11,삼성전자, 2018-01-0514:50,머니S ,"삼성전자 경영진, 잇단 자사주 매입…책임경영 강화",https://finance.naver.com/news/news_read.nhn?article_id=0000287509&office_id=417&mode=search&query=삼성전자&page=4,"['       삼성전자 경영진, 잇단 자사주 매입…책임경영 강화      기사입력2018-01-05 14:50기사원문좋아요훈훈해요좋아요 평가하기공감좋아요0훈훈해요0슬퍼요0화나요0후속기사 원해요0댓글본문 이미지 영역/사진=뉴시스삼성전자 신임 경영진이 잇달아 자사주를 매입에 나섰다.삼성전자는 5일 김현석 CE(소비자가전)부문장(사장)과 고동진 IM(IT·모바일)부문장(사장), 노희찬 경영지원실장(사장)이 이날 각각 삼성전자 주식을 1095주, 1000주, 200주 매입했다고 공시했다.앞서 김기남 DS(디바이스솔루션)부문장(사장)도 지난달 28일 자사주 3500주를 매입한 바 있다.또한 정은승 DS부문 파운드리사업부장(사장), 진교영 메모리사업부장(사장), 한종희 CE부문 영상디스플레이사업부장(사장)도 12월말부터 최근까지 자사주를 잇따라 매입했다.업계에서는 신임 경영진들의 잇단 자사주 매입이 책임경영을 강화하기 위한 의지를 나타낸 것으로 해석한다.재계 관계자는 “자사주 매입이 어떤 배경에 의한 것이라고 확단할 수는 없지만 신임 경영진으로서 주인 의식을 갖고 책임경영을 강화하겠다는 의지를 드러낸 것으로 보인다”고 말했다.이한듬 기자 mumford@mt.co.kr머니S 관련뉴스해당 언론사에서 선정하며 언론사 페이지(아웃링크)로 이동해 볼 수 있습니다.정주리 남편 ""잔소리 안 들으려 머리 밀어""… 상위 1% 독특한 에피소드스타골든벨 \'정답소녀\' 김수정, 소녀에서 숙녀로""문희옥, 소속사 대표와 사실혼·아들도 있다"" 폭로박유천, 세금체납으로 31억짜리 오피스텔 압류당했다허경영의 호화생활…여성 몸 더듬고 ""치유"" 주장까지좋아요0훈훈해요0슬퍼요0화나요0후속기사 원해요0기사제공 :']"
12,삼성전자, 2018-01-0514:50,뉴스1 ,듀얼카메라 탑재된 갤럭시A8 출시,https://finance.naver.com/news/news_read.nhn?article_id=0003134796&office_id=421&mode=search&query=삼성전자&page=4,"[""       듀얼카메라 탑재된 갤럭시A8 출시      기사입력2018-01-05 14:50기사원문좋아요훈훈해요좋아요 평가하기공감좋아요0훈훈해요0슬퍼요0화나요0후속기사 원해요0댓글(서울=뉴스1) 신웅수 기자 = 5일 오후 서울 서초구 서초동 삼성딜라이트샵에서 고객들이 삼성전자 듀얼카메라 스마트폰 '갤럭시A8'을 살펴보고 있다.국내 이동통신3사를 통해 출시된 갤럭시A8은 32기가바이트 내장메모리와 전면에 1,600만, 800만 화소의 카메라가 탑재돼 있으며 가격은 59만9,500원이다. 2018.1.5/뉴스1phonalist@▶ '평창2018' 관련 뉴스·포토 보기▶ 네이버메인에 ‘뉴스1채널’ 설정하기!▶ 여러분의 제보를 기다립니다.제보하기![© 뉴스1코리아(news1.kr), 무단 전재 및 재배포 금지]뉴스1 관련뉴스해당 언론사에서 선정하며 언론사 페이지(아웃링크)로 이동해 볼 수 있습니다.영화 '1987' 1000만 돌파?…文대통령이 끌어줄까류현진 오늘 장가간다…배지현 아나운서와 백년가약한밤 아파트 침입 주인 부부와 나체로 몸싸움허위진술 거부에 앙심…오토바이 4대에 방화조현병 30대 엄마, 자녀 2명과 아파트 투신좋아요0훈훈해요0슬퍼요0화나요0후속기사 원해요0기사제공 :""]"
13,삼성전자, 2018-01-0514:49,연합뉴스 ,삼성전자 갤럭시A8 출시,https://finance.naver.com/news/news_read.nhn?article_id=0009793505&office_id=001&mode=search&query=삼성전자&page=4,"['       삼성전자 갤럭시A8 출시      기사입력2018-01-05 14:49기사원문좋아요훈훈해요좋아요 평가하기공감좋아요0훈훈해요0슬퍼요0화나요0후속기사 원해요0댓글    (서울=연합뉴스) 최재구 기자 = 5일 서울 서초구 삼성전자 전시장에서 시민들이 삼성전자의 올해 첫 출시 스마트폰인 갤럭시 A8을 살펴보고 있다. 갤럭시 A8은 최신 플래그십 스마트폰의 특장점을 계승한 데다 차별화된 카메라 기능을 탑재해 기존 갤럭시A 시리즈와 달리 2030 젊은 소비자를 겨냥한 \'영 프리미엄 스마트폰\'이라는 게 삼성전자 설명이다. 2018.1.5    jjaeck9@yna.co.kr▶기사제보 및 문의▶기자와 1:1 채팅\xa0\xa0▶최신 트렌드연합뉴스 관련뉴스해당 언론사에서 선정하며 언론사 페이지(아웃링크)로 이동해 볼 수 있습니다.\xa0[단독] 장현승·신수지, 4개월째 열애…""볼링이 공통분모""\xa0\'ㅁㅊㅅㄲ\' 문자 김종석 의원 ""기계 스팸인줄 알고 회신""\xa0\'스파이더맨 복장 셀카\' 찍던 유학생, 기숙사서 추락사\xa0美 덮친 한파에 \'냉동\' 이구아나 속출…거북도 꽁꽁\xa0관람객 틈에 섞여 진열장 깨고 무굴제국 보물 훔쳐좋아요0훈훈해요0슬퍼요0화나요0후속기사 원해요0기사제공 :']"
14,삼성전자, 2018-01-0514:49,파이낸셜뉴스 ,"삼성카드, 갤럭시 A8 구매시 장기할부·할인 혜택 제공",https://finance.naver.com/news/news_read.nhn?article_id=0003937695&office_id=014&mode=search&query=삼성전자&page=4,"['       삼성카드, 갤럭시 A8 구매시 장기할부·할인 혜택 제공      기사입력2018-01-05 14:49기사원문좋아요훈훈해요좋아요 평가하기공감좋아요0훈훈해요0슬퍼요0화나요0후속기사 원해요0댓글  삼성카드는 삼성전자 갤럭시 A8 구매시 \'T 삼성카드2 V2\'를 통해 휴대폰 장기할부 서비스와 할인 혜택 등을 오는 2월 28일까지 제공한다고 5일 밝혔다.  SK텔레콤과 제휴를 맺고 출시한 \'T 삼성카드2 V2\'는 24, 36개월 휴대폰 장기할부 서비스를 제공한다. \'T 삼성카드2 V2\'로 SK텔레콤에서 장기할부 서비스를 이용해 \'갤럭시A8\'을 구매할 경우 전월 신용카드 이용실적에 따라 최대 월 2만원의 결제일 할인 혜택이 제공돼 24개월 장기할부는 최대 48만원, 36개월 장기할부는 최대 72만원까지 혜택을 받을 수 있다. 24개월 장기할부 수수료율은 연 5.9%, 36개월은 연 7.0%가 적용된다.  \'T 삼성카드2 V2\'는 장기할부 서비스 외에도 생활밀착형 서비스로 커피전문점과 대중교통·택시 5% 결제일 할인 등 실용적인 혜택을 제공한다.  \'T 삼성카드2 V2\'는 전월 신용카드 이용실적에 세금, 공과금, 통신요금 납부 금액 등이 포함돼 이용실적 달성에 유리하다. 단 무이자할부 이용금액은 이용실적에서 제외된다.  삼성카드 관계자는 ""\'T 삼성카드 2 V2\'를 통해 고객들이 \'갤럭시A8\'을 보다 합리적으로 구매할 수 있을 것으로 기대한다""고 밝혔다.   gloriakim@fnnews.com 김문희 기자   ▶ 세상의 모든 골 때리는 이야기 \'fn파스\'▶ 속보이는 연예뉴스 fn스타  ※ 저작권자 ⓒ  파이낸셜뉴스. 무단 전재-재배포 금지파이낸셜뉴스 관련뉴스해당 언론사에서 선정하며 언론사 페이지(아웃링크)로 이동해 볼 수 있습니다.먹다보니, 지방간.. 당뇨 등 만성질환자 더 위험가상화폐 \'리플\' 창시자, 63조원 \'대박\'외출시 보일러 전원 껐다간 \'낭패\'2018년 4대기업 운세는? 재미로 보는 \'기업 토정비결\'김종석 ""\'ㅁㅊㅅㄲ\', 아무 의미 없는 문자열""좋아요0훈훈해요0슬퍼요0화나요0후속기사 원해요0기사제공 :']"
15,삼성전자, 2018-01-0514:49,연합뉴스 ,삼성전자 갤럭시A8 출시,https://finance.naver.com/news/news_read.nhn?article_id=0009793506&office_id=001&mode=search&query=삼성전자&page=4,"['       삼성전자 갤럭시A8 출시      기사입력2018-01-05 14:49기사원문좋아요훈훈해요좋아요 평가하기공감좋아요0훈훈해요0슬퍼요0화나요0후속기사 원해요0댓글    (서울=연합뉴스) 최재구 기자 = 5일 서울 서초구 삼성전자 전시장에서 시민들이 삼성전자의 올해 첫 출시 스마트폰인 갤럭시 A8을 살펴보고 있다. 갤럭시 A8은 최신 플래그십 스마트폰의 특장점을 계승한 데다 차별화된 카메라 기능을 탑재해 기존 갤럭시A 시리즈와 달리 2030 젊은 소비자를 겨냥한 \'영 프리미엄 스마트폰\'이라는 게 삼성전자 설명이다. 2018.1.5    jjaeck9@yna.co.kr▶기사제보 및 문의▶기자와 1:1 채팅\xa0\xa0▶최신 트렌드연합뉴스 관련뉴스해당 언론사에서 선정하며 언론사 페이지(아웃링크)로 이동해 볼 수 있습니다.\xa0[단독] 장현승·신수지, 4개월째 열애…""볼링이 공통분모""\xa0\'ㅁㅊㅅㄲ\' 문자 김종석 의원 ""기계 스팸인줄 알고 회신""\xa0\'스파이더맨 복장 셀카\' 찍던 유학생, 기숙사서 추락사\xa0美 덮친 한파에 \'냉동\' 이구아나 속출…거북도 꽁꽁\xa0관람객 틈에 섞여 진열장 깨고 무굴제국 보물 훔쳐좋아요0훈훈해요0슬퍼요0화나요0후속기사 원해요0기사제공 :']"
16,삼성전자, 2018-01-0514:49,연합뉴스 ,삼성전자 갤럭시A8 출시,https://finance.naver.com/news/news_read.nhn?article_id=0009793504&office_id=001&mode=search&query=삼성전자&page=4,"['       삼성전자 갤럭시A8 출시      기사입력2018-01-05 14:49기사원문좋아요훈훈해요좋아요 평가하기공감좋아요0훈훈해요0슬퍼요0화나요0후속기사 원해요0댓글    (서울=연합뉴스) 최재구 기자 = 5일 서울 서초구 삼성전자 전시장에서 시민들이 삼성전자의 올해 첫 출시 스마트폰인 갤럭시 A8을 살펴보고 있다. 갤럭시 A8은 최신 플래그십 스마트폰의 특장점을 계승한 데다 차별화된 카메라 기능을 탑재해 기존 갤럭시A 시리즈와 달리 2030 젊은 소비자를 겨냥한 \'영 프리미엄 스마트폰\'이라는 게 삼성전자 설명이다. 2018.1.5    jjaeck9@yna.co.kr▶기사제보 및 문의▶기자와 1:1 채팅\xa0\xa0▶최신 트렌드연합뉴스 관련뉴스해당 언론사에서 선정하며 언론사 페이지(아웃링크)로 이동해 볼 수 있습니다.\xa0[단독] 장현승·신수지, 4개월째 열애…""볼링이 공통분모""\xa0\'ㅁㅊㅅㄲ\' 문자 김종석 의원 ""기계 스팸인줄 알고 회신""\xa0\'스파이더맨 복장 셀카\' 찍던 유학생, 기숙사서 추락사\xa0美 덮친 한파에 \'냉동\' 이구아나 속출…거북도 꽁꽁\xa0관람객 틈에 섞여 진열장 깨고 무굴제국 보물 훔쳐좋아요0훈훈해요0슬퍼요0화나요0후속기사 원해요0기사제공 :']"
17,삼성전자, 2018-01-0514:48,머니투데이 ,"김현석 삼성전자 사장, 27억어치 자사주 매입",https://finance.naver.com/news/news_read.nhn?article_id=0003988910&office_id=008&mode=search&query=삼성전자&page=4,"['       김현석 삼성전자 사장, 27억어치 자사주 매입      기사입력2018-01-05 14:48기사원문좋아요훈훈해요좋아요 평가하기공감좋아요0훈훈해요0슬퍼요0화나요0후속기사 원해요0댓글 [머니투데이 서진욱 기자] 김현석 삼성전자 사장(CE부문장)이 27억원 규모의 삼성전자 주식 1095주를 장내 매수했다고 5일 밝혔다.이로써 김 사장의 보유 주식은 1995주로 늘었다.▶돌아본 2017 \'10대 키워드\'▶무료 만화 보고 선물도 받고~ ▶치어리더 vs 레이싱걸 서진욱 기자 sjw@ 머니투데이 관련뉴스해당 언론사에서 선정하며 언론사 페이지(아웃링크)로 이동해 볼 수 있습니다.2018년 공무원 봉급표… \'1급 공무원\' 월급은?현대차 노조, 새해 벽두부터 파업[친절한 판례氏]""내연남이 또 바람 피웠어요"" 위자료 받을 수 있나가상통화 열풍에 빗썸 억대 성과급 지급 기대…직원들 \'好好\'""낳기만 하면 부모인가요?""… \'키더런트\'의 비극좋아요0훈훈해요0슬퍼요0화나요0후속기사 원해요0기사제공 :']"
18,삼성전자, 2018-01-0514:45,머니투데이 ,"고동진 삼성전자 사장, 24억어치 자사주 매입",https://finance.naver.com/news/news_read.nhn?article_id=0003988909&office_id=008&mode=search&query=삼성전자&page=4,"['       고동진 삼성전자 사장, 24억어치 자사주 매입      기사입력2018-01-05 14:45기사원문좋아요훈훈해요좋아요 평가하기공감좋아요0훈훈해요0슬퍼요0화나요0후속기사 원해요0댓글 [머니투데이 서진욱 기자] 고동진 삼성전자 사장(IM부문장)이 24억원 규모의 삼성전자 주식 1000주를 장내 매수했다고 5일 밝혔다.▶돌아본 2017 \'10대 키워드\'▶무료 만화 보고 선물도 받고~ ▶치어리더 vs 레이싱걸 서진욱 기자 sjw@ 머니투데이 관련뉴스해당 언론사에서 선정하며 언론사 페이지(아웃링크)로 이동해 볼 수 있습니다.2018년 공무원 봉급표… \'1급 공무원\' 월급은?현대차 노조, 새해 벽두부터 파업[친절한 판례氏]""내연남이 또 바람 피웠어요"" 위자료 받을 수 있나가상통화 열풍에 빗썸 억대 성과급 지급 기대…직원들 \'好好\'""낳기만 하면 부모인가요?""… \'키더런트\'의 비극좋아요0훈훈해요0슬퍼요0화나요0후속기사 원해요0기사제공 :']"
19,삼성전자, 2018-01-0514:42,한국일보 ,갤럭시 최초 전면 듀얼카메라 ‘갤럭시A8’ 국내 출시,https://finance.naver.com/news/news_read.nhn?article_id=0000267650&office_id=469&mode=search&query=삼성전자&page=4,"['       갤럭시 최초 전면 듀얼카메라 ‘갤럭시A8’ 국내 출시      기사입력2018-01-05 14:42기사원문좋아요훈훈해요좋아요 평가하기공감좋아요0훈훈해요0슬퍼요0화나요0후속기사 원해요0댓글 강력한 카메라에 갖출 건 다 갖춘 2030 특화 중가 스마트폰모델들이 갤럭시A8의 전면 듀얼 카메라로 셀피를 찍고 있다. 삼성전자 제공‘영 프리미엄’ 스마트폰 갤럭시A8가 갤럭시 시리즈 중 최초로 전면 듀얼 카메라로 무장하고 돌아왔다.삼성전자는 2018년형 갤럭시A8를 이동통신 3사를 통해 5일 국내에 출시했다. 프리미엄 스마트폰 갤럭시S8의 장점을 계승하면서 2030세대를 겨냥한 차별화된 카메라 기능까지 더해진 게 특징이다.갤럭시A8 전면에는 1,600만 화소와 800만 화소로 구성된 듀얼 카메라가 탑재됐다. 지난해 하반기 전략 스마트폰 갤럭시노트8에 후면 듀얼 카메라를 처음 적용한 삼성전자의 첫번째 전면 듀얼 카메라 스마트폰이다. 여기에 조리개값 F1.9 렌즈가 초고화질 셀피 촬영을 가능하게 하고 원하는 만큼 배경을 흐리게 처리하는 ‘라이브 포커스’ 기능도 제공한다. 후면에는 1,600만 화소에 조리개값 F1.7인 렌즈가 들어갔다.디자인은 화면비율 18.5대 9에 테두리(베젤)를 최소화한 ‘인피니티 디스플레이’가 적용됐다.왼쪽부터 블루 골드 블랙 색상 갤럭시A8. SK텔레콤 제공모바일 간편 결제 서비스 ‘삼성 페이’와 지능형 인터페이스 ‘빅스비(Bixby)’ 중 빅스비 홈ㆍ리마인더ㆍ비전을 지원한다. IP68 등급의 방수ㆍ방진 기능을 갖췄고 갤럭시A 시리즈 중 처음으로 가상현실(VR) 기기 기어VR과도 호환된다. 내장 메모리는 32기가바이트(GB), 색상은 골드 블루 블랙 세 가지다. 출고가는 599,500원이다. SK텔레콤 사용자는 6만원대 요금제인 밴드 데이터 퍼펙트를 쓰면 공시지원금 18만2,000원을 받아 41만7,500원에 구매할 수 있다.김창훈 기자 chkim@hankookilbo.com 모델이 5일 국내 출시된 삼성 갤럭시A8를 소개하고 있다. SK텔레콤 제공▶한국일보 [페이스북] [카카오 친구맺기]▶네이버 채널에서 한국일보를 구독하세요![ⓒ 한국일보(hankookilbo.com), 무단 전재 및 재배포 금지]한국일보 관련뉴스해당 언론사에서 선정하며 언론사 페이지(아웃링크)로 이동해 볼 수 있습니다.""헬게이트 열린 2호선 사당역"" 열차 고장 SNS 상황""경비원 94명 전원 해고"" 압구정 현대아파트에 무슨 일이""수고불참? 시골배추?"" 김종석 의원 \'ㅅㄱㅂㅊ\' 문자 의미는?반색하는 중국, 떨떠름한 일본北 ""9일 평화의 집으로 나갈 것이다""…남북회담 수락좋아요0훈훈해요0슬퍼요0화나요0후속기사 원해요0기사제공 :']"
0,삼성전자, 2018-01-0514:40,디지털타임스 ,"가트너 ""삼성전자 24년 만 반도체 매출 1위""",https://finance.naver.com/news/news_read.nhn?article_id=0002441848&office_id=029&mode=search&query=삼성전자&page=5,"['       가트너 ""삼성전자 24년 만 반도체 매출 1위""      기사입력2018-01-05 14:40기사원문좋아요훈훈해요좋아요 평가하기공감좋아요0훈훈해요0슬퍼요0화나요0후속기사 원해요0댓글 삼성전자가 24년 만에 세계 반도체 매출 1위를 달성한 것이 거의 확실해졌다. 앞서 시장조사업체 IC인사이츠 등도 같은 예상을 내놓은 바 있다. 4일 가트너 앤드루 노우드 가트너 부사장은 보도자료에서 ""최대 메모리 공급업체인 삼성전자가 가장 큰 시장 점유율을 보이며 1992년 이래 1위 자리를 놓치지 않았던 인텔을 밀어내고 1위를 탈환했다""며 ""메모리는 2017년 전체 반도체 매출 성장분의 3분의 2 이상을 차지하며 반도체 분야 최대 영역으로 자리 잡았다""고 말했다.가트너에 따르면 삼성전자는 지난해 매출 612억1500만 달러(약 65조원)를 기록해 전년보다 52.6% 늘었다. 시장점유율은 14.6%를 기록했다. 1992년 이후 1위 자리를 유지했던 인텔은 577억1200만 달러(약 61조3000억원)를 기록해 2위를 차지했다. 매출은 전년보다 6.7% 늘었고, 시장점유율은 13.8%를 기록했다.가트너는 그러나 삼성전자의 1위 수성이 그리 오래가진 않을 것으로 예측했다. 노우드 부사장은 ""삼성의 1위 탈환은 메모리 실리콘 버전의 사상누각""이라며 ""중국이 자체 메모리 생산 능력 확대를 꾀하고 있어 메모리 가격은 2018년 낸드플래시부터 시작해 2019년 D램까지 서서히 약화될 것으로 본다. 그렇게 될 경우 삼성은 현재의 매출 강세를 상당 부분 잃게 될 것""이라고 설명했다.이 밖에도 메모리 분야의 매출 호조에 따라 SK하이닉스는 전년보다 79.0% 늘어난 263억900만 달러(약 28조원)의 매출을 기록해 3위로 한 계단 순위가 올랐고, 마이크론 테크놀로지도 230억6200만 달러(약 24조5000억원)로 두 계단 상승한 4위를 기록했다.가트너는 또 작년 인수·합병(M&A) 움직임이 상대적으로 저조했지만, 올해 퀄컴의 NXP 인수 계획과 브로드컴의 퀄컴 인수 시도 등으로 상황이 복잡해지고 있어 이에 따라 순위 변동이 있을 것으로 예상했다. 노우드 부사장은 ""브로드컴, 퀄컴, NXP의 작년 총 합산 매출은 412억 달러로, 삼성과 인텔의 매출에 한참 못 미친다""면서도 ""브로드컴이 이번 인수를 끝내고 예상대로 2019년 메모리 시장이 침체할 경우 삼성은 자칫 3위로 밀려날 수도 있다""고 말했다.한편 작년 세계 반도체 매출 총액은 전년보다 22.2% 증가한 4197억 달러(약 445조5000억원)인 것으로 나타났다. 이는 2017년 전체 반도체 시장의 31%를 차지한 메모리 시장 매출이 공급 부족으로 64% 성장한 것에 힘입은 결과다. 박정일기자 comja77@dt.co.kr 디지털타임스 홈페이지 바로가기 / SNS 바로가기디지털타임스 영문뉴스 바로가기 / 카드뉴스 바로가기박정일디지털타임스 관련뉴스해당 언론사에서 선정하며 언론사 페이지(아웃링크)로 이동해 볼 수 있습니다.첨단사양 적용 최강 가성비 \'트랙스 LT코어\', 가격이…새해 첫주 서울 아파트값 고공행진… 한주새 1억이상 오른 곳이\'E-클래스\'의 힘, 작년 수입차 1위 벤츠 판매량이…통일부 ""북한, 9일 회담제안 수락…실무문제 논의""전면 듀얼카메라로 나 만의 \'셀피 연출\'… 갤럭시A8 써 보니좋아요0훈훈해요0슬퍼요0화나요0후속기사 원해요0기사제공 :']"
1,삼성전자, 2018-01-0514:34,동아일보 ,갤럭시 A8 2018 가장 큰 매력은 ‘셀카’…전면 카메라 아웃포커싱 가능,https://finance.naver.com/news/news_read.nhn?article_id=0003119822&office_id=020&mode=search&query=삼성전자&page=5,"['       갤럭시 A8 2018 가장 큰 매력은 ‘셀카’…전면 카메라 아웃포커싱 가능      기사입력2018-01-05 14:34기사원문좋아요훈훈해요좋아요 평가하기공감좋아요0훈훈해요0슬퍼요0화나요0후속기사 원해요0댓글 [동아닷컴]삼성전자가 5일 출시한 ‘갤럭시A8’ 2018년형은 셀카(셀프 카메라)를 즐기는 소비자에게 제격인 제품이다. 또 합리적인 가격으로 2030 세대를 겨냥했다.갤럭시A8은 전면에 각각 1600·800만화소의 듀얼 카메라를 탑재, 조리개값 F1.9 렌즈를 적용해 초고화질의 셀카 촬영이 가능하다.특히 전면 ‘라이브 포커스’ 기능은 ‘셀카족’에게 반가운 소식이다. 라이브 포커스는 DSLR 카메라로 찍은 ‘아웃포커싱’ 사진처럼 사람의 얼굴은 또렷하게 하고 주변 배경은 흐리게하는 기능이다. 작년 하반기 전략 스마트폰 ‘갤럭시노트8’에 이 기능이 탑재됐으나 전면카메라는 싱글카메라여서 셀카에선 이 기능을 사용할 수 없었다.갤럭시A8은 갤럭시 스마트폰 최초로 전면에 듀얼 카메라를 탑재해 셀카에 라이브 포커스 기능을 이용할 수 있게 했다. 배경을 다시 선명하게 하거나 흐릿한 정도를 바꿀 수도 있다.후면 카메라는 1600만화소에 조리개값 F1.7의 렌즈를 탑재해 낮과 밤 모두 선명하고 깨끗한 사진촬영이 가능하다. VDIS(Video Digital Image Stabilization) 기능으로 동영상 촬영시 흔들림을 보정해 안정적이고 선명한 촬영도 가능하다.또 프리미엄 스마트폰인 갤럭시S8 ·갤럭시노트8과 마찬가지로 베젤(테두리)을 최소화 했다. 유려한 글래스와 메탈 프레임의 부드러운 곡선으로 고급스럽고 감각적인 디자인을 연출했다. 18.5대9의 인피니티 디스플레이가 적용돼 꽉찬 대화면으로 다양한 크기의 영상 콘텐츠를 즐길 수 있다.‘삼성페이’, 안면인식과 지문인식 기능, 인공지능 비서 ‘빅스비 비전’ 등 프리미엄급 성능도 두루 갖췄다. ’갤럭시A’ 시리즈 최초로 ’기어VR‘과도 호환된다.블랙, 골드, 블루 3가지 색상이 있으며, 출고가는 59만 9500원이다.박태근 동아닷컴 기자 ptk@donga.com▶ 동아일보 단독 / 동아일보 공식 페이스북▶ 핫한 경제 이슈와 재테크 방법 총집결(클릭!)ⓒ 동아일보 & donga.com, 무단 전재 및 재배포 금지동아일보 관련뉴스해당 언론사에서 선정하며 언론사 페이지(아웃링크)로 이동해 볼 수 있습니다.""한국, 인권도 없어""…낸시랭, 트럼프에 호소문류현진, 오늘 장가간다배지현 아나운서와 백년가약하리수에 도 넘은 \'악플\' 눈살""예뻐도 욕, 못생겨도 욕""\'윤식당2\' 드디어 오늘 오픈,새로 생긴 메뉴들…성공할까?\'꽃할배\' 신구가 최근 SNS 계정 만든 이유좋아요0훈훈해요0슬퍼요0화나요0후속기사 원해요0기사제공 :']"
2,삼성전자, 2018-01-0514:26,YTN ,[기업] 美 뉴베리 삼성세탁기 공장 오는 12일 가동,https://finance.naver.com/news/news_read.nhn?article_id=0001102383&office_id=052&mode=search&query=삼성전자&page=5,"[""       [기업] 美 뉴베리 삼성세탁기 공장 오는 12일 가동      기사입력2018-01-05 14:26기사원문좋아요훈훈해요좋아요 평가하기공감좋아요0훈훈해요0슬퍼요0화나요0후속기사 원해요0댓글 미국 사우스 캐롤라이나의 뉴베리에 짓는 삼성전자의 세탁기 공장이 오는 12일 가동에 들어갑니다.존 헤링턴 삼성전자 미국법인 선임 부사장은 미 무역대표부의 세탁기 세이프가드 관련 공청회 증인으로 출석해 이같이 밝혔습니다.이 공장은 올해 말까지 천 명을 고용해 라인별로 2교대 체제로 운영하며 연간 세탁기 100만 대 이상을 생산할 계획입니다.▶2018년 나의 신년 운세 보기▶동영상 뉴스 모아보기 ▶YTN과 친구가 되어주세요[저작권자(c) YTN & YTN PLUS 무단전재 및 재배포 금지]YTN 관련뉴스해당 언론사에서 선정하며 언론사 페이지(아웃링크)로 이동해 볼 수 있습니다.멧돼지로 오인 사격...50대 남성 숨져'그냥 감기 아닙니다'…꼭 확인해야 할 독감 증상'ㅁㅊㅅㄲ ㅅㄱㅂㅊ'...한국당 김종석의 심오한 문자故 신해철 집도의, 또 의료사고 배상 판결'환각' 때문에 4m 아래 투신한 男, 극적 구조좋아요0훈훈해요0슬퍼요0화나요0후속기사 원해요0기사제공 :""]"
3,삼성전자, 2018-01-0514:23,스포츠서울 ,"삼성전자 신임 경영진, 잇따라 자사주 매입 나서",https://finance.naver.com/news/news_read.nhn?article_id=0000337231&office_id=468&mode=search&query=삼성전자&page=5,"['       삼성전자 신임 경영진, 잇따라 자사주 매입 나서      기사입력2018-01-05 14:23기사원문좋아요훈훈해요좋아요 평가하기공감좋아요0훈훈해요0슬퍼요0화나요0후속기사 원해요0댓글[스포츠서울 이선율기자]삼성전자의 신임 경영진들이 최근 잇따라 자사주 매입에 나섰다.5일 삼성전자에 따르면 CE(소비자가전)부문장 김현석 사장과 IM(IT·모바일)부문장 고동진 사장, CFO(최고재무책임자)인 노희찬 경영지원실장(사장)은 이날 각각 삼성전자 주식을 1095주, 1000주, 200주 매입했다고 공시했다.이에 앞서 DS(디바이스솔루션)부문장인 김기남 사장도 자사주 3500주를 매입했다고 지난해 12월 28일 공시한 바 있다. 이는 지난해 10월 인사에서 새롭게 부문장을 맡은 3명의 신임 부문장 모두가 자사주를 사들인 것이다. 지난해 11월 인사에서 사장으로 승진하며 사업부장을 맡게 된 DS부문 파운드리사업부장 정은승 사장, 메모리사업부장 진교영 사장, CE부문 영상디스플레이사업부장 한종희 사장도 지난해 12월 말부터 최근 사이 각각 삼성전자 주식 509주, 450주, 100주를 매입했다.재계에서는 신임 부문장과 사업부장들의 자사주 매입은 각 부문을 책임지고 이끌겠다는 책임경영 의지의 표명으로 분석하고 있다.melody@sportsseoul.com▶스포츠서울 공식 페이스북▶팟캐스트 \'스포츠서울 야구 X파일\'▶스포츠서울 공식 유튜브 채널[기사제보 news@sportsseoul.com]  Copyright ⓒ 스포츠서울&sportsseoul.com스포츠서울 관련뉴스해당 언론사에서 선정하며 언론사 페이지(아웃링크)로 이동해 볼 수 있습니다.정혜성, 가슴 가리기 바쁜 연말 시상식 드레스하리수, 다이어트 후 몰라지게 달라진 근황PIT 매체, 강정호 방출 예상…넥센으로 유턴?\'10호골\' 손흥민 ""슛 순간 느낌이 좋았다""\'건대 여신\'으로 불리는 배우의 일상 미모좋아요0훈훈해요0슬퍼요0화나요0후속기사 원해요0기사제공 :']"
4,삼성전자, 2018-01-0514:21,동아일보 ,"삼성전자, 2018년형 '갤럭시 A8' 국내 출시",https://finance.naver.com/news/news_read.nhn?article_id=0003119819&office_id=020&mode=search&query=삼성전자&page=5,"['       삼성전자, 2018년형 \'갤럭시 A8\' 국내 출시      기사입력2018-01-05 14:21기사원문좋아요훈훈해요좋아요 평가하기공감좋아요0훈훈해요0슬퍼요0화나요0후속기사 원해요0댓글삼성전자는 2018년형 영 프리미엄(Young Premium) 스마트폰 ‘갤럭시 A8(Galaxy A8)’을 국내 이동통신 3사를 통해 출시한다고 5일 밝혔다.2030세대를 겨냥한 2018년형 갤럭시 A8은 차별화된 카메라 기능과 혁신적인 디자인 등 플래그십 스마트폰의 특장점을 계승했다. 우선 2018년형 ‘갤럭시 A8’은 셀피를 즐기는 젊은 소비자를 위한 카메라 기능을 갖췄다.전면에는 각각 1600만 화소, 800만 화소의 듀얼 카메라를 탑재하고 조리개 값 F1.9 렌즈를 적용해 초고화질의 셀피 촬영이 가능하다. 또 촬영 후에도 원하는 만큼 배경을 흐리게 처리할 수 있는 ‘라이브 포커스’ 기능을 지원해 더욱 입체감 있는 셀피를 촬영할 수 있다.후면 카메라는 1600만 화소에 조리개값 F1.7의 렌즈를 탑재해 낮과 밤 모두 선명하고 깨끗한 사진 촬영이 가능하다. 또한 VDIS(Video Digital Image Stabilization) 기능으로 동영상 촬영 시의 흔들림을 보정해 안정적이고 선명한 촬영이 가능하다.2018년형 갤럭시 A8은 디스플레이의 한계를 확장한 18.5:9의 인피니티 디스플레이를 적용했다. 꽉 찬 대화면은 다양한 크기의 영상 콘텐츠를 시원하게 즐길 수 있으며, 유려한 글래스와 메탈 프레임의 부드러운 곡선이 어우러져 고급스럽다. 블랙, 골드, 블루 세 가지 색상으로 출시되며 출고가는 59만9500원이다.동아닷컴 이은정 기자 ejlee@donga.com▶ 동아일보 단독 / 동아일보 공식 페이스북▶ 핫한 경제 이슈와 재테크 방법 총집결(클릭!)ⓒ 동아일보 & donga.com, 무단 전재 및 재배포 금지동아일보 관련뉴스해당 언론사에서 선정하며 언론사 페이지(아웃링크)로 이동해 볼 수 있습니다.야생동물 겨울나기 한강에서 배운다[스타패션]낸시랭 ""돈만 보고 결혼할 거였다면 진작 했을 것""""항공권 구매, 여행 한달 전 일요일이 가장 싸다""온 몸으로 화끈하게…대구 알몸마라톤대회 7일 개최이영학 이후 늘어난 실종신고…""전담팀 예산·인력 확충 필요""좋아요0훈훈해요0슬퍼요0화나요0후속기사 원해요0기사제공 :']"
5,삼성전자, 2018-01-0514:05,스포츠서울 ,지역 내 신흥 주거타운 인기 속 ‘춘천파크자이’ 승승장구,https://finance.naver.com/news/news_read.nhn?article_id=0000337227&office_id=468&mode=search&query=삼성전자&page=5,"['       지역 내 신흥 주거타운 인기 속 ‘춘천파크자이’ 승승장구      기사입력2018-01-05 14:05기사원문좋아요훈훈해요좋아요 평가하기공감좋아요0훈훈해요0슬퍼요0화나요0후속기사 원해요0댓글[스포츠서울 김수지기자]복잡하고 노후화된 구도심을 벗어나 새로 조성되는 신흥주거지에 실수요자들의 관심이 모아지고 있다.통상적으로 구도심은 다양한 기반시설이 이미 구축되어 생활이 편리하지만, 전체적으로 노후화된 환경으로 인해 주거 여건이 쾌적하지 못하고 유해시설이 많다는 단점을 가진다. 반면, 신흥주거타운의 경우 신규 주거시설은 물론 교통, 교육, 편의시설 등 다양한 인프라 시설들이 계획적인 구성 아래에 들어선다. 주거환경이 깔끔하고 쾌적한 데다 굵직한 개발호재의 수혜를 받는 경우도 많다 보니 탄탄한 수요층을 거느리곤 한다.실제로 지역 내 신흥주거지로 급부상한 곳에서 선보인 분양아파트들은 수요자들에게 큰 호응을 얻으며 대부분 우수한 분양성적을 보였고, 높은 미래가치로 아파트값 상승을 주도하고 있다.경기도 평택 고덕국제신도시의 경우 삼성전자 반도체 공장 신설, SRT 개통 등 여러 호재를 보유한 신흥주거지로 많은 기대를 모은 바 있다. 그 결과 2017년 경기도 분양 아파트 1순위 청약경쟁률 1~3위(제일풍경채센트럴, 평택고덕파라곤, 고덕신도시자연&자이)를 모두 고덕국제신도시에서 분양한 단지가 차지했다. 거래시장도 마찬가지다. 대전광역시 신흥주거지로 자리매김한 도안신도시의 ‘도안아이파크’ 전용 84㎡는 입주(2013년 9월) 대비 1억원이 넘는 프리미엄이 붙은 가격대에서 거래되고 있으며, 경남 진주 초전지구의 ‘진주초전푸르지오’ 역시 8~9000만원대 웃돈이 붙은 상황이다.부동산 관계자는 “한 지역 내에서 새롭게 형성되는 신흥주거지의 경우 쾌적하고 편리한 생활 인프라를 누릴 수 있다는 기대감으로 인해 수요자들에게 높은 선호도를 받곤 한다”며 “특히, 지역 부동산시장을 견인하는 것은 물론 높은 프리미엄도 기대할 수 있는 만큼 시세차익도 노려볼 수 있다는 장점을 가진다”고 전했다.이러한 가운데 강원도 춘천시에 새롭게 조성되는 신흥주거타운에 GS건설의 ‘춘천파크자이’가 오늘(5일) 견본주택을 개관해 눈길을 모은다.강원도 춘천시 삼천동 44-10번지 일원에 위치한 ‘춘천 파크자이’는 지하 3층~지상 최고 30층, 7개 동, 전용 64~145㎡, 총 965가구 규모로 조성된다. 단지가 위치한 입지는 춘천시가 발표한 ‘2030년 도시기본계획’ 중 신도심생활권의 중심 입지에 해당한다. 신도심생활권은 쾌적한 주거공간으로 개발되는 것은 물론 의암호, 의암공원, 공지천 조각공원 등 자연환경 접근성도 좋아 여유로운 주거 인프라를 누릴 수 있다. 또한, 춘천 주요지역을 관통하는 영서로, 경춘로, 춘천로 등이 모두 단지 인근에 위치한 만큼 지역 내 이동도 수월하다. 강원도청, 춘천시청, 남춘천역, 이마트, 롯데마트 등 각종 인프라가 자리 잡은 원도심 생활권과 맞닿아 있어 접근성도 뛰어나다. 강원대 춘천캠퍼스, 강원대학교병원, 춘천도시첨단산업단지, 춘천후평일반산업단지 등도 인접해 직주근접 프리미엄도 기대해볼 수 있다. 서울 접근성도 주목할 만 하다. 지난 해 완전 개통된 서울~양양간 동서고속도로를 통해 양쪽 지역 모두 1시간 내 진입이 가능하며, 인천공항 역시 1시간대 진입이 가능해졌다. 또한, 경춘선 남춘천역, 춘천고속버스터미널, 시외버스터미널이 2km 거리에 불과한 만큼, 광역교통망 이용도 편리하다. 향후 춘천~속초 동서고속화철도(2025년 예정)가 개통될 경우 춘천역을 기준으로 서울 50분, 속초 25분 진입이 가능해질 전망이다.이 뿐만이 아니다. GS건설은 춘천 내 최초로 선보이는 ‘자이’ 브랜드 아파트인 만큼 수준 높은 프리미엄 아파트를 선보일 예정이다. 우선 4베이(Bay), 판상형 설계 위주로 단지를 배치하며, 공간 활용도를 높인 특화설계를 비롯해 커뮤니티 시설, 조경, 디자인까지 모두 갖춘 지역을 대표하는 랜드마크 아파트로 구성된다. 이처럼 다양한 프리미엄을 갖춘 ‘춘천파크자이’의 견본주택은 강원도 춘천시 퇴계동 636번지(남춘천역 인근) 일원에 위치한다.sjsj1129@sportsseoul.com▶스포츠서울 공식 페이스북▶팟캐스트 \'스포츠서울 야구 X파일\'▶스포츠서울 공식 유튜브 채널[기사제보 news@sportsseoul.com]  Copyright ⓒ 스포츠서울&sportsseoul.com스포츠서울 관련뉴스해당 언론사에서 선정하며 언론사 페이지(아웃링크)로 이동해 볼 수 있습니다.정혜성, 가슴 가리기 바쁜 연말 시상식 드레스하리수, 다이어트 후 몰라지게 달라진 근황PIT 매체, 강정호 방출 예상…넥센으로 유턴?\'10호골\' 손흥민 ""슛 순간 느낌이 좋았다""\'건대 여신\'으로 불리는 배우의 일상 미모좋아요0훈훈해요0슬퍼요0화나요0후속기사 원해요0기사제공 :']"
6,삼성전자, 2018-01-0513:58,아시아경제 ,"코스피, 대형주 일제히 상승…2500선 '바짝'",https://finance.naver.com/news/news_read.nhn?article_id=0004152599&office_id=277&mode=search&query=삼성전자&page=5,"['       코스피, 대형주 일제히 상승…2500선 \'바짝\'      기사입력2018-01-05 13:58기사원문좋아요훈훈해요좋아요 평가하기공감좋아요0훈훈해요0슬퍼요0화나요0후속기사 원해요0댓글 [아시아경제 박나영 기자]코스피 대형주가 일제히 상승세다.5일 코스피는 전 거래일 대비 23.47포인트(0.99%) 오른 2490.93을 기록, 2500선에 바짝 다가섰다.시가총액 상위종목 중심으로 강세다. 1~10위 종목 모두 오름세이며, 이중 6개 종목이 1%가 넘는 상승률을 기록 중이다. 삼성전자(1.68%), SK하이닉스(2.33%), 네이버(1.9%), KB금융(1.9%), LG화학(1.64%) 등이다.전날 수급 부담감에 4000억원 가까이 차익실현에 나섰던 기관이 \'사자\'세로 돌아선 영향으로 풀이된다.이 시각 기관과 외국인이 각각 1858억원, 571억원어치를 사들였다. 개인은 2565억원을 순매도했다.박나영 기자 bohena@asiae.co.kr▶ 양낙규의 \'군사이야기\'▶ #아시아경제 채널 구독 ▶ #아시아경제 페이스북아시아경제 관련뉴스해당 언론사에서 선정하며 언론사 페이지(아웃링크)로 이동해 볼 수 있습니다.\'北 주민들 사이에서…\' 심상찮은 움직임 포착\'이제와서…\' 朴 노리는 것 따로 있다""내 국회의원직을 걸겠다"" 장제원 발끈손석희 사장 1년 만에 또 일냈다…\'대박\'1000년에 한 번? 일본의 \'초미녀 4인\' 모습이좋아요0훈훈해요0슬퍼요0화나요0후속기사 원해요0기사제공 :']"
7,삼성전자, 2018-01-0513:57,조선비즈 ,"HDC현대산업개발, ‘수지 광교산 아이파크’ 견본주택 개관",https://finance.naver.com/news/news_read.nhn?article_id=0000395054&office_id=366&mode=search&query=삼성전자&page=5,"['       HDC현대산업개발, ‘수지 광교산 아이파크’ 견본주택 개관      기사입력2018-01-05 13:57기사원문좋아요훈훈해요좋아요 평가하기공감좋아요0훈훈해요0슬퍼요0화나요0후속기사 원해요0댓글 HDC현대산업개발은 경기도 용인시 수지구 풍덕천동 산24-3외 7필지에 위치하는 ‘수지 광교산 아이파크’ 견본주택을 개관한다고 5일 밝혔다.수지 광교산 아이파크 투시도./현대산업개발 제공수지 광교산 아이파크는 지하 6층~지상8층 18개동, 전용면적 59~84㎡ 총 537가구로 구성된다. 전용면적별로는 ▲59㎡ 48가구 ▲75㎡A 80가구 ▲75㎡B 37가구 ▲84㎡ 372가구로 이뤄진다.수지 광교산 아이파크는 단지 남측으로 20만㎡ 수지 생태공원이 위치해 있고 주출입구를 제외한 3면이 광교산 자락에 둘러싸여 있어 주거 환경이 쾌적하다.수지구 중심상업시설과도 가깝다. 이마트와 CGV는 반경 1km내, 롯데마트는 반경 2km내에 있으며 신세계백화점 경기점은 차량으로 10분거리, 현대백화점 판교점은 분당선 수지구청역에서 판교역까지 지하철 3정거장(10분)이면 도착할 수 있다.교육환경 또한 우수하다. 단지 반경 500m내에 홍천초·신일초가 1km내에 성복중·수지고 등이 있으며, 분당에 위치한 학원시설 이용도 편리하다.강남권 출퇴근이 용이한 것도 장점이다. 단지에서 신분당선 수지구청역까지 도보로 이용할 수 있고, 지하철 이용 시 강남역까지 약 25분이 소요된다. 단지 남측으로는 광교테크노밸리, 수원시 영통구의 삼성전자산업단지 등으로 이동이 쉽고, 북측으로는 판교신도시의 판교테크노밸리 등으로 출퇴근이 용이하다.광역 교통망도 편리하다. 용인~서울간 고속도로 서수지IC 이용 진입이 수월하고, 경부고속도로와 인접해 신갈IC와 판교JC 등도 이용하기 쉽다.  또한 분당~수서간도시고속화도로와 대왕판교로 등을 통해 강남권을 비롯한 전국권역으로 이동도 수월하다.단지 내에는 주민들이 텃밭으로 활용 할 수 있는 다목적 공간이 조성되고, 입주민과 방문객의 편의를 위한 게스트하우스도 들어선다. 또한 헬스장, GX룸, 실내골프연습장이 있는 피트니스센터도 건설 예정이다.첨단시스템도 적용된다. 입주민들은 HDC 사물인터넷(IoT)시스템을 통해 스마트폰 애플리케이션으로 조명, 난방 등 홈네트워크 시스템을 제어할 수 있다.견본주택은 경기도 용인시 수지구 동천동 901번지 신분당선 동천역 2번 출구 앞에 개관한다. 입주는 2019년 12월 예정이다.[온혜선 기자 onlyyou@chosunbiz.com]chosunbiz.com조선비즈 관련뉴스해당 언론사에서 선정하며 언론사 페이지(아웃링크)로 이동해 볼 수 있습니다.""역시 한국""…베트남 인구 절반이 매료된 \'이것\'""10년 만에 돈 벌 기회 왔다""…들뜬 부동산 업계""4억에 내 집 물론 상가까지""…젊은부부 열광""정부 때문에 50조 날릴 판""…건설사들 사색환골탈태 현대차…""벌써부터 전화통에 불났다""좋아요0훈훈해요0슬퍼요0화나요0후속기사 원해요0기사제공 :']"
8,삼성전자, 2018-01-0513:56,파이낸셜뉴스 ,건설사 엔지니어 출신 CEO시대 저무나,https://finance.naver.com/news/news_read.nhn?article_id=0003937653&office_id=014&mode=search&query=삼성전자&page=5,"['       건설사 엔지니어 출신 CEO시대 저무나      기사입력2018-01-05 13:56기사원문좋아요훈훈해요좋아요 평가하기공감좋아요0훈훈해요0슬퍼요0화나요0후속기사 원해요0댓글  대표적인 전통산업으로 꼽히는 국내 건설업계에서 엔지니어 출신 사장 시대가 저물고 있다.  국내 건설업계의 맏형격인 현대건설에서 최고경영자(CEO)를 맡고 있던 정수현 사장이 4일 대표이사직을 물러났기 때문이다. 정 전 사장은 현대건설 엔지니어 출신으로 건축사업본부장을 비롯해 각종 현장을 모두 섭렵한 업계에서 몇 안되는 전문가였다. 후임은 현대자동차에서 현대건설로 자리를 옮긴 박동욱 부사장으로 대표적인 재무통이다. 이에따라 국내 대형 건설사 대부분이 최고재무책임자(CFO) 출신 인사들이 채워지게 됐다.  5일 업계에 따르면 그동안 건설업계에서는 토목, 건축, 해외            플랜트 등 현장을 경험하지 않고서는 사장에 오를 수 없다는게 일반적인 관례였다. 그러나 2013년 삼성물산, GS건설, 포스코건설 등에서 시작된 \'재무통 CEO 전성시대\' 바람은 이제 현대건설까지 집어삼켰다.  이같은 재무통 전성시대는 2013년 삼성물산은 최치훈 사장이 선임되면서 시작됐다. 최 사장은 조지워싱턴대 MBA를 수료한 후 제너럴일렉트릭(GE)과 삼성전자, 삼성SDI 등을 거치며 재무부문에서 강점을 보여왔다.  또 일시적으로 위기를 겪었던 GS건설도 2013년 임병용 경영지원 총괄사장을 새로운 CEO로 선임하면서 빠르게 안정을 찾았다.  대우건설 송문선 사장과 직전 사장이던 박영식 전 사장도 사내 대표적인 재무통이었다.  포스코건설 황태현 전 사장과 현대산업개발 김재식 전 사장도 재무담당 파트를 주로 맡아 온 재무통이었다. SK건설 조기행 부회장도 경영학을 전공한 마케팅, 구조조정 분야 전문가로 엔지니어 출신은 아니다.  이제 주요 건설사 중 엔지니어 출신 CEO는 한찬건 포스코건설 사장과 성상록 현대엔지니어링 사장, 최광호 한화건설 사장 등만 남게 됐다.  이에대해 업계 관계자는 ""재무출신을 중용하는 것은 아무래도 경기 불확실성이 커질수록 재무에 정통하고 리스크 관리 능력이 중요하기 때문""이라며 ""전통산업인 건설업계도 예전과 달리 변수가 워낙 많이 생기고 시장상황이 급변하기 때문에 이같은 현상이 늘고 있다""고 설명했다.   kwkim@fnnews.com 김관웅 부동산전문기자   ▶ 세상의 모든 골 때리는 이야기 \'fn파스\'▶ 속보이는 연예뉴스 fn스타  ※ 저작권자 ⓒ  파이낸셜뉴스. 무단 전재-재배포 금지파이낸셜뉴스 관련뉴스해당 언론사에서 선정하며 언론사 페이지(아웃링크)로 이동해 볼 수 있습니다.먹다보니, 지방간.. 당뇨 등 만성질환자 더 위험가상화폐 \'리플\' 창시자, 63조원 \'대박\'외출시 보일러 전원 껐다간 \'낭패\'2018년 4대기업 운세는? 재미로 보는 \'기업 토정비결\'김종석 ""\'ㅁㅊㅅㄲ\', 아무 의미 없는 문자열""좋아요0훈훈해요0슬퍼요0화나요0후속기사 원해요0기사제공 :']"
9,삼성전자, 2018-01-0513:51,머니투데이 ,"삼성카드, '갤럭시 A8' 할부구매시 최대 72만원 할인",https://finance.naver.com/news/news_read.nhn?article_id=0003988873&office_id=008&mode=search&query=삼성전자&page=5,"['       삼성카드, \'갤럭시 A8\' 할부구매시 최대 72만원 할인      기사입력2018-01-05 13:51기사원문좋아요훈훈해요좋아요 평가하기공감좋아요0훈훈해요0슬퍼요0화나요0후속기사 원해요0댓글 [머니투데이 송학주 기자] / 자료제공=삼성카드삼성카드가 \'삼성전자 갤럭시 A8\'을 보다 알뜰하고 합리적으로 구매할 수 있도록 장기할부 서비스와 할인혜택 등을 시행한다고 5일 밝혔다. 대상카드는 SK텔레콤과 제휴를 맺고 출시한 \'T 삼성카드2 V2\'으로 다음달 말까지 제공한다.이 카드로 24·36개월 장기할부 서비스를 이용할 수 있다. SK텔레콤에서 장기할부 서비스를 이용해 \'갤럭시 A8\'을 구매할 경우 전월 신용카드 이용실적에 따라 최대 월 2만원의 결제일 할인 혜택이 제공된다. 24개월 장기할부는 최대 48만원, 36개월 장기할부는 최대 72만원까지 혜택을 받을 수 있다.장기할부 수수료율은 연 5.9%, 36개월은 연 7.0%가 적용된다. \'T 삼성카드2 V2\'는 생활밀착형 서비스로 커피전문점과 대중교통·택시 5% 결제일 할인 등 실용적인 혜택을 제공한다. 삼성카드 관계자는 ""이 카드로 고객들이 \'갤럭시 A8\'을 보다 합리적으로 구매할 수 있을 것으로 기대한다""고 말했다.▶돌아본 2017 \'10대 키워드\'▶무료 만화 보고 선물도 받고~ ▶치어리더 vs 레이싱걸 송학주 기자 hakju@mt.co.kr 머니투데이 관련뉴스해당 언론사에서 선정하며 언론사 페이지(아웃링크)로 이동해 볼 수 있습니다.2018년 공무원 봉급표… \'1급 공무원\' 월급은?현대차 노조, 새해 벽두부터 파업[친절한 판례氏]""내연남이 또 바람 피웠어요"" 위자료 받을 수 있나가상통화 열풍에 빗썸 억대 성과급 지급 기대…직원들 \'好好\'""낳기만 하면 부모인가요?""… \'키더런트\'의 비극좋아요0훈훈해요0슬퍼요0화나요0후속기사 원해요0기사제공 :']"
10,삼성전자, 2018-01-0513:48,파이낸셜뉴스 ,"김현석 삼성전자 사장 ""CES서 하나의 세상 만드는 IoT 솔루션 공개할 것""",https://finance.naver.com/news/news_read.nhn?article_id=0003937645&office_id=014&mode=search&query=삼성전자&page=5,"['       김현석 삼성전자 사장 ""CES서 하나의 세상 만드는 IoT 솔루션 공개할 것""      기사입력2018-01-05 13:48기사원문좋아요훈훈해요좋아요 평가하기공감좋아요0훈훈해요0슬퍼요0화나요0후속기사 원해요0댓글      김현석 삼성전자 사장   삼성전자 소비자가전(CE) 부문장인 김현석 사장이 오는 세계 최대 전자제품박람회 \'소비자가전쇼(CES) 2018\'에서 사물인터넷(IoT) 솔루션을 공개하겠다고 예고했다. CES는 미국 소비자기술협회(CTA)가 주관하는 전시회로 오는 9~12일 미국 라스베이거스에서 열린다.  5일 김 사장은 삼성전자 뉴스룸에서 \'정보기술(IT)로 연결된 하나의 세상이라는 약속을 지키기 위해\'라는 제목의 글을 올렸다. 그는 ""삼성전자가 직관적이고 간편한 IoT 구현을 위해 찾은 해결책을 이번 CES에서 공유하고자 한다""며 ""앞으로 펼쳐질 세상은 지금까지와는 전혀 다른 모습일 것""이라고 전했다.  김 사장은 직관적이고 간편적인 IoT 환경을 구현하겠다고 했다. 그는 ""삼성전자의 신기술은 소비자들에게 개인화된 지능형 인터페이스를 제공한다""며 ""이를 통해 사람들은 마치 전등의 스위치를 켜고 끄는 것처럼 간편하게 \'사물인터넷으로 연결된 세상\'의 효과를 누릴 수 있다""고 설명했다.  그는 삼성전자 혼자의 힘으로 \'IT로 연결된 하나의 세상\'을 구현하기는 어렵다는 점을 인정했다. 그에 따르면 삼성전자는 이를 극복하기 위해 IoT 표준화 기구인 OCF의 일원으로서 업계의 다양한 파트너들과 협업하고 있다.  마지막으로 그는 IoT 세상에 대한 기대감을 표했다. 그는 ""지금까지 IT 업계가 전한 \'연결된 세상의 구현\'이라는 약속은 일관성이 없고 제각각이었다""며 ""(앞으로는) 보다 개선된 기술로 진화한 IoT를 통해 우리의 삶은 더욱 편리해질 것""이라고 내다봤다.   ktop@fnnews.com 권승현 기자   ▶ 세상의 모든 골 때리는 이야기 \'fn파스\'▶ 속보이는 연예뉴스 fn스타  ※ 저작권자 ⓒ  파이낸셜뉴스. 무단 전재-재배포 금지파이낸셜뉴스 관련뉴스해당 언론사에서 선정하며 언론사 페이지(아웃링크)로 이동해 볼 수 있습니다.먹다보니, 지방간.. 당뇨 등 만성질환자 더 위험가상화폐 \'리플\' 창시자, 63조원 \'대박\'외출시 보일러 전원 껐다간 \'낭패\'2018년 4대기업 운세는? 재미로 보는 \'기업 토정비결\'김종석 ""\'ㅁㅊㅅㄲ\', 아무 의미 없는 문자열""좋아요0훈훈해요0슬퍼요0화나요0후속기사 원해요0기사제공 :']"
11,삼성전자, 2018-01-0513:37,파이낸셜뉴스 ,“직장과 가까이”...직주근접 오피스텔 분양시장 ‘인기’,https://finance.naver.com/news/news_read.nhn?article_id=0003937637&office_id=014&mode=search&query=삼성전자&page=5,"['       “직장과 가까이”...직주근접 오피스텔 분양시장 ‘인기’      기사입력2018-01-05 13:37기사원문좋아요훈훈해요좋아요 평가하기공감좋아요0훈훈해요0슬퍼요0화나요0후속기사 원해요0댓글          테크노밸리·산업단지 등 인접해 배후수요 풍부하고 임대수요 꾸준 임대 수익률도 지역 평균 웃돌아.. 청약 경쟁률 높고 조기 계약 마감  최근 분양시장에서는 직장과 가까운 오피스텔에 수요자의 관심이 쏠리고 있다. 이러한 오피스텔은 주변 기업 종사자를 바탕으로 배후수요 확보가 용이해 투자수익률이 상대적으로 높고, 지하철·버스 등 대중교통을 비롯해 은행, 상업, 문화시설 등 생활 인프라가 잘 갖춰져 있다. 이는 임대인과 임차인 모두를 만족시키며 직주근접 오피스텔 몸값을 뛰게 한다.  실제로 직주근접 오피스텔의 경우 투자수익률이 높다. 부동산114 자료에 따르면 한국수출산업단지가 위치하고 있는 서울 금천구 독산동 일대의 연간 오피스텔 임대수익률은 현재(12월 기준) 6.53%로 서울 평균값인 4.79%를 웃돌고 있다. 또 수원시청을 비롯해 각종 행정, 금융시설이 위치하고 있는 수원시 팔달구 인계동의 수익률 또한 6.23%로 수원시 평균(5.11%) 보다 높다.  개별단지의 경우도 상황은 마찬가지다. 광교테크노밸리를 비롯 삼성디지털시티, CJ블로썸파크(CJ R&D센터), 코리아나 화장품 본점 등 풍부한 배후수료를 두고 있는 경기 수원시 영통구 이의동 \'광교더로프트\'(2014년 3월 입주) 전용면적 21.22㎡의 임대 수익률은 5.05%로 영통구 평균 수익률인 4.14%를 웃돌고 있다.  이는 직주근접 오피스텔이 탄탄한 직장인 배후수요를 바탕으로 높은 임대 수익률을 거둘 수 있다는 점이 투자수요를 끌어들이고 있는 것으로 풀이된다. 게다가 오피스텔 주 수요층인 2030세대를 중심으로 삶의 여유를 중요하게 여기는 사회적 분위기가 확산되면서 출퇴근 시간을 줄여 개인적인 여가활동이나 자기개발을 하고자 하는 사람들이 많아졌다는 점도 한 몫 한다.  상황이 이렇자 최근 분양시장에서도 직주근접 오피스텔 인기는 높다. 실제로 지난해 10월 우성건영이 동탄2신도시 업무5블록에서 공급한 오피스텔 \'동탄2신도시 우성 르보아시티\'도 계약 5일만에 100% 분양을 마쳤다. 이 단지는 인근에 삼성전자 화성캠퍼스, 삼성디스플레이 기흥캠퍼스, 동탄일반산업단지 등이 자리하고 있다.  또 현대엔지니어링이 2016년 12월 하남미사지구 일반상업용지 1-3, 1-4블록에서 공급한 \'힐스테이트 에코 미사강변’도 청약결과 전용 36㎡ 타입의 경우 248대 1의 최고 경쟁률을 기록하며 전타입 청약접수가 마감되었다. 이 단지는 인근으로 주변으로 삼성엔지니어링, 세스코, 한국종합기술 등이 들어서있는 강동첨단업무단지가 위치한 것을 비롯해 엔지니어링 복합단지, 고덕상업업무복합지구 등이 완공될 예정에 있어 첨단산업단지로서 미래가치가 높다.  연내에도 주목해볼 만한 직주근접 오피스텔이 여럿 있다. 대표적으로는 현대건설이 1월, 경기도 화성시 동탄2신도시 C-11블록에서 힐스테이트 동탄 2차 오피스텔이 있다. 이 단지는 동탄테크노밸리 내 핵심입지에 위치해 있을 뿐만 아니라 삼성전자 화성캠퍼스와 대형 종합병원인 한림대 동탄성심병원이 있어 배후수요가 풍부하다. 단지 인근에 위치한 SRT 동탄역을 이용하면 서울까지 이동도 편리하다. 2023년 GTX A 노선 개통에 따른 수혜로 미래가치도 높아질 전망이다. 힐스테이트 동탄은 지하 4층~지상 최고 38층, 4개동, 총 679세대 규모로 이중 오피스텔은 전용면적 22㎡, 42㎡ 총 236실로 구성된다.  롯데건설도 충북 청주시 흥덕구 복대동 일대에서 ‘대농지구 롯데캐슬 시티’를 분양중이다. 지하 4층~지상 15층, 1개동 전용면적 28~53㎡ 총 527실 규모다. 단지 맞은편 청주 SK하이닉스 공장, LG화학, SK이노베이션 등의 기업이 밀집한 청주 일반산업단지가 위치하며, 북측 청주테크노폴리스와도 가까워 직주근접성이 높다. 서청주IC, 경부고속도로 청주IC 등의 도로망과 인접하며, KTX오송역과 청주국제공항이 차로 약 20분 거리에 위치해 광역지역으로 빠른 이동이 가능하다.  업계관계자는 “산업단지를 인근의 오피스텔은 풍부한 직장인 배후수요로 임대가치가 높아 투자자들의 선호도가 높은 상황이다”며 “여기에 대규모 산업단지를 낀 지역은 지역경제의 중장기적인 동력이 됨에 따라 자산 가치까지 높은 상황이다”고 설명했다. ▶ 세상의 모든 골 때리는 이야기 \'fn파스\'▶ 속보이는 연예뉴스 fn스타  ※ 저작권자 ⓒ  파이낸셜뉴스. 무단 전재-재배포 금지파이낸셜뉴스 관련뉴스해당 언론사에서 선정하며 언론사 페이지(아웃링크)로 이동해 볼 수 있습니다.먹다보니, 지방간.. 당뇨 등 만성질환자 더 위험가상화폐 \'리플\' 창시자, 63조원 \'대박\'외출시 보일러 전원 껐다간 \'낭패\'2018년 4대기업 운세는? 재미로 보는 \'기업 토정비결\'김종석 ""\'ㅁㅊㅅㄲ\', 아무 의미 없는 문자열""좋아요0훈훈해요0슬퍼요0화나요0후속기사 원해요0기사제공 :']"
12,삼성전자, 2018-01-0513:35,이데일리 ,"코스피, 상승폭 키워…2490선 탈환",https://finance.naver.com/news/news_read.nhn?article_id=0004005966&office_id=018&mode=search&query=삼성전자&page=5,"[""       코스피, 상승폭 키워…2490선 탈환      기사입력2018-01-05 13:35기사원문좋아요훈훈해요좋아요 평가하기공감좋아요0훈훈해요0슬퍼요0화나요0후속기사 원해요0댓글- 외국인·기관 동반 순매수…개인은 팔자- 통신업, 전기전자, 은행 등 강세…시총상위株 대부분 상승[이데일리 윤필호 기자] 코스피지수가 외국인과 기관의 동반 순매수에 상승폭을 키우며 2490선을 넘겼다.5일 오후 1시24분 현재 코스피지수는 전 거래일대비 23.82포인트(0.97%) 오른 2490.28을 기록 중이다. 이날 상승 출발한 지수는 외국인과 기관의 동반 순매도에 상승곡선을 그리고 있다.주체별로 외국인과 기관이 각각 454억원 1749억원 순매수를 보이고 있다. 기관 중에서는 국가·지자체(824억원), 보험(398억원), 투신(372억원), 연기금(317억원), 사모펀드(139억원) 은행(42억원) 등이 매수 우위를 보이고 있다. 프로그램 매매는 차익과 비차익을 합쳐 178억원 순매수다. 반면 개인은 2316억원 순매도를 기록하고 있다. 업종별로 대부분 강세를 보이고 있다. 통신업이 2% 넘게 오르는 가운데 전기전자, 은행, 증권, 의약품, 제조업, 금융업, 화학, 철강금속, 기계, 보험, 운수장비, 종이목재 서비스업, 의료정밀 등이 상승곡선을 그리고 있다. 다만 음식료업, 건설업, 운수창고, 유통업, 섬유의복 등은 내림세다.시가총액 상위 종목도 대부분 강세다. 대장주 삼성전자(005930)를 비롯해 SK하이닉스(000660) 삼성전자우(005935) 현대차(005380) POSCO(005490) NAVER(035420) LG화학(051910) KB금융(105560) 삼성바이오로직스(207940) 삼성물산(028260) 삼성생명(032830) 신한지주(055550) SK텔레콤(017670) 등이 줄줄이 상승세를 기록하고 있다.같은 시간 코스닥지수는 전날보다 10.26포인트(1.27%) 오른 818.27에 거래되고 있다. 개인과 외국인이 각각 155억원, 1029억원 순매수를 기록한 가운데 기관은 1151억원 순매수 중이다.윤필호 (nothing@edaily.co.kr)▶네이버 채널에서 ‘이데일리’를 구독해주세요▶[페이스북] 보러가기~ ▶[카카오톡] 플친 맺기~♥＜ⓒ종합 경제정보 미디어 이데일리 - 무단전재 & 재배포 금지＞이데일리 관련뉴스해당 언론사에서 선정하며 언론사 페이지(아웃링크)로 이동해 볼 수 있습니다.난 월 9만원 내고 압구정 50평 아파트에 산다文정부, 제식구 챙기려 공무원 호봉제 바꿨다'KBS 정상화' 원한다는 정우성 배우 이전에 수신료 내는 시청자박근혜 임기중 12억 재산증식 비법은?…'국고의 사유화'김종석 'ㅁㅊㅅㄲ' 보낸 건 딱 한 번...'ㅅㄱㅂㅊ'는?좋아요0훈훈해요0슬퍼요0화나요0후속기사 원해요0기사제공 :""]"
13,삼성전자, 2018-01-0513:33,데일리안 ,"삼성전자, 지난해 인텔 제치고 종합반도체 시장 1위",https://finance.naver.com/news/news_read.nhn?article_id=0002232122&office_id=119&mode=search&query=삼성전자&page=5,"['       삼성전자, 지난해 인텔 제치고 종합반도체 시장 1위      기사입력2018-01-05 13:33기사원문좋아요훈훈해요좋아요 평가하기공감좋아요0훈훈해요0슬퍼요0화나요0후속기사 원해요0댓글2017 전세계 매출 상위 10개 반도체 업체.ⓒ가트너가트너 예비조사 발표...지난해 반도체 매출 22.2% 증가D램과 낸드 가격 상승으로 메모리가 시장 내 최대 비중 차지삼성전자가 인텔을 제치고 종합반도체 시장 1위 자리에 올랐다. D램과 낸드플래시 강세 속에 SK하이닉스는 3위로 상승했으며 전 세계 반도체 매출 총액은 전년대비 22.2% 증가하며 4000억달러를 돌파했다.글로벌 IT시장조사기관 가트너가 5일 발표한 예비조사결과에 따르면 지난해 삼성전자는 반도체 매출로 약 612억1500만달러를 기록, 인텔(577억1200만달러)을 제치고 지난 1992년 이래 처음으로 종합반도체 1위 자리에 올랐다. 삼성전자는 매출이 전년도(401억400만달러) 대비 52.6% 증가하며 6.7%가 늘어나는데 그친 인텔을 압도했다. 시장 점유율에서도 14.6%로 인텔(13.8%)을 앞질렀다.그동안 PC용 중앙처리장치(CPU) 등 시스템반도체(비메모리반도체)의 점유율을 바탕으로 반도체 왕좌를 차지해 온 인텔은 25년만에 1위 자리를 내주게 됐다. 이는 빅데이터 시대를 맞아 IT시장에서 메모리반도체 수요가 크게 증가한 데 따른 것이다. 공급이 수요를 따라가지 못하면서 가격이 계속 상승하면서 메모리반도체 업체의 호 실적으로 이어진 것이다. 지난해 D램 가격은 44% 상승한 가운데 낸드플래시 가격도 전년대비 17%라는 사상 최고 상승률을 기록했다. 앤드류 노우드 가트너 부사장은 “최대 메모리 공급업체인 삼성전자가 가장 큰 시장 점유율을 보이며 지난 1992년 이래 1위 자리를 놓치지 않았던 인텔을 밀어내고 1위를 탈환했다”며“메모리는 지난해 전체 반도체 매출 성장분의 3분의 2 이상을 차지하며 반도체 분야 최대 영역으로 자리잡았다”고 말했다. 이로 인해 SK하이닉스도 지난해 반도체 매출로 263억달러(점유율 6.3%)를 기록, 전년대비 79%나 증가하며 미국 퀄컴과 브로드컴을 누르고 3위에 올랐다. 또 메모리반도체의 강세는 전 세계 반도체 시장 규모도 늘렸다. 지난해 반도체 매출 총액은 전년대비 22.2% 증가한 4197억달러를 기록했다. 이는 전체 반도체 시장의 31%를 차지한 메모리 분야 매출이 64%나 성장한데 따른 결과다. 다만 가트너는 지난해 메모리반도체가 예상을 뛰어넘는 초강세를 보인 만큼 향후 시장과 업체별 순위에는 많은 변수가 있을 수 있다고 강조했다. 또 브로드컴의 퀄컴 인수 시도 등 인수합병(M&A) 이슈도 무시못할 변수다.노우드 부사장은 ""중국이 자체 메모리 생산 능력 확대를 꾀하고 있어 메모리 가격은 올해 낸드플래시로 시작해 내년에는 D램까지 서서히 약화될 것""이라며 ""현재 브로드컴과 퀄컴의 매출은 삼성과 인텔에 한참 못 미치지만 브로드컴이 퀄컴과 NXP 인수를 마무리하고 삼성의 메모리반도체 매출이 감소한다면 삼성은 자칫 3위로 내려올 수도 있다”고 언급했다.데일리안 이홍석 기자 (redstone@dailian.co.kr)ⓒ (주)데일리안 - 무단전재, 변형, 무단배포 금지데일리안 관련뉴스해당 언론사에서 선정하며 언론사 페이지(아웃링크)로 이동해 볼 수 있습니다.삼성전자, 미국 세탁기 공장 12일 준공식…생산 개시삼성전자, 2018년형 \'갤럭시A8\' 출시...기어VR 호환삼성전자, 모바일 AP \'엑시노스 9\' 양산삼성전자, 버라이즌과 5G FWA 통신장비-단말기 공급 계약삼성전자 C랩, CES 2018서 혁신 아이디어 선보인다좋아요0훈훈해요0슬퍼요0화나요0후속기사 원해요0기사제공 :']"
14,삼성전자, 2018-01-0513:27,이데일리 ,"삼성전자 경영진, 잇단 자사주 매입",https://finance.naver.com/news/news_read.nhn?article_id=0004005964&office_id=018&mode=search&query=삼성전자&page=5,"[""       삼성전자 경영진, 잇단 자사주 매입      기사입력2018-01-05 13:27기사원문좋아요훈훈해요좋아요 평가하기공감좋아요0훈훈해요0슬퍼요0화나요0후속기사 원해요0댓글- 노희찬 CFO· 사업부장 등도 동참- 새 경영진, 책임경영 의지로 해석[이데일리 경계영 기자] 삼성전자(005930) 신임 부문장과 사업부장 등이 잇따라 자사주 매입에 나섰다. 삼성전자를 이끌게 된 경영진들의 책임 경영 의지로 읽힌다. 5일 금융감독원 전자공시시스템에 따르면 삼성전자의 김현석 CE(소비자가전)부문장(사장)과 고동진 IM(IT·모바일)부문장(사장)은 각각 자사주 1095주, 1000주를 26억9609만원, 24억2650만원에 장내 매수했다고 공시했다. 김기남 DS(디바이스솔루션)부문장(사장)도 지난해 12월말 두 차례에 걸쳐 삼성전자 보통주 3500주(87억원)를 매입했다고 공시했다. 지난해 10월 사장단 인사를 통해 DS·CE·IM부문을 맡은 신임 부문장이 모두 자사주를 매입한 것이다. 업계에서는 이들이 책임감을 갖고 회사를 이끌겠다는 책임 경영 의지를 보여준 것으로 보고 있다. 새로 CFO(최고재무책임자)에 오른 노희찬 경영지원실장(사장)도 자사주 200주(4억9580만원)를 매입, 주주가치 제고 의지를 다졌다. 이밖에 DS부문의 진교영 메모리사업부장과 정은승 파운드리사업부장은 각각 450주(10억9793만원), 509주(12억9438만원) 자사주를 샀다. DS부문 강봉용 부사장도 20주(4916만원)를 매수했다. DS부문은 메모리 반도체의 ‘슈퍼 사이클’에 힘입어 매 분기 실적 신기록을 갈아치우고 있다. 2017년 4분기 반도체만 해도 영업이익이 10조원을 사상 처음으로 웃돌 것이라는 전망이 나온다. CE부문에서는 영상디스플레이사업부장을 맡은 한종희 사장이 지난해말 100주(2억5480만원)를 장내 매수했다. 5일 기준, 자료=금융감독원 전자공시시스템경계영 (kyung@edaily.co.kr)▶네이버 채널에서 ‘이데일리’를 구독해주세요▶[페이스북] 보러가기~ ▶[카카오톡] 플친 맺기~♥＜ⓒ종합 경제정보 미디어 이데일리 - 무단전재 & 재배포 금지＞이데일리 관련뉴스해당 언론사에서 선정하며 언론사 페이지(아웃링크)로 이동해 볼 수 있습니다.난 월 9만원 내고 압구정 50평 아파트에 산다文정부, 제식구 챙기려 공무원 호봉제 바꿨다'KBS 정상화' 원한다는 정우성 배우 이전에 수신료 내는 시청자박근혜 임기중 12억 재산증식 비법은?…'국고의 사유화'김종석 'ㅁㅊㅅㄲ' 보낸 건 딱 한 번...'ㅅㄱㅂㅊ'는?좋아요0훈훈해요0슬퍼요0화나요0후속기사 원해요0기사제공 :""]"
15,삼성전자, 2018-01-0513:07,한국경제TV ,힐스테이트 동탄 2차 등 직주근접 오피스텔 '인기',https://finance.naver.com/news/news_read.nhn?article_id=0000590071&office_id=215&mode=search&query=삼성전자&page=5,"['       힐스테이트 동탄 2차 등 직주근접 오피스텔 \'인기\'      기사입력2018-01-05 13:07기사원문좋아요훈훈해요좋아요 평가하기공감좋아요0훈훈해요0슬퍼요0화나요0후속기사 원해요0댓글[한국경제TV 고정호 기자]테크노밸리·산업단지 등 인접해 배후수요 풍부하고 임대수요 꾸준최근 분양시장에서는 직장과 가까울수록 오피스텔 인기가 높은 것으로 나타나고 있다. 이러한 오피스텔은 주변 기업 종사자를 바탕으로 배후수요 확보가 용이하고, 지하철·버스 등 대중교통을 비롯해 은행, 상업, 문화시설 등 생활 인프라가 잘 갖춰져 있다. 이는 임대인과 임차인 모두를 만족시키며 직주근접 오피스텔 몸값을 뛰게 한다.이는 직주근접 오피스텔이 탄탄한 직장인 배후수요를 바탕으로 투자수요를 끌어들이고 있는 것으로 풀이된다. 게다가 오피스텔 주 수요층인 2030세대를 중심으로 삶의 여유를 중요하게 여기는 사회적 분위기가 확산되면서 출퇴근 시간을 줄여 개인적인 여가활동이나 자기개발을 하고자 하는 사람들이 많아졌다는 점도 한 몫 한다.상황이 이렇자 최근 분양시장에서도 직주근접 오피스텔 인기는 높다. 실제로 지난해 10월 우성건영이 동탄2신도시 업무5블록에서 공급한 오피스텔 \'동탄2신도시 우성 르보아시티\'도 계약 5일만에 100% 분양을 마쳤다. 이 단지는 인근에 삼성전자 화성캠퍼스, 삼성디스플레이 기흥캠퍼스, 동탄일반산업단지 등이 자리하고 있다.또 현대엔지니어링이 2016년 12월 하남미사지구 일반상업용지 1-3, 1-4블록에서 공급한 \'힐스테이트 에코 미사강변\'도 청약결과 전용 36㎡ 타입의 경우 248대 1의 최고 경쟁률을 기록하며 전타입 청약접수가 마감되었다. 이 단지는 인근으로 주변으로 삼성엔지니어링, 세스코, 한국종합기술 등이 들어서있는 강동첨단업무단지가 위치한 것을 비롯해 엔지니어링 복합단지, 고덕상업업무복합지구 등이 완공될 예정에 있어 첨단산업단지로서 미래가치가 높다.연내에도 주목해볼 만한 직주근접 오피스텔이 여럿 있다. 대표적으로는 현대건설이 1월, 경기도 화성시 동탄2신도시 C-11블록에서 힐스테이트 동탄 2차 오피스텔이 있다. 이 단지는 동탄테크노밸리 내 핵심입지에 위치해 있을 뿐만 아니라 삼성전자 화성캠퍼스와 대형 종합병원인 한림대 동탄성심병원이 있어 배후수요가 풍부하다. 단지 인근에 위치한 SRT 동탄역을 이용하면 서울까지 이동도 편리하다. 2023년 GTX A 노선 개통에 따른 수혜로 미래가치도 높아질 전망이다. 힐스테이트 동탄은 지하 4층~지상 최고 38층, 4개동, 총 679세대 규모로 이중 오피스텔은 전용면적 22㎡, 42㎡ 총 236실로 구성된다.롯데건설도 충북 청주시 흥덕구 복대동 일대에서 \'대농지구 롯데캐슬 시티\'를 분양중이다. 지하 4층~지상 15층, 1개동 전용면적 28~53㎡ 총 527실 규모다. 단지 맞은편 청주 SK하이닉스 공장, LG화학, SK이노베이션 등의 기업이 밀집한 청주 일반산업단지가 위치하며, 북측 청주테크노폴리스와도 가까워 직주근접성이 높다. 서청주IC, 경부고속도로 청주IC 등의 도로망과 인접하며, KTX오송역과 청주국제공항이 차로 약 20분 거리에 위치해 광역지역으로 빠른 이동이 가능하다.고정호기자 jhkoh@wowtv.co.krⓒ 한국경제TV, 무단 전재 및 재배포 금지한국경제TV 관련뉴스해당 언론사에서 선정하며 언론사 페이지(아웃링크)로 이동해 볼 수 있습니다.\'한끼줍쇼\' 김병만, 대인기피증 고백? ""\'정글의 법칙\' 후유증""인생술집 김이나, 아이유와 무슨 일?…""불편하다""황정음, 출산 후 물오른 미모 공개…""사진 속 남편 손인가요?""해피투게더3 거미, 송중기가 명품백 선물한 사연낸시랭 ""올해 한국 떠날 것, 다른 나라서 인생 2막""좋아요0훈훈해요0슬퍼요0화나요0후속기사 원해요0기사제공 :']"
16,삼성전자, 2018-01-0512:31,뉴시스 ,"삼성전자, 젊은층 겨냥 '갤럭시 A8' 출시",https://finance.naver.com/news/news_read.nhn?article_id=0008377924&office_id=003&mode=search&query=삼성전자&page=5,"['       삼성전자, 젊은층 겨냥 \'갤럭시 A8\' 출시      기사입력2018-01-05 12:31기사원문좋아요훈훈해요좋아요 평가하기공감좋아요0훈훈해요0슬퍼요0화나요0후속기사 원해요0댓글【서울=뉴시스】권현구 기자 = 삼성전자가 셀카 촬영 기능이 강화된 스마트폰 \'갤럭시 A8\'을 출시한 5일 오전 서울 서초구 삼성전자 서초사옥 내 딜라이트관을 찾은 시민이 전시된 상품을 살펴보고 있다. 2018.01.05. stoweon@newsis.com[사진 영상 제보받습니다] 공감언론 뉴시스가 독자 여러분의 소중한 제보를 기다립니다. 뉴스 가치나 화제성이 있다고 판단되는 사진 또는 영상을 뉴시스 사진영상부(n-photo@newsis.com, 02-721-7470)로 보내주시면 적극 반영하겠습니다.뉴시스 관련뉴스해당 언론사에서 선정하며 언론사 페이지(아웃링크)로 이동해 볼 수 있습니다.골목길 8천만원 뭉칫돈 주인 ""화나서 버려…안 돌려줘도 돼""이별통보 앙심…전 남친 성폭행범 무고 40대女 \'집유\'""장수 연애 비결, 일주일에 2번만 만나라""삼성, 인텔 누르고 세계 최대 반도체 메이커 등극카페서 40대女 흉기로 살해한 남성 시민들이 제압좋아요0훈훈해요0슬퍼요0화나요0후속기사 원해요0기사제공 :']"
17,삼성전자, 2018-01-0512:31,뉴시스 ,2018 첫 스마트폰 '갤럭시 A8' 출시,https://finance.naver.com/news/news_read.nhn?article_id=0008377925&office_id=003&mode=search&query=삼성전자&page=5,"['       2018 첫 스마트폰 \'갤럭시 A8\' 출시      기사입력2018-01-05 12:31기사원문좋아요훈훈해요좋아요 평가하기공감좋아요0훈훈해요0슬퍼요0화나요0후속기사 원해요0댓글【서울=뉴시스】권현구 기자 = 삼성전자가 셀카 촬영 기능이 강화된 스마트폰 \'갤럭시 A8\'을 출시한 5일 오전 서울 서초구 삼성전자 서초사옥 내 딜라이트관을 찾은 시민이 전시된 상품을 살펴보고 있다. 2018.01.05. stoweon@newsis.com[사진 영상 제보받습니다] 공감언론 뉴시스가 독자 여러분의 소중한 제보를 기다립니다. 뉴스 가치나 화제성이 있다고 판단되는 사진 또는 영상을 뉴시스 사진영상부(n-photo@newsis.com, 02-721-7470)로 보내주시면 적극 반영하겠습니다.뉴시스 관련뉴스해당 언론사에서 선정하며 언론사 페이지(아웃링크)로 이동해 볼 수 있습니다.골목길 8천만원 뭉칫돈 주인 ""화나서 버려…안 돌려줘도 돼""이별통보 앙심…전 남친 성폭행범 무고 40대女 \'집유\'""장수 연애 비결, 일주일에 2번만 만나라""삼성, 인텔 누르고 세계 최대 반도체 메이커 등극카페서 40대女 흉기로 살해한 남성 시민들이 제압좋아요0훈훈해요0슬퍼요0화나요0후속기사 원해요0기사제공 :']"
18,삼성전자, 2018-01-0512:31,뉴시스 ,"삼성전자, 2018년형 '갤럭시 A8' 출시",https://finance.naver.com/news/news_read.nhn?article_id=0008377923&office_id=003&mode=search&query=삼성전자&page=5,"['       삼성전자, 2018년형 \'갤럭시 A8\' 출시      기사입력2018-01-05 12:31기사원문좋아요훈훈해요좋아요 평가하기공감좋아요0훈훈해요0슬퍼요0화나요0후속기사 원해요0댓글【서울=뉴시스】권현구 기자 = 삼성전자가 셀카 촬영 기능이 강화된 스마트폰 \'갤럭시 A8\'을 출시한 5일 오전 서울 서초구 삼성전자 서초사옥 내 딜라이트관을 찾은 시민이 전시된 상품을 살펴보고 있다. 2018.01.05. stoweon@newsis.com[사진 영상 제보받습니다] 공감언론 뉴시스가 독자 여러분의 소중한 제보를 기다립니다. 뉴스 가치나 화제성이 있다고 판단되는 사진 또는 영상을 뉴시스 사진영상부(n-photo@newsis.com, 02-721-7470)로 보내주시면 적극 반영하겠습니다.뉴시스 관련뉴스해당 언론사에서 선정하며 언론사 페이지(아웃링크)로 이동해 볼 수 있습니다.골목길 8천만원 뭉칫돈 주인 ""화나서 버려…안 돌려줘도 돼""이별통보 앙심…전 남친 성폭행범 무고 40대女 \'집유\'""장수 연애 비결, 일주일에 2번만 만나라""삼성, 인텔 누르고 세계 최대 반도체 메이커 등극카페서 40대女 흉기로 살해한 남성 시민들이 제압좋아요0훈훈해요0슬퍼요0화나요0후속기사 원해요0기사제공 :']"
19,삼성전자, 2018-01-0512:30,뉴시스 ,셀카 기능 강화된 '갤럭시 A8' 출시,https://finance.naver.com/news/news_read.nhn?article_id=0008377921&office_id=003&mode=search&query=삼성전자&page=5,"['       셀카 기능 강화된 \'갤럭시 A8\' 출시      기사입력2018-01-05 12:30기사원문좋아요훈훈해요좋아요 평가하기공감좋아요0훈훈해요0슬퍼요0화나요0후속기사 원해요0댓글【서울=뉴시스】권현구 기자 = 삼성전자가 셀카 촬영 기능이 강화된 스마트폰 \'갤럭시 A8\'을 출시한 5일 오전 서울 서초구 삼성전자 서초사옥 내 딜라이트관을 찾은 시민이 전시된 상품을 살펴보고 있다. 2018.01.05. stoweon@newsis.com[사진 영상 제보받습니다] 공감언론 뉴시스가 독자 여러분의 소중한 제보를 기다립니다. 뉴스 가치나 화제성이 있다고 판단되는 사진 또는 영상을 뉴시스 사진영상부(n-photo@newsis.com, 02-721-7470)로 보내주시면 적극 반영하겠습니다.뉴시스 관련뉴스해당 언론사에서 선정하며 언론사 페이지(아웃링크)로 이동해 볼 수 있습니다.골목길 8천만원 뭉칫돈 주인 ""화나서 버려…안 돌려줘도 돼""이별통보 앙심…전 남친 성폭행범 무고 40대女 \'집유\'""장수 연애 비결, 일주일에 2번만 만나라""삼성, 인텔 누르고 세계 최대 반도체 메이커 등극카페서 40대女 흉기로 살해한 남성 시민들이 제압좋아요0훈훈해요0슬퍼요0화나요0후속기사 원해요0기사제공 :']"
0,삼성전자, 2018-01-0512:30,뉴시스 ,'갤럭시 A8' 출시,https://finance.naver.com/news/news_read.nhn?article_id=0008377918&office_id=003&mode=search&query=삼성전자&page=6,"['       \'갤럭시 A8\' 출시      기사입력2018-01-05 12:30기사원문좋아요훈훈해요좋아요 평가하기공감좋아요0훈훈해요0슬퍼요0화나요0후속기사 원해요0댓글【서울=뉴시스】권현구 기자 = 삼성전자가 셀카 촬영 기능이 강화된 스마트폰 \'갤럭시 A8\'을 출시한 5일 오전 서울 서초구 삼성전자 서초사옥 내 딜라이트관을 찾은 시민이 전시된 상품을 살펴보고 있다. 2018.01.05. stoweon@newsis.com[사진 영상 제보받습니다] 공감언론 뉴시스가 독자 여러분의 소중한 제보를 기다립니다. 뉴스 가치나 화제성이 있다고 판단되는 사진 또는 영상을 뉴시스 사진영상부(n-photo@newsis.com, 02-721-7470)로 보내주시면 적극 반영하겠습니다.뉴시스 관련뉴스해당 언론사에서 선정하며 언론사 페이지(아웃링크)로 이동해 볼 수 있습니다.골목길 8천만원 뭉칫돈 주인 ""화나서 버려…안 돌려줘도 돼""이별통보 앙심…전 남친 성폭행범 무고 40대女 \'집유\'""장수 연애 비결, 일주일에 2번만 만나라""삼성, 인텔 누르고 세계 최대 반도체 메이커 등극카페서 40대女 흉기로 살해한 남성 시민들이 제압좋아요0훈훈해요0슬퍼요0화나요0후속기사 원해요0기사제공 :']"
1,삼성전자, 2018-01-0512:30,뉴시스 ,삼성전자 갤럭시 A8 출시,https://finance.naver.com/news/news_read.nhn?article_id=0008377920&office_id=003&mode=search&query=삼성전자&page=6,"['       삼성전자 갤럭시 A8 출시      기사입력2018-01-05 12:30기사원문좋아요훈훈해요좋아요 평가하기공감좋아요0훈훈해요0슬퍼요0화나요0후속기사 원해요0댓글【서울=뉴시스】권현구 기자 = 삼성전자가 셀카 촬영 기능이 강화된 스마트폰 \'갤럭시 A8\'을 출시한 5일 오전 서울 서초구 삼성전자 서초사옥 내 딜라이트관을 찾은 시민이 전시된 상품을 살펴보고 있다. 2018.01.05. stoweon@newsis.com[사진 영상 제보받습니다] 공감언론 뉴시스가 독자 여러분의 소중한 제보를 기다립니다. 뉴스 가치나 화제성이 있다고 판단되는 사진 또는 영상을 뉴시스 사진영상부(n-photo@newsis.com, 02-721-7470)로 보내주시면 적극 반영하겠습니다.뉴시스 관련뉴스해당 언론사에서 선정하며 언론사 페이지(아웃링크)로 이동해 볼 수 있습니다.골목길 8천만원 뭉칫돈 주인 ""화나서 버려…안 돌려줘도 돼""이별통보 앙심…전 남친 성폭행범 무고 40대女 \'집유\'""장수 연애 비결, 일주일에 2번만 만나라""삼성, 인텔 누르고 세계 최대 반도체 메이커 등극카페서 40대女 흉기로 살해한 남성 시민들이 제압좋아요0훈훈해요0슬퍼요0화나요0후속기사 원해요0기사제공 :']"
2,삼성전자, 2018-01-0512:30,뉴시스 ,셀카기능 강화된 '갤럭시 A8' 출시,https://finance.naver.com/news/news_read.nhn?article_id=0008377922&office_id=003&mode=search&query=삼성전자&page=6,"['       셀카기능 강화된 \'갤럭시 A8\' 출시      기사입력2018-01-05 12:30기사원문좋아요훈훈해요좋아요 평가하기공감좋아요0훈훈해요0슬퍼요0화나요0후속기사 원해요0댓글【서울=뉴시스】권현구 기자 = 삼성전자가 셀카 촬영 기능이 강화된 스마트폰 \'갤럭시 A8\'을 출시한 5일 오전 서울 서초구 삼성전자 서초사옥 내 딜라이트관을 찾은 시민이 전시된 상품을 살펴보고 있다. 2018.01.05. stoweon@newsis.com[사진 영상 제보받습니다] 공감언론 뉴시스가 독자 여러분의 소중한 제보를 기다립니다. 뉴스 가치나 화제성이 있다고 판단되는 사진 또는 영상을 뉴시스 사진영상부(n-photo@newsis.com, 02-721-7470)로 보내주시면 적극 반영하겠습니다.뉴시스 관련뉴스해당 언론사에서 선정하며 언론사 페이지(아웃링크)로 이동해 볼 수 있습니다.골목길 8천만원 뭉칫돈 주인 ""화나서 버려…안 돌려줘도 돼""이별통보 앙심…전 남친 성폭행범 무고 40대女 \'집유\'""장수 연애 비결, 일주일에 2번만 만나라""삼성, 인텔 누르고 세계 최대 반도체 메이커 등극카페서 40대女 흉기로 살해한 남성 시민들이 제압좋아요0훈훈해요0슬퍼요0화나요0후속기사 원해요0기사제공 :']"
3,삼성전자, 2018-01-0512:30,뉴시스 ,'갤럭시 A8' 출시,https://finance.naver.com/news/news_read.nhn?article_id=0008377917&office_id=003&mode=search&query=삼성전자&page=6,"['       \'갤럭시 A8\' 출시      기사입력2018-01-05 12:30기사원문좋아요훈훈해요좋아요 평가하기공감좋아요0훈훈해요0슬퍼요0화나요0후속기사 원해요0댓글【서울=뉴시스】권현구 기자 = 삼성전자가 셀카 촬영 기능이 강화된 스마트폰 \'갤럭시 A8\'을 출시한 5일 오전 서울 서초구 삼성전자 서초사옥 내 딜라이트관을 찾은 시민이 전시된 상품을 살펴보고 있다. 2018.01.05. stoweon@newsis.com[사진 영상 제보받습니다] 공감언론 뉴시스가 독자 여러분의 소중한 제보를 기다립니다. 뉴스 가치나 화제성이 있다고 판단되는 사진 또는 영상을 뉴시스 사진영상부(n-photo@newsis.com, 02-721-7470)로 보내주시면 적극 반영하겠습니다.뉴시스 관련뉴스해당 언론사에서 선정하며 언론사 페이지(아웃링크)로 이동해 볼 수 있습니다.골목길 8천만원 뭉칫돈 주인 ""화나서 버려…안 돌려줘도 돼""이별통보 앙심…전 남친 성폭행범 무고 40대女 \'집유\'""장수 연애 비결, 일주일에 2번만 만나라""삼성, 인텔 누르고 세계 최대 반도체 메이커 등극카페서 40대女 흉기로 살해한 남성 시민들이 제압좋아요0훈훈해요0슬퍼요0화나요0후속기사 원해요0기사제공 :']"
4,삼성전자, 2018-01-0512:30,뉴시스 ,"삼성전자, '갤럭시 A8' 출시",https://finance.naver.com/news/news_read.nhn?article_id=0008377919&office_id=003&mode=search&query=삼성전자&page=6,"['       삼성전자, \'갤럭시 A8\' 출시      기사입력2018-01-05 12:30기사원문좋아요훈훈해요좋아요 평가하기공감좋아요0훈훈해요0슬퍼요0화나요0후속기사 원해요0댓글【서울=뉴시스】권현구 기자 = 삼성전자가 셀카 촬영 기능이 강화된 스마트폰 \'갤럭시 A8\'을 출시한 5일 오전 서울 서초구 삼성전자 서초사옥 내 딜라이트관을 찾은 시민이 전시된 상품을 살펴보고 있다. 2018.01.05. stoweon@newsis.com[사진 영상 제보받습니다] 공감언론 뉴시스가 독자 여러분의 소중한 제보를 기다립니다. 뉴스 가치나 화제성이 있다고 판단되는 사진 또는 영상을 뉴시스 사진영상부(n-photo@newsis.com, 02-721-7470)로 보내주시면 적극 반영하겠습니다.뉴시스 관련뉴스해당 언론사에서 선정하며 언론사 페이지(아웃링크)로 이동해 볼 수 있습니다.골목길 8천만원 뭉칫돈 주인 ""화나서 버려…안 돌려줘도 돼""이별통보 앙심…전 남친 성폭행범 무고 40대女 \'집유\'""장수 연애 비결, 일주일에 2번만 만나라""삼성, 인텔 누르고 세계 최대 반도체 메이커 등극카페서 40대女 흉기로 살해한 남성 시민들이 제압좋아요0훈훈해요0슬퍼요0화나요0후속기사 원해요0기사제공 :']"
5,삼성전자, 2018-01-0512:22,서울신문 ,“셀피 대박” 삼성 ‘갤럭시 A8’ 2018년형 오늘 출시…가격과 기능은?,https://finance.naver.com/news/news_read.nhn?article_id=0002882688&office_id=081&mode=search&query=삼성전자&page=6,"['       “셀피 대박” 삼성 ‘갤럭시 A8’ 2018년형 오늘 출시…가격과 기능은?      기사입력2018-01-05 12:22기사원문좋아요훈훈해요좋아요 평가하기공감좋아요0훈훈해요0슬퍼요0화나요0후속기사 원해요0댓글 [서울신문]‘셀피’ 기능을 좋아하는 젊은 고객층을 겨냥한 삼성전자의 올해 첫 스마트폰 2018년형 갤럭시A8이 5일 출시됐다. 후면 카메라 못지 않게 전면 카메라의 기능을 대폭 강화했다. 셀피(selfie)는 셀카와 유사한 표현으로 스마트폰 등으로 자기 자신을 스스로 찍어 사회관계망서비스(SNS)에 올리는 것을 말한다.갤럭시 A 시리즈 2018년형 최신작 - SK텔레콤이 5일 갤럭시A8(2018)을 출시했다. 이번에 출시된 갤럭시A8은 갤럭시 스마트폰 최초로 전면 듀얼 카메라를 적용해 전문가처럼 ‘셀카’를 찍을 수 있다. 또한 프리미엄 스마트폰인 갤럭시S8, 갤럭시노트8와 같이 베젤을 최소화한 ‘인피니티 디스플레이’를 탑재해 높은 몰입감을 선사한다. 결제 서비스 ‘삼성페이’, 안면인식과 지문인식 기능, 인공지능 비서 ‘빅스비 비전’ 등 프리미엄급 성능도 두루 갖췄다. 색상은 블랙, 블루, 골드 3종이다. 2018.1.5SK텔레콤 제공=뉴스1삼성전자 측은 “이번 제품은 최신 플래그십 스마트폰의 특장점을 계승한 데다 차별화된 카메라 기능을 탑재했다”며 “기존 갤럭시A 시리즈와 달리 2030 젊은 소비자를 겨냥한 ‘영 프리미엄 스마트폰’”이라고 밝혔다.전면에는 각각 1600만 화소, 800만 화소의 듀얼 카메라를 탑재하고 조리갯값 F1.9 렌즈를 적용했다. 셀피 촬영 시 원하는 만큼 배경을 흐리게 처리하는 ‘라이브 포커스’를 이용해 더욱 입체감 있는 셀피를 찍을 수 있다.후면 카메라는 1600만 화소에 조리갯값 F1.7의 렌즈를 탑재해 야간에도 선명하고 깨끗한 사진 촬영이 가능하다.갤럭시A8에는 갤럭시S8, 갤럭시노트8과 마찬가지로 베젤(테두리)이 거의 없는 ‘인피니티 디스플레이’가 적용됐다.젊은 층에 인기를 끄는 프리미엄 기능도 대거 탑재됐다. 모바일 간편 결제 서비스 ‘삼성페이’를 사용할 수 있을 뿐 아니라 지능형 인터페이스 빅스비 중 빅스비 보이스를 제외한 빅스비 홈·리마인더·비전을 지원한다. IP68 등급의 방수·방진 기능도 적용됐으며 갤럭시 A시리즈 최초로 기어 VR과도 호환된다.삼성전자, 영 프로미엄 스마트폰 ‘갤럭시 A8’ 2018년형 출시 - 삼성전자가 2018년형 영 프리미엄 스마트폰 ’갤럭시 A8’을 출시한다고 5일 전했다. ’갤럭시 A8’은 32GB 내장 메모리에 블랙, 골드, 블루 세 가지로 색상으로 출시된다. 사진은 갤럭시 A8의 블랙 색상. 2018.1.5 삼성전자 제공=연합뉴스블랙, 골드, 블루 세 가지 색상으로 출시되며 출고가는 59만 9500원이다. 요금제 별로 KT는 12만원∼27만 6000원, LG유플러스는 10만 5000원∼24만원, SK텔레콤은 8만 1000원∼21만 6000원의 공시 지원금을 준다.삼성전자는 2018년형 갤럭시 A8 출시를 기념해 구매 고객을 대상으로 2월 28일까지 ‘5000원의 행복’ 이벤트를 마련한다.갤럭시A8 개통 후, 삼성 멤버스 또는 삼성페이 애플리케이션에서 이벤트에 참여하면 블루투스 스피커 JBL Go(4만 4000원 상당), 정품 네온 플립 커버(3만 3000원 상당), Kick-Tok+Ring Tok 커버 세트(3만 9000원 상당)를 5000원에 살 수 있는 할인 쿠폰을 준다.갤럭시 a8 2018년형 출시 - 갤럭시A8의 전면 카메라를 이용해 찍은 사진. 오른쪽이 아웃포커스 효과를 최대로 줬을 때의 사진. 아웃포커스 효과를 넣지 않은 왼쪽 사진과 비교된다. 연합뉴스온라인뉴스부 iseoul@seoul.co.kr▶ 채널 설정하고 새해 선물 도전하기! (~1/14) ▶ 재미있는 세상[나우뉴스] [페이스북]ⓒ 서울신문(www.seoul.co.kr), 무단전재 및 재배포금지서울신문 관련뉴스해당 언론사에서 선정하며 언론사 페이지(아웃링크)로 이동해 볼 수 있습니다.김종석 ""시민에 \'ㅁㅊㅅㄲ\' 문자 보낸 이유는…""간호사 사칭해 여성 신체부위 사진 받은 남성최저임금 인상에 아파트, 경비원 전원 해고 날벼락도로가 사는 아이, 모세기관지염 위험 1.6배 껑충""단 것 많이 먹으면 암 생길 수 있다"" 세계 첫 규명좋아요0훈훈해요0슬퍼요0화나요0후속기사 원해요0기사제공 :']"
6,삼성전자, 2018-01-0512:10,머니S ,"삼성카드, ‘T삼성카드2 V2’로 갤럭시A8 구매하면 월 2만원 할인",https://finance.naver.com/news/news_read.nhn?article_id=0000287475&office_id=417&mode=search&query=삼성전자&page=6,"['       삼성카드, ‘T삼성카드2 V2’로 갤럭시A8 구매하면 월 2만원 할인      기사입력2018-01-05 12:10기사원문좋아요훈훈해요좋아요 평가하기공감좋아요0훈훈해요0슬퍼요0화나요0후속기사 원해요0댓글본문 이미지 영역삼성카드 5일 삼성전자가 이날 출시한 갤럭시A8을 알뜰하게 구매할 수 있도록 ‘T 삼성카드2 V2’를 통한 장기할부 서비스와 할인 혜택을 다음달 28일까지 제공한다고 밝혔다.SK텔레콤과 제휴를 맺고 출시한 T삼성카드2 V2는 24·36개월 휴대폰 장기할부 서비스를 제공한다. 이 카드로 SK텔레콤의 장기할부 서비스를 이용해 갤럭시A8을 구매하면 전월실적에 따라 최대 월 2만원을 할인해준다. 24개월 할부는 최대 48만원, 36개월 할부는 72만원까지 혜택을 받을 수 있다. 수수료율은 24개월 할부 이용 시 연 5.9%, 36개월 이용 시 연 7.0%다.T삼성카드2 V2는 생활밀착형 서비스로 커피전문점·대중교통·택시업종에서 5%를 할인해주며 세금·공과금·통신요금 등이 전월실적에 포함된다. 단 무이자할부 이용금액은 전월실적에서 제외된다.서대웅 기자 mdw1009@mt.co.kr머니S 관련뉴스해당 언론사에서 선정하며 언론사 페이지(아웃링크)로 이동해 볼 수 있습니다.정주리 남편 ""잔소리 안 들으려 머리 밀어""… 상위 1% 독특한 에피소드스타골든벨 \'정답소녀\' 김수정, 소녀에서 숙녀로""문희옥, 소속사 대표와 사실혼·아들도 있다"" 폭로박유천, 세금체납으로 31억짜리 오피스텔 압류당했다허경영의 호화생활…여성 몸 더듬고 ""치유"" 주장까지좋아요0훈훈해요0슬퍼요0화나요0후속기사 원해요0기사제공 :']"
7,삼성전자, 2018-01-0512:08,부산일보 ,삼성 김현석 사장 간편 IoT 가전 공개 예고,https://finance.naver.com/news/news_read.nhn?article_id=0000769320&office_id=082&mode=search&query=삼성전자&page=6,"['       삼성 김현석 사장 간편 IoT 가전 공개 예고      기사입력2018-01-05 12:08기사원문좋아요훈훈해요좋아요 평가하기공감좋아요0훈훈해요0슬퍼요0화나요0후속기사 원해요0댓글       삼성전자의 김현석 소비자가전(CE) 부문장(사장)은 5일 ""직관적이고 간편한 사물인터넷(IoT) 구현을 위해 찾은 해결책을 이번 CES에서 공유할 것""이라고 밝혔다.김 사장은 이날 삼성전자 인터넷 뉴스룸에 올린 글을 통해 ""집에서, 직장에서 사용하는 다양한 전자기기가 설치 과정과 비밀번호, 사용법, 내부 인터페이스까지 차이가 있어 이를 하나로 연결하기는 쉽지 않다는 문제를 해결하기 위해 노력했다""면서 이같이 강조했다.그러면서 ""이 기술로 모든 기기를 관리할 수 있는 통합 생태계를 형성함으로써 기기 간의 끊임없는 연결이 가능해진다""고 설명했다.오는 9~12일(현지시간) 미국 라스베이거스에서 열리는 세계 최대 가전전시회 \'CES 2018\'에 직접 참석하는 김 사장은 ""삼성전자의 신기술은 소비자들에게 개인화된 지능형 인터 페이스를 제공한다""며 ""이를 통해 마치 전등의 스위치를 켜고 끄는 것처럼 간편하게 사물인터넷으로 연결된 세상의 효과를 누릴 수 있다""고 소개했다.그는 ""지금까지 IT업계가 전한 \'연결된 세상의 구현\'이라는 약속은 일관성이 없고 제각각이었고, 소비자들은 IoT를 통해 연결된 기기의 제대로 된 효과를 확인하기 어려웠다""면서 ""하지만 앞으로 펼쳐질 세상은 지금까지와는 전혀 다른 모습일 것""이라고 전망했다.그러면서 ""이번 CES 2018을 통해 삼성전자가 그리는 미래가 어떻게 현실이 되는 지 소개할 수 있어 기쁘다""며 새로운 IoT 기술 공개를 예고했다.\xa0배동진 기자 djbae@좋아요0훈훈해요0슬퍼요0화나요0후속기사 원해요0기사제공 :']"
8,삼성전자, 2018-01-0511:53,부산일보 ,셀피 세대 위한 삼성 갤럭시A8 5일 출시,https://finance.naver.com/news/news_read.nhn?article_id=0000769314&office_id=082&mode=search&query=삼성전자&page=6,"[""       셀피 세대 위한 삼성 갤럭시A8 5일 출시      기사입력2018-01-05 11:53기사원문좋아요훈훈해요좋아요 평가하기공감좋아요0훈훈해요0슬퍼요0화나요0후속기사 원해요0댓글         삼성전자는 새해 첫 스마트폰 2018년형 '갤럭시A8'을 국내 이통 3사를 통해 5일 출시했다고 밝혔다.이번 제품은 최신 플래그십 스마트폰의 특장점을 계승한 데다 차별화된 카메라 기능을 탑재해 기존 갤럭시A 시리즈와 달리 2030 젊은 소비자를 겨냥한 '영 프리미엄 스마트폰'이라는 게 삼성전자 측의 설명이다.전면에는 각각 1600만 화소, 800만 화소의 듀얼 카메라를 탑재하고 조리갯값 F1.9 렌즈를 적용했다. 셀피 촬영 시 원하는 만큼 배경을 흐리게 처리하는 '라이브 포커스'를 이용해 더욱 입체감 있는 셀피를 찍을 수 있다.후면 카메라는 1600만 화소에 조리갯값 F1.7의 렌즈를 탑재해 야간에도 선명하고 깨끗한 사진 촬영이 가능하다.갤럭시A8에는 '갤럭시S8', '갤럭시노트8'과 마찬가지로 베젤(테두리)이 거의 없는 '인피니티 디스플레이'가 적용됐다. 젊은 층에 인기를 끄는 프리미엄 기능도 대거 탑재됐다. 모바일 간편 결제 서비스 '삼성페이'를 사용할 수 있을 뿐 아니라 지능형 인터페이스 빅스비 중 빅스비 보이스를 제외한 빅스비 홈·리마인더·비전을 지원한다. IP68 등급의 방수·방진 기능도 적용됐으며 갤럭시 A시리즈 최초로 기어 VR과도 호환된다.블랙, 골드, 블루 세 가지 색상으로 출시되며 출고가는 59만 9500원이다. 요금제별로 KT는 12만∼27만 6000원, LG유플러스는 10만 5000∼24만 원, SK텔레콤은 8만 1000∼21만 6000원의 공시 지원금을 준다.삼성전자는 2018년형 갤럭시A8 출시를 기념해 구매 고객을 대상으로 2월 28일까지 '5000원의 행복' 이벤트를 마련한다.갤럭시A8 개통 후, 삼성 멤버스 또는 삼성페이 앱에서 이벤트에 참여하면 블루투스 스피커 JBL Go(4만 4000원 상당), 정품 네온 플립 커버(3만 3000원 상당), '킥-톡+링 톡' 커버 세트(3만 9000원 상당)를 5000원에 살 수 있는 할인 쿠폰을 준다.\xa0배동진 기자 djbae@좋아요0훈훈해요0슬퍼요0화나요0후속기사 원해요0기사제공 :""]"
9,삼성전자, 2018-01-0511:40,부산일보 ,"갤럭시 a8 2018년형 출시, 젊은 소비자 저격 '셀카 기능 극대화'",https://finance.naver.com/news/news_read.nhn?article_id=0000769305&office_id=082&mode=search&query=삼성전자&page=6,"[""       갤럭시 a8 2018년형 출시, 젊은 소비자 저격 '셀카 기능 극대화'      기사입력2018-01-05 11:40기사원문좋아요훈훈해요좋아요 평가하기공감좋아요0훈훈해요0슬퍼요0화나요0후속기사 원해요0댓글    사진=삼성전자 제공 삼성전자의 2018년형 스마트폰 갤럭시 A8을 출시했다.갤럭시 A8은 차별화된 카메라 기능과, 혁신적인 디자인 등 플래그십 스마트폰의 특·장점을 더 젊고 감각적으로 계승한 것이 특징이다.셀카를 즐기는 젊은 소비자를 위해 전면에 1600만 화소외 800만 화소의 듀얼 카메라를 탑재하고, 조리개값 F1.9렌즈를 적용해 초고화질의 셀피 촬영이 가능하다. 후면에는 1600만 화소와 조리개값 F1.7의 렌즈를 답재해 낮과 밤 모두 선명하고 깨끗한 사진 촬영이 가능하다.또 모바일 간편 결제 서비스 삼성페이는 물론, 지능형 인터페이스 '빅스비', IP68등급의 방수·방진 기능과 함께 갤럭시 A시리즈 최초로 기어 VR과의 호환도 지원한다.갤럭시 A8은 32GB 내장 메모리와 블랙·골드·블루 세 가지 색상으로 출시된다. 출고가는 59만 9500원.한편 삼성전자는 갤럭시 A8 출시를 기념해 오는 2월 28일까지 구매 고객을 대상으로 '5000원의 행복'을 진행한다.디지털콘텐츠팀 multi@좋아요0훈훈해요0슬퍼요0화나요0후속기사 원해요0기사제공 :""]"
10,삼성전자, 2018-01-0511:36,헤럴드경제 ,[미리보는 CES2018] 더 똑똑하고 커지고 웅장하게…‘스마트시티’ 가전의 미래,https://finance.naver.com/news/news_read.nhn?article_id=0001337045&office_id=016&mode=search&query=삼성전자&page=6,"['       [미리보는 CES2018] 더 똑똑하고 커지고 웅장하게…‘스마트시티’ 가전의 미래      기사입력2018-01-05 11:36기사원문좋아요훈훈해요좋아요 평가하기공감좋아요0훈훈해요0슬퍼요0화나요0후속기사 원해요0댓글가전 인공지능 연결성 극대화 초점100인치 초대형TV·고화질 프로젝터기술집약 명품 사운드 대결 볼거리CES2018은 삼성-LG 기술경쟁 무대세계 가전시장을 선도하는 삼성전자와 LG전자가 오는 9일(현지 시간) 미국 라스베이거스에서 열리는 세계 최대 가전전시회인 CES2018(International Consumer Electronics Show)에서 첨단 제품을 내놓고 ‘기술 경쟁’을 펼친다. 양사가 차별화된 기술력을 앞세워 각축전을 벌일 분야로 ▷AI(인공지능) 연결성 ▷대형 프리미엄 TV ▷명품 사운드 등이 꼽힌다. 이번 CES 행사 화두는 가전제품을 통신망으로 연결하는 스마트홈과 스마트도시가 될 전망이다. 작년 CES 화두가 AI 사물인터넷(IoT) 연결된 스마트홈 구현에 맞춰졌다면, 올해는 스마트홈을 넘어 가상현실(VR)·증강현실(AR) 등을 활용한 ‘스마트 시티’ 생태계 구성에 이목이 집중되고 있다. 삼성전자와 LG전자의 전시 부스에서도 이같은 트랜드를 확일할 수 있을 것으로 보인다.\xa0 ①LG전자 가정용 프로젝터 최고 수준인 4K UHD 해상도를 갖춘 ‘LG 4K UHD 프로젝터 ②삼성전자 ‘CES 2017’ 프레스 컨퍼런스 ③삼성전자가 ‘CES 2017’에서 선보인 QLED TV ④LG 인공지능 제품들과 함께 하는 일상 생활을 보여줄 ‘LG 씽큐 스위트(ThinQ Suite)’ 조감도 ⑤LG전자가 ‘CES 2018’에서 선보이는 신규 컨셉 로봇 ⑥삼성전자가 양산하는 차세대 모바일AP ‘엑시노스9 (9810)’삼성전자는 자사 모든 제품을 사물인터넷(IoT)로 연결한다는 의미로 ‘원삼성(One Samsung)’을 구현하는데 집중할 예정이다. 특히 스마트홈, 스마트오피스, 스마트카에 이르는 다양한 영역에서 혁신을 선보이며 ‘스마트 시티의 미래’를 구현하는데 초점을 맞출 계획이다.아울러 삼성전자는 최근 양산을 시작한 고성능 모바일 AP ‘엑시노스 9(9810)’를 이번 CES를 통해 외부에 공개할 예정이다. ‘엑시노스 9’ 초고속 모뎀을 탑재하고 AI연산 기능을 강화한 반도체 제품으로, ‘CES 2018 혁신상’을 수상한 바 있다. 삼성전자 관계자는 ”음성 인식 AI 플랫폼 ’빅스비‘를 모든 제품에 적용하는 한편, 기존 스마트홈과 IoT플랫폼 등 모든 IoT 서비스를 스마트싱스 클라우드로 통합해 차별화된 서비스를 제공하는데 주력하고 있다”고 말했다. LG전자는 AI를 전면에 내세운다. 전시 부스 내 ‘씽큐’존을 별도로 구성하는 등 인공지능 가전을 중심으로 차별화된 기술을 홍보할 계획이다.개막 하루 전인 8일 열리는 글로벌 미디어 초청 행사 ’LG 프레스 컨퍼런스‘에서는 박일평 CTO(최고기술경영자·사장)가 연사로 나와 인공지능 브랜드 ‘씽큐’의 지향점 및 전략을 소개할 예정이다. 이와 함께 인공지능, 자율주행 기술 등을 바탕으로 한 서빙 로봇(Serving robot), 포터 로봇(Porter robot), 쇼핑 카트 로봇(Shopping cart robot) 등 신규 컨셉 로봇 3종을 이번 CES에서 첫 공개한다.LG전자 관계자는 “씽큐를 통해 가전분야를 중심으로 LG만의 차별화된 인공지능 이미지를 구축할 계획”이라며 “고객 삶에 최적화된 통합적인 인공지능 경험을 제공하는 것이 목표”라고 말했다. 차세대 TV 주도권을 건 ‘진검 승부’도 예상된다. 양사는 TV 시장 대형화 추세와 8K(7680×4320) 해상도 제품 상용화 등 새로운 시장 흐름에 맞춰 차별화된 제품 경쟁력을 선보일 예정이다.삼성전자는 이번 CES에서 100인치가 넘는 초대형 QLED TV를 선보일 것으로 예상된다. 현재까지 가장 큰 QLED TV는 88인치다. 특히 삼성전자가 대형화 기술에 보다 유리한 것으로 평가받는 ‘마이크로LED(발광다이오드)’ TV를 이번 CES에서 선보일 지 주목된다. LG전자는 77인치와 88인치 등 대형 OLED TV를 전시장 전면에 내세우는 동시에 다양한 신제품 라인업을 선보일 예정이다. 이번 CES에서 공개될 새로운 OLED TV는 화질과 편의성 측면이 한층 강화된 것으로 알려졌다.LG전자는 또 가정용 프로젝터로는 최고 수준의 화질인 4K UHD(3,840x2,160) 해상도를 갖춘 ‘LG 4K UHD 프로젝터(모델명: HU80KA)’ 가정용 프로젝터도 선보인다. 이 제품은 2,500안시 루멘(ANSI Lumen) 밝기로 기존 제품보다 25% 더 밝다. 화면 대각선 길이는 무려 380㎝(150형)에 달한다. ‘HDR 10’ 규격으로 제작된 HDR 콘텐츠도 재생할 수 있다. 아울러 LG디스플레이는 세계 최초로 OLED 방식의 88인치 8K 디스플레이를 선보일 예정이다. 이번 CES에서는 명품 오디오 브랜드를 등에 업은 양사의 ‘사운드 전쟁’도 볼거리다. 삼성전자가 올해 인수를 마무리한 미국 음향기기업체 하만의 기술을 적용한 TV용 고성능 사운드바 신제품을 선보인다. 이 제품은 바(Bar) 형태의 벽걸이형 TV 전용 스피커로, 두께를 기존 대비 41% 수준인 53.5mm로 줄임으로써 TV와 조화롭게 실내 인테리어를 연출할 수 있는 것이 특징이다.LG전자도 영국의 하이엔드 오디오 브랜드 ‘메리디안 오디오(Meridian Audio)’와 손잡고 명품 오디오 기기를 공개한다. LG전자는 올해 초부터 메리디안과 함께 사운드바, 포터블 스피커 등에 최적화된 고음질 음향 기술을 적용해 최상의 사운드를 구현할 수 있는 솔루션을 개발해 왔다.\xa0이승환 기자/nice@▶ 생활용품 또 떨어졌어? 마트 가지 말고 한번에 쓱~▶헤럴드경제 채널 설정하기 ▶카카오플러스 친구맺기 - Copyrights ⓒ 헤럴드경제 & heraldbiz.com, 무단 전재 및 재배포 금지 -헤럴드경제 관련뉴스해당 언론사에서 선정하며 언론사 페이지(아웃링크)로 이동해 볼 수 있습니다.류여해 ""홍준표, 내 손 잡고 주물럭…속상했다""류현진·배지현 오늘(5일) 결혼…사회는 유재석이언주 ""장제원, 바른정당 있을때는 샤방샤방""김종석, 시민 문자에 \'ㅁㅊㅅㄲ\',\'ㅅㄱㅂㅊ\' 답문 파문30대 엄마, 아파트서 어린 두자녀 던지고 투신좋아요0훈훈해요0슬퍼요0화나요0후속기사 원해요0기사제공 :']"
11,삼성전자, 2018-01-0511:35,아시아경제 ,"공정위 지배구조 개혁 압박 …기업 ""퇴로 없다"" 하소연",https://finance.naver.com/news/news_read.nhn?article_id=0004152517&office_id=277&mode=search&query=삼성전자&page=6,"['       공정위 지배구조 개혁 압박 …기업 ""퇴로 없다"" 하소연      기사입력2018-01-05 11:35기사원문좋아요훈훈해요좋아요 평가하기공감좋아요0훈훈해요0슬퍼요0화나요0후속기사 원해요0댓글공정위, 기업구조 개선 2차 데드라인 제시삼성계열 금융사, 전자 지분 정리 압박현대차엔 순환출자 고리 해소 재차 주문[아시아경제 명진규 기자, 이지은 기자] 공정거래위원회가 연초부터 기업들의 지배구조 개선을 강하게 주문하고 있다. 지난해 연말을 1차 데드라인으로 제시했던 김상조 공정거래위원회장은 최근 ""3월 주총까지 구체적인 안을 내 놓진 못하더라도 향후 지배구조 개선 개획에 대해선 밝혀야 한다""며 2차 데드라인을 제시하며 압박 수위를 높이고 있다.이러한 공정위의 강공에 기업들은 퇴로도 열어주지 않은 채 정부가 몰아부치기만 한다는 볼멘소리를 하고 있다. 일부 대기업들은 공정위가 정해 놓은 답안지는 이미 알고 있지만 그대로 따른다면 경영권 자체를 포기해야 할 수준이라 답안지 제출을 계속 미루는 모양새다.◆삼성계열 금융사, 전자 지분 정리 압박= 공정위가 추진중인 \'금융그룹 통합감독 시스템\'은 삼성을 겨냥한 것이라는 해석이 나온다. 이 제도는 금융사를 보유한 대기업을 통합감독 해 내부 거래, 계열사 지원 현황 등을 금융 감독에 보고, 공시하도록 하는 것이다.여기에 더해 금융계열사가 보유한 비금융계열사 지분의 자기자본을 인정해 주지 않는 \'통합재무건전성 비율\'도 도입할 계획이다. 금융계열사가 보유한 지분을 통해 자회사의 경영권을 지키는 것을 사실상 불가능하도록 하겠다는 것이다. 삼성의 경우, 삼성생명과 삼성화재가 보유하고 있는 삼성전자 지분은 약 9.5%에 달한다.재계 관계자는 ""공정위가 삼성에게 원하는 대답은 금융계열사가 보유한 삼성전자 지분을 매각하라는 것""이라며 ""순환출자 문제 때문에 타 계열사가 해당 지분을 살 경우 신규 상호출자 형성 또는 순환출자 강화가 필연적으로 발생하게 돼 결국 경영권을 포기하라는 압박에 가깝다""고 말했다.◆현대차 지배구조 재차 압박= 현대차그룹 지배구조 개선에 대한 공정위의 답 역시 정해져 있다는 얘기 역시 나온다. 현대모비스→현대차→기아차→현대모비스로 이어지는 순환출자 고리를 해소하기 위해선 정의선 부회장이 현대모비스 지분 16.9%를 매입하면 된다. 4조원 이상의 자금을 정 부회장이 마련해야 하는데 뾰족한 방법이 없다. 때문에 재계는 현대차, 기아차, 모비스 3개 회사를 지주사, 사업회사로 인적분할 한 뒤 3개 지주사를 합칠 것으로 전망하고 있다.하지만 공정위는 공정거래법 개정안을 통해 인적분할 전 자사주 소각을 의무화하거나 신주 배정을 금지하는 방안을 논의중이다. 인적분할 과정에서 의결권 없는 자사주 의결권을 부활시켜 총수일가들이 경영권 방어에 활용한 만큼 이를 사전에 막겠다는 것이다.◆공정위 ""기업들 스스로 해법 찾아야""= 기업들이 아직 갈피를 잡지 못하고 있는 가운데, 공정위는 \'기업들이 알아서 해야 한다\'는 입장을 고수하고 있다. 신봉삼 공정위 기업집단국장은 ""우리가 특정 기업을 찍어서 이렇게 해라 저렇게 해라 할 수는 없는 노릇""이라며 ""롯데처럼 많은 기업들을 분할합병하는 기업집단이 있는 한편 여러 주식을 파는 기업집단도 있다""고 말했다. 신 국장은 ""기업이 알아서 하고 모르면 공정위에 물어보라는 것""이라며 ""하지만 아직 기업에서 문의가 들어왔다는 보고는 받은 바가 없다""고 말했다. 공정위는 순환출자 가이드라인 개정안의 법적 효력을 확보하기 위해 예규로 제정할 계획이며, 이해관계자 의견수렴 과정에서 기업들의 의견을 들을 수 있을 것으로 기대하고 있다.공정위는 예규도 신속하게 제정하겠다는 방침이다. 육성권 기업집단정책과장은 ""길게 끌 것 없다. 이달 중으로 예규 제정 작업에 돌입할 것""이라고 말했다. 일반적으로 예규 제정은 짧으면 한 달, 길게는 2~3개월 정도가 걸린다.한국경제연구원 관계자는 ""기업 지배구조를 정부에서 일일이 관여하는 나라는 전 세계에서 우리나라가 유일하다""면서 ""법적으로 순환출자, 지주회사 등을 규제하는 나라도 없고 공정거래위원장이 정치적 압력을 행사하는 것 자체가 글로벌 스탠더드에 맞지 않는다""고 말했다.명진규 기자 aeon@asiae.co.kr이지은 기자 leezn@asiae.co.kr▶ 양낙규의 \'군사이야기\'▶ #아시아경제 채널 구독 ▶ #아시아경제 페이스북아시아경제 관련뉴스해당 언론사에서 선정하며 언론사 페이지(아웃링크)로 이동해 볼 수 있습니다.\'北 주민들 사이에서…\' 심상찮은 움직임 포착\'이제와서…\' 朴 노리는 것 따로 있다손석희 사장 1년 만에 또 일냈다…\'대박\'난 63년생 \'절망 퇴직\' 은행원입니다문 정부 꾸짖으라는 말에…노회찬의 \'한방\'좋아요0훈훈해요0슬퍼요0화나요0후속기사 원해요0기사제공 :']"
12,삼성전자, 2018-01-0511:30,YTN ,"[기업] 삼성전자, 신형 중저가 스마트폰 출시",https://finance.naver.com/news/news_read.nhn?article_id=0001102458&office_id=052&mode=search&query=삼성전자&page=6,"[""       [기업] 삼성전자, 신형 중저가 스마트폰 출시      기사입력2018-01-05 11:30기사원문좋아요훈훈해요좋아요 평가하기공감좋아요0훈훈해요0슬퍼요0화나요0후속기사 원해요0댓글 삼성전자가 중저가 스마트폰 '갤럭시 A8'의 2018년형 모델을 출시했습니다.삼성전자는 이 제품이 2030세대를 겨냥해 차별화된 카메라 기능과 혁신적인 디자인을 갖췄다고 설명했습니다.또 모바일 간편 결제 서비스 '삼성 페이' 사용이 가능하고 방수·방진 기능과 높아졌다고 덧붙였습니다.김병용 [kimby1020@ytn.co.kr]▶2018년 나의 신년 운세 보기▶동영상 뉴스 모아보기 ▶YTN과 친구가 되어주세요[저작권자(c) YTN & YTN PLUS 무단전재 및 재배포 금지]YTN 관련뉴스해당 언론사에서 선정하며 언론사 페이지(아웃링크)로 이동해 볼 수 있습니다.5살 준희의 짧은 생은 맞고 밟히다가 끝이 났다'그냥 감기 아닙니다'…꼭 확인해야 할 독감 증상'ㅁㅊㅅㄲ ㅅㄱㅂㅊ'...한국당 김종석의 심오한 문자故 신해철 집도의, 또 의료사고 배상 판결'머리카락 때문에'... 발가락 두 개 잃을 뻔한 아기좋아요0훈훈해요0슬퍼요0화나요0후속기사 원해요0기사제공 :""]"
13,삼성전자, 2018-01-0511:30,YTN ,"[기업] 삼성전자, 신형 중저가 스마트폰 출시",https://finance.naver.com/news/news_read.nhn?article_id=0001102326&office_id=052&mode=search&query=삼성전자&page=6,"['       [기업] 삼성전자, 신형 중저가 스마트폰 출시      기사입력2018-01-05 11:30기사원문좋아요훈훈해요좋아요 평가하기공감좋아요0훈훈해요0슬퍼요0화나요0후속기사 원해요0댓글 삼성전자가 중저가 스마트폰 \'갤럭시 A8\'의 2018년형 모델을 출시했습니다.삼성전자는 이 제품이 2030세대를 겨냥해 차별화된 카메라 기능과 혁신적인 디자인을 갖췄다고 설명했습니다.또 모바일 간편 결제 서비스 \'삼성 페이\' 사용이 가능하고 방수·방진 기능과 높아졌다고 덧붙였습니다.김병용 [kimby1020@ytn.co.kr]▶2018년 나의 신년 운세 보기▶동영상 뉴스 모아보기 ▶YTN과 친구가 되어주세요[저작권자(c) YTN & YTN PLUS 무단전재 및 재배포 금지]YTN 관련뉴스해당 언론사에서 선정하며 언론사 페이지(아웃링크)로 이동해 볼 수 있습니다.멧돼지로 오인 사격...50대 남성 숨져\'그냥 감기 아닙니다\'…꼭 확인해야 할 독감 증상""간호사에게 돈 줘라""...존슨앤존슨 갑질 논란故 신해철 집도의, 또 의료사고 배상 판결\'환각\' 때문에 4m 아래 투신 男, 극적 구조좋아요0훈훈해요0슬퍼요0화나요0후속기사 원해요0기사제공 :']"
14,삼성전자, 2018-01-0511:29,머니투데이 ,4분기 실적 믿어볼까… 코스피 1.7%↓·코스닥 2.1%↑,https://finance.naver.com/news/news_read.nhn?article_id=0003988827&office_id=008&mode=search&query=삼성전자&page=6,"['       4분기 실적 믿어볼까… 코스피 1.7%↓·코스닥 2.1%↑      기사입력2018-01-05 11:29기사원문좋아요훈훈해요좋아요 평가하기공감좋아요0훈훈해요0슬퍼요0화나요0후속기사 원해요0댓글 [머니투데이 송선옥 기자] [[오늘의포인트]3개월전 비해 삼성電·SK하이닉스 상향, 코스피 예년 대비 하향폭 감소 ]오는 9일 삼성전자의 2017년4분기 잠정실적 발표로 4분기 실적시즌의 막이 오르는 가운데 코스피 주요 상장사들의 영업이익 전망치가 3개월전에 비해 소폭 감소한 것으로 나타났다. 다만 통상적으로 실적시즌에 다가갈수록 일회성 비용 등을 반영, 4분기 코스피 실적 전망치 하향 조정폭이 컸다는 점에서 비교적 양호한 실적 수준이라는 평가다. 이와 함께 코스닥 기업들의 전망치는 오히려 소폭 증가해 2018년 중소형주에 대한 기대감을 키웠다. ◇코스피 1.7% 감소·코스닥 2.1% 증가=5일 증권정보업체 에프앤가이드에 따르면 증권사 3곳 이상의 실적 예상치가 존재하는 224개 코스피 코스닥 기업들의 2017년4분기 영업이익은 총 47조6356억원으로 전년 동기 대비 54.9% 증가했다. 이중 코스피 162개사의 영업이익 전망치는 46조4692억원으로 3개월전 전망치 47조2903억원에 비해 1.7% 감소한 반면 코스닥 62개사의 영업이익 전망치는 1조1664억원으로 3개월전 1조1423억원에 비해 2.1% 증가했다. 주목할 것은 코스피 4분기 영업이익 전망치가 3개월전에 비해 소폭 감소하기는 했으나 감소폭이 크지 않다는 점이다. 보통 연말 상여금, 비용 등 일회성 요인 반영으로 4분기 실적은 실적발표 시기가 다가올 수록 하향 조정폭이 크다. 박춘영 대신증권 연구원은 “지난해 11월말 이후 코스피 4분기 실적전망 하향으로 코스피 상승 동력이었던 실적에 대한 신뢰가 약화되었다”며 “그러나 경험상 4분기 실적 전망이 5년 평균 10% 이상 하향 조정된 것과 비교하면 이번 4분기 실적 전망 하향 조정폭은 크지 않은 것으로 4분기 실적발표를 기점으로 실적 불확실성이 완화될 전망”이라고 말했다. 실제로 코스피 전체 영업이익의 34% 이상을 차지하는 삼성전자의 4분기 영업이익 전망치는 15조9265억원으로 3개월전 예상치 15조8945억원에 비해 0.2% 증가했다. 삼성전자와 함께 반도체 투톱인 SK하이닉스의 4분기 영업이익 전망치는 4조2931억원으로 3개월전 4조465억원에 비해 6.1% 증가했다. 환율효과 등으로 삼성전자의 4분기 실적에 대한 우려가 깊어 지면서 연말 삼성전자와 SK하이닉스의 주가 흐름이 좋지 않았던 것과는 대조적인 모습이다. 4분기 원/달러 환율 하락(원화강세)으로 반도체 업체들의 실적에 부정적인 영향이 있었지만 D램, 낸드 가격 상승폭이 예상보다 확대되면서 환율 영향을 상쇄했을 것이란 전망이다. 그럼에도 연초 들어 원/달러 환율이 1060원대 초반까지 밀리는 데 원화강세가 지속되고 있어 환율 방향성에 촉각을 기울일 필요가 있는 것으로 보인다. 권동률 DB금융투자 연구원은 “최근 삼성전자의 조정은 펀더멘털 훼손보다는 수급 요인이 더 강한 것으로 실적시즌을 맞아 분위기가 환기될 것”이라고 전망했다. ◇코스닥, 셀트리온·셀트리온헬스케어 등이 실적상향 주도=코스피 시장에서는 한국전력 LG디스플레이 한국항공우주 현대차 등의 영업이익이 3개월전에 비해 감소하고 삼성중공업 현대중공업 LIG넥스원 등이 적자전환 한 것이 시장 전체 영업이익 하향조정에 영향을 미쳤다. 한국전력의 4분기 영업이익 전망치는 1조1175억원으로 3개월전 1조6964억원에 비해 34.1% 감소했다. 현대차의 영업이익도 1조3600억원에서 1조2419억원으로 8.7% 줄어들었다. 앞서 삼성중공업은 올해와 내년 영업손실을 각각 4900억원, 2400억원으로 전망했으며 현대중공업도 4분기 약 3000억원의 영업손실을 발표한 상태다. 한편 코스닥 시장의 영업이익 전망치 상향조정에 크게 기여한 것은 셀트리온 인터플렉스 비에이치 유진테크 파라다이스 등으로 셀트리온의 영업이익 전망치는 3개월전에 비해 15.3% 증가한 것으로 집계됐다. ▶돌아본 2017 \'10대 키워드\'▶무료 만화 보고 선물도 받고~ ▶치어리더 vs 레이싱걸 송선옥 기자 oops@mt.co.kr 머니투데이 관련뉴스해당 언론사에서 선정하며 언론사 페이지(아웃링크)로 이동해 볼 수 있습니다.\'꼬북칩 2300만봉\' 대박..오리온, 개발주역들에 포상2018년 공무원 봉급표… \'1급 공무원\' 월급은?현대차 노조, 새해 벽두부터 파업[친절한 판례氏]""내연남이 또 바람 피웠어요"" 위자료 받을 수 있나""낳기만 하면 부모인가요?""… \'키더런트\'의 비극좋아요0훈훈해요0슬퍼요0화나요0후속기사 원해요0기사제공 :']"
15,삼성전자, 2018-01-0511:27,SBS Biz ,"삼성전자 경영진, 잇달아 자사주 매입",https://finance.naver.com/news/news_read.nhn?article_id=0000148495&office_id=374&mode=search&query=삼성전자&page=6,"['       삼성전자 경영진, 잇달아 자사주 매입      기사입력2018-01-05 11:27기사원문좋아요훈훈해요좋아요 평가하기공감좋아요0훈훈해요0슬퍼요0화나요0후속기사 원해요0댓글 삼성전자의 신임 경영진들이 최근 잇따라 자사주 매입에 나섰습니다.이는 경영진들이 책임을 지고 경영 성과를 내겠다는 의지의 표명으로 해석됩니다.오늘(5일) 삼성전자에 따르면 CE(소비자가전)부문장 김현석 사장과 IM(IT·모바일)부문장 고동진 사장, CFO(최고재무책임자)인 노희찬 경영지원실장(사장)은 이날 각각 삼성전자 주식을 1095주, 1천주, 200주를 매입했다고 공시했습니다.앞서 DS(디바이스솔루션)부문장인 김기남 사장도 자사주 3500주를 매입했다고 지난해 12월 28일 공시한 바 있습니다.이는 지난해10월 인사에서 새롭게 부문장을 맡은 3명의 신임 부문장이 일제히 자사주를 매입한 것입니다.또한 지난해 11월 인사에서 사장으로 승진하며 사업부장을 맡게 된 DS부문 파운드리사업부장 정은승 사장, 메모리사업부장 진교영 사장, CE부문 영상디스플레이사업부장 한종희 사장도 지난해 12월 말부터 최근 사이 각각 삼성전자 주식 509주, 450주, 100주를 사들였습니다.삼성전자는 지난해 메모리 반도체 부문의 경쟁력을 바탕으로 사상 최대의 실적을 낸 것으로 추정되고 있습니다.김혜민 기자(joy@sbs.co.kr) ☞ 의견 있는 경제채널 SBSCNBC [홈페이지] [뉴스스탠드]☞ 공식 SNS [페이스북] 저작권자 SBS플러스 & SBS I&M 무단전재-재배포 금지SBS Biz 관련뉴스해당 언론사에서 선정하며 언론사 페이지(아웃링크)로 이동해 볼 수 있습니다.메릴린치의 경고…""비트코인 펀드·선물 전면 금지""인텔, \'반도체 게이트\' 확산…보안 결함 발견\'다주택자 압박\' 부작용 현실화?…강남 아파트값 고공행진MB 실소유주 논란 \'다스\'…국세청, 세무조사 착수국제유가 3년 만에 최고치…WTI, 62달러 돌파좋아요0훈훈해요0슬퍼요0화나요0후속기사 원해요0기사제공 :']"
16,삼성전자, 2018-01-0511:26,헤럴드경제 ,外人들이 돌아왔다…새해 국내증시 매수행렬,https://finance.naver.com/news/news_read.nhn?article_id=0001337012&office_id=016&mode=search&query=삼성전자&page=6,"['       外人들이 돌아왔다…새해 국내증시 매수행렬      기사입력2018-01-05 11:26기사원문좋아요훈훈해요좋아요 평가하기공감좋아요0훈훈해요0슬퍼요0화나요0후속기사 원해요0댓글저평가 인식에 원화강세 영향4거래일 연속 ‘사자’ 우위지난해 말 ‘팔자’에 치중했던 외국인 투자자들이 새해 들어 다시 매수에 집중하고 있다.5일 와이즈에프앤에 따르면 외국인은 지난해 12월28일부터 이달 4일까지 4거래일 연속 ‘사자’ 우위를 보이며 유가증권(코스피) 및 코스닥 시장에서 모두 1조2728억 원어치의 주식을 순매수했다. 국내 기관투자자들이 같은 기간 1조8519억 원어치 순매도한 것과 대비된다.매수 타깃 종목은 코스피와 코스닥의 ‘대장주’였다. 셀트리온(순매수 금액 1730억원)과 POSCO(1634억원), 삼성전자(1609억원)를 대거 사모았다. 덕분에 셀트리온과 POSCO는 이 기간 각각 13.07%, 10.52% 올랐다.\xa0연초 외국인의 이같은 매수 행렬은 한국 증시에 대한 저평가 인시과 원화 강세가 맞물린 결과로 파악된다. 1월 주가상승률이 다른 달보다 높은 이른바 ‘1월 효과’도 작용한 것으로 보인다.전문가들은 달러가 강세에서 약세로 전환되면서 외국인 자금이 유입되는 현재의 흐름이 일정 기간 유지될 것으로 보고 있다.이경민 대신증권 연구원은 “외국인들이 연초 새로운 포트폴리오를 구성하는 차원에서 다른 종목을 바구니에 담고 있다”며 “4분기 실적 불확실성이 우려되지만 원달러 환율이 떨어지고 있어 당분간 외국인들의 순매수 우위가 이어질 것으로 보인다”고 말했다.정부가 다음주 발표를 예고한 코스닥 시장 활성화 방안에 대한 기대감도 반영된 것이란 분석이 있다.류용석 KB증권 연구원은 “코스닥 우호 정책이 언급된 작년 11월 중순부터 외국인들이 코스닥 종목을 계속 사들이고 있다”며 “정책 발표를 전후로 이같은 흐름이 유지될 것”으로 내다봤다.반면 외국인들은 새해 개장 이후 전날까지 선물시장에서 3거래일 연속 매도에 나섰다. 이에 비춰 외국인들이 매수로 돌아섰다고 섣불리 단정하기 어렵다는 의견도 있다. 오는 3월 예정된 미국 연방공개시장위원회(FOMC) 회의도 변수로 꼽힌다. 골드만삭스는 미국 연방준비제도가 3월 회의에서 금리를 인상할 가능성을 75%로 보고 있다. 이 시기를 전후로 달러가 다시 강세로 돌아설 수 있다는 전망이 나온다.류용석 연구원은 “FOMC에서 미국 금리가 인상될 가능성이 상당히 높아지고 있다. FOMC 영향을 받는다면 2월 중순 이후나 3월 초부터 달러가 강할 수 있다”며 “현재의 외국인 매수 흐름은 2월까지 기대해볼 수 있다”고 말했다.김현일ㆍ최준선 기자/joze@▶ 생활용품 또 떨어졌어? 마트 가지 말고 한번에 쓱~▶헤럴드경제 채널 설정하기 ▶카카오플러스 친구맺기 - Copyrights ⓒ 헤럴드경제 & heraldbiz.com, 무단 전재 및 재배포 금지 -헤럴드경제 관련뉴스해당 언론사에서 선정하며 언론사 페이지(아웃링크)로 이동해 볼 수 있습니다.류여해 ""홍준표, 내 손 잡고 주물럭…속상했다""류현진·배지현 오늘(5일) 결혼…사회는 유재석이언주 ""장제원, 바른정당 있을때는 샤방샤방""김종석, 시민 문자에 \'ㅁㅊㅅㄲ\',\'ㅅㄱㅂㅊ\' 답문 파문30대 엄마, 아파트서 어린 두자녀 던지고 투신좋아요0훈훈해요0슬퍼요0화나요0후속기사 원해요0기사제공 :']"
17,삼성전자, 2018-01-0511:24,매경이코노미 ,2018년 주목받는 기업 20,https://finance.naver.com/news/news_read.nhn?article_id=0000058229&office_id=024&mode=search&query=삼성전자&page=6,"[""       2018년 주목받는 기업 20      기사입력2018-01-05 11:24기사원문좋아요훈훈해요좋아요 평가하기공감좋아요0훈훈해요0슬퍼요0화나요0후속기사 원해요0댓글 2018년 무술년 새해가 밝았지만 기업들은 저마다 머릿속이 복잡하다. 문재인정부 출범 이후 법인세와 최저임금 인상, 근로시간 단축 등 기업 경영 여건을 악화시키는 대책이 줄줄이 쏟아졌기 때문이다. 미국, 중국 등 주요국들이 무역장벽을 높이는 데다 환율도 급변하면서 통상 환경 역시 녹록지 않다. 그럼에도 새해 퀀텀점프 기회를 노리는 기업들은 여전히 많다. 저마다 4차 산업혁명 시대에 대비해 핵심 사업 경쟁력을 높이면서 차근차근 도약 기회를 준비해온 덕분이다. 2018년 주목받는 기업 20곳을 꼽아봤다.    새해도 바이오·IT·석유화학 3强체제삼성바이오·SK이노·진에어 선두주자 IT, 바이오, 석유화학….매경이코노미가 새해 주목받을 만한 기업 20곳을 선정한 결과 2018년을 주도할 업종은 2017년과 크게 다르지 않다. 석유화학, 바이오, 반도체 등 실적 성장세를 견인해온 업종들이 새해에도 한국 경제를 이끌어갈 것으로 보인다. 2017년 내내 실적 잔치를 벌였던 석유화학 업종에서는 SK이노베이션 활약이 두드러질 전망이다. 정유, 석유화학 부문이 고루 성장하면서 증권가에선 2018년 SK이노베이션 영업이익이 3조6000억원에 달할 것으로 내다본다. 주력 사업뿐 아니라 신성장동력인 전기차 배터리 부문에서도 가시적인 성과가 기대된다. SK이노베이션은 2020년 배터리 생산량을 10GWh까지 확보하고, 2025년 글로벌 배터리 시장점유율 30% 달성을 목표로 잡았다. 최태원 SK그룹 회장이 주도하는 ‘딥 체인지’ 전략의 핵심 계열사로 꼽힌다. 바이오 부문에선 삼성바이오로직스 활약이 기대된다.   삼성바이오로직스는 인천 송도국제업무지구에 바이오의약품 전문 생산 공장인 제3공장을 준공하면서 세계 1위 CMO(바이오의약품 위탁생산) 전문기업으로 도약할 전망이다. 1, 2공장을 합쳐 연간 36만ℓ 생산 능력을 확보해 스위스 론자(26만ℓ), 독일 베링거인겔하임(24만ℓ)을 넘어섰다. 미국 식품의약국과 유럽의약품청 등의 승인이 완료되면 이르면 2020년 후반부터 본격적인 상업 생산에 들어간다. ‘2018년 주목받는 기업’ 20곳을 그룹별로 정리해보면 삼성그룹 계열사들이 가장 많은 이름을 올렸다. 사상 최대 실적을 경신하고 있는 삼성전자와 함께 삼성바이오로직스, 호텔신라 등 총 3곳이 이름을 올렸다. LG그룹에선 주력 계열사 LG전자, LG디스플레이 등 2곳이 꼽혔고 현대차그룹은 현대모비스, SK그룹은 SK이노베이션, 롯데그룹은 롯데쇼핑 등이 각각 포함됐다. 특히 삼성전자와 LG전자, KB금융지주, 신세계는 2017년에 이어 연달아 주목받는 기업 20곳에 선정돼 눈길을 끌었다. 이번 조사를 위해 매경이코노미는 증권정보업체 와이즈에프엔과 함께 국내 증시 상장사 1500여개 기업을 중심으로 매출, 영업이익 등 전반적인 재무지표를 살펴봤다. 재무부문 평가를 위해 자산 총계와 매출액, 2017년 예상 매출과 지배주주 순이익(잠깐용어 참조) 증가율, 2017년 연초 대비 주가 등락률 등 5가지 지표를 분석했다. 특히 증권사 애널리스트들의 컨센서스를 참고해 최근 3년간(2015~2017년) 연평균 매출 성장률보다 2017~2018년 매출 성장률이 높을 것으로 기대되는 ‘성장성 높은 기업’에 주목했다. 이 같은 정량지표를 분석해 1차 후보군을 가려낸 뒤 정성평가도 곁들였다. 2018년 지배구조 개편이나 승계, 신규 브랜드 출범, M&A, 기업공개(IPO), 정부 정책 수혜 등 굵직한 이슈가 있는 기업들을 골라냈다. 이렇게 ‘2018년 주목받는 기업 20곳’을 최종 선정했다. 잠깐용어 *지배주주 순이익 모회사의 당기순이익을 계산할 때 자회사 순이익을 모회사의 자회사 지분만큼 반영한 수치를 말한다. 2013년부터 연결 기준 실적을 공시하면서 모회사 당기순이익에는 자회사 순이익까지 포함됐다. 하지만 자회사에 대한 모회사 지분이 50%라면 당기순이익도 50%만 반영해 실제 지분가치와 부합한다. 지배주주 순이익은 이 점을 반영해 만든 지표다. [특별취재팀 = 김경민(팀장)·노승욱·강승태·김기진 기자 / 그래픽 : 신기철] [본 기사는 매경이코노미 제1940호 (2018.1.37~2018.1.9일자) 기사입니다] ▶뉴스 이상의 무궁무진한 프리미엄 읽을거리 ▶아나운서가 직접 읽어주는 오늘의 주요 뉴스[ⓒ 매일경제 & mk.co.kr, 무단전재 및 재배포 금지]매경이코노미 관련뉴스해당 언론사에서 선정하며 언론사 페이지(아웃링크)로 이동해 볼 수 있습니다.실제 결혼 앞둔 '국민불륜녀' 민지영의 반전 미모성병 '콘딜로마' 20~30대 남성 감염 급증서지혜 섹시 수영복…블랙 시스루 완벽몸매플로리다 덮친 한파에 '냉동' 이구아나 속출서지혜, 과감한 비키니 자태…몸매가 다 했네좋아요0훈훈해요0슬퍼요0화나요0후속기사 원해요0기사제공 :""]"
18,삼성전자, 2018-01-0511:23,매경이코노미 ,[2018년 주목받는 기업 20] 삼성전자 | 실적은 ‘그뤠잇’한데 지배구조 개편...,https://finance.naver.com/news/news_read.nhn?article_id=0000058228&office_id=024&mode=search&query=삼성전자&page=6,"[""       [2018년 주목받는 기업 20] 삼성전자 | 실적은 ‘그뤠잇’한데 지배구조 개편은 ‘올스톱’      기사입력2018-01-05 11:23기사원문좋아요훈훈해요좋아요 평가하기공감좋아요0훈훈해요0슬퍼요0화나요0후속기사 원해요0댓글 삼성전자 실적은 그야말로 ‘그뤠잇’했다. 반도체 호황에 힘입어 2017년 연매출은 250조원 돌파가 확실시되며, 영업이익은 무려 55조원에 이를 전망이다. 문제는 다른 데 있다. 지배구조 개편 이슈다. 현재 이재용 삼성전자 부회장의 삼성전자 지분은 0.65%에 불과하다. 반면 삼성생명은 삼성전자 지분을 8.19% 갖고 있다. 김상조 공정거래위원장은 삼성전자와 삼성생명 간 관계를 문제 삼고 있다. 공정위는 삼성SDI가 보유한 삼성물산 주식 404만주를 매각해야 한다고 결정했다. 최악의 경우 삼성생명은 보유해온 삼성전자 주식을 팔아야 할지도 모른다. 자칫 총수 일가 삼성전자 지배력이 극도로 약해질 수 있다. [본 기사는 매경이코노미 제1940호 (2018.1.37~2018.1.9일자) 기사입니다] ▶뉴스 이상의 무궁무진한 프리미엄 읽을거리 ▶아나운서가 직접 읽어주는 오늘의 주요 뉴스[ⓒ 매일경제 & mk.co.kr, 무단전재 및 재배포 금지]매경이코노미 관련뉴스해당 언론사에서 선정하며 언론사 페이지(아웃링크)로 이동해 볼 수 있습니다.실제 결혼 앞둔 '국민불륜녀' 민지영의 반전 미모성병 '콘딜로마' 20~30대 남성 감염 급증서지혜 섹시 수영복…블랙 시스루 완벽몸매플로리다 덮친 한파에 '냉동' 이구아나 속출서지혜, 과감한 비키니 자태…몸매가 다 했네좋아요0훈훈해요0슬퍼요0화나요0후속기사 원해요0기사제공 :""]"
19,삼성전자, 2018-01-0511:22,한국경제TV ,"""갤럭시 A8, 삼성카드로 구매하고 할인받으세요""",https://finance.naver.com/news/news_read.nhn?article_id=0000590023&office_id=215&mode=search&query=삼성전자&page=6,"['       ""갤럭시 A8, 삼성카드로 구매하고 할인받으세요""      기사입력2018-01-05 11:22기사원문좋아요훈훈해요좋아요 평가하기공감좋아요0훈훈해요0슬퍼요0화나요0후속기사 원해요0댓글[한국경제TV 장슬기 기자]삼성카드는 삼성전자 갤럭시 A8을 보다 알뜰하게 구매할 수 있도록, \'T 삼성카드2 V2\'를 통한 휴대폰 장기할부 서비스와 할인 혜택을 오는 2월 28일까지 제공한다고 밝혔습니다.SK텔레콤과 제휴를 맺고 출시한 \'T 삼성카드2 V2\'는 24 또는 36개월 휴대폰 장기할부 서비스를 제공하는 것이 특징입니다.\'T 삼성카드2 V2\'로 SK텔레콤에서 장기할부 서비스를 이용해 갤럭시A8을 구매할 경우 전월 신용카드 이용실적에 따라 최대 월 2만원의 결제일 할인 혜택도 제공됩니다.이에 따라 24개월 장기할부는 최대 48만원, 36개월 장기할부는 최대 72만원까지 혜택을 받을 수 있습니다.이밖에도 \'T 삼성카드2 V2\'는 생활밀착형 서비스로 커피전문점과 대중교통, 택시 5% 결제일 할인 등 혜택을 제공합니다.삼성카드 관계자는 ""이 카드를 통해 고객들이 \'갤럭시A8\' 기종을 보다 합리적으로 구매할 수 있을 것으로 기대한다""고 말했습니다.장슬기기자 jsk9831@wowtv.co.krⓒ 한국경제TV, 무단 전재 및 재배포 금지한국경제TV 관련뉴스해당 언론사에서 선정하며 언론사 페이지(아웃링크)로 이동해 볼 수 있습니다.\'한끼줍쇼\' 김병만, 대인기피증 고백? ""\'정글의 법칙\' 후유증""인생술집 김이나, 아이유와 무슨 일?…""불편하다""황정음, 출산 후 물오른 미모 공개…""사진 속 남편 손인가요?""해피투게더3 거미, 송중기가 명품백 선물한 사연낸시랭 ""올해 한국 떠날 것, 다른 나라서 인생 2막""좋아요0훈훈해요0슬퍼요0화나요0후속기사 원해요0기사제공 :']"
0,삼성전자, 2018-01-0511:17,이데일리 ,"삼성카드, 갤럭시 A8 구매 시 장기할부 및 청구할인 혜택",https://finance.naver.com/news/news_read.nhn?article_id=0004005886&office_id=018&mode=search&query=삼성전자&page=7,"[""       삼성카드, 갤럭시 A8 구매 시 장기할부 및 청구할인 혜택      기사입력2018-01-05 11:17기사원문좋아요훈훈해요좋아요 평가하기공감좋아요0훈훈해요0슬퍼요0화나요0후속기사 원해요0댓글[이데일리 유현욱 기자] 삼성카드는 다음 달 말까지 삼성전자 ‘갤럭시 A8(2018)’을 ‘T 삼성카드2 V2’를 통해 사면 휴대전화 장기할부와 할인 등 혜택을 제공한다고 5일 밝혔다.삼성카드는 2월 28일까지 갤럭시 A8을 SK텔레콤과 함께 내놓은 ‘T 삼성카드2 V2’를 통해 24개월과 36개월 장기 할부 구매 시 전월 카드 이용실적에 따라 최대 월 2만원까지 할인 혜택을 준다. 24개월과 36개월 장기할부 수수료율은 각각 연 5.9%와 연 7.0%다.이 밖에도 전월 카드 이용실적이 30만원 이상일 때 커피전문점과 대중교통·택시 결제액의 5%를 각각 월 5000원까지 청구할인을 받을 수 있다. 전월 카드 이용실적에는 세금과 공과금, 통신요금 등이 포함된다. 다만 무이자 할부금은 이용실적에서 제외된다. 국외겸용 연회비는 2만원이다.삼성카드 관계자는 “고객들이 ‘T 삼성카드 2 V2’를 통해 갤럭시A8을 보다 합리적으로 구매할 수 있을 것”이라고 기대했다.삼성전자가 이날 출시한 갤럭시 A8은 전면에 이중 카메라를 탑재해 언제 어디서나 고화질 ‘셀피’(셀프 카메라)를 찍을 수 있는 게 특징이다.유현욱 (fourleaf@edaily.co.kr)▶네이버 채널에서 ‘이데일리’를 구독해주세요▶[페이스북] 보러가기~ ▶[카카오톡] 플친 맺기~♥＜ⓒ종합 경제정보 미디어 이데일리 - 무단전재 & 재배포 금지＞이데일리 관련뉴스해당 언론사에서 선정하며 언론사 페이지(아웃링크)로 이동해 볼 수 있습니다.난 월 9만원 내고 압구정 50평 아파트에 산다文정부, 제식구 챙기려 공무원 호봉제 바꿨다'KBS 정상화' 원한다는 정우성 배우 이전에 수신료 내는 시청자박근혜 임기중 12억 재산증식 비법은?…'국고의 사유화'김종석 'ㅁㅊㅅㄲ' 보낸 건 딱 한 번...'ㅅㄱㅂㅊ'는?좋아요0훈훈해요0슬퍼요0화나요0후속기사 원해요0기사제공 :""]"
1,삼성전자, 2018-01-0511:01,연합뉴스 ,"삼성전자 경영진, 잇달아 자사주 매입…부문장·CFO 등",https://finance.naver.com/news/news_read.nhn?article_id=0009792862&office_id=001&mode=search&query=삼성전자&page=7,"['       삼성전자 경영진, 잇달아 자사주 매입…부문장·CFO 등      기사입력2018-01-05 11:01기사원문좋아요훈훈해요좋아요 평가하기공감좋아요0훈훈해요0슬퍼요0화나요0후속기사 원해요0댓글삼성전자(CG)  [연합뉴스TV 제공]재계 ""책임경영 의지 보여주는 것""(서울=연합뉴스) 정성호 기자 = 삼성전자의 신임 경영진들이 최근 잇따라 자사주 매입에 나섰다. 책임 지고 경영 성과를 내겠다는 의지의 표명으로 재계는 풀이하고 있다.    5일 삼성전자에 따르면 CE(소비자가전)부문장 김현석 사장과 IM(IT·모바일)부문장 고동진 사장, CFO(최고재무책임자)인 노희찬 경영지원실장(사장)은 이날 각각 삼성전자 주식을 1천95주, 1천주, 200주 매입했다고 공시했다.    이에 앞서 DS(디바이스솔루션)부문장인 김기남 사장도 자사주 3천500주를 매입했다고 지난해 12월 28일 공시한 바 있다.    작년 10월 인사에서 새롭게 부문장을 맡은 3명의 신임 부문장이 일제히 자사주를 매입한 것이다.    새 경영진들이 책임 경영의 의지와 주인 의식을 표현한 것으로 재계는 받아들이고 있다.    또 작년 11월 인사에서 사장으로 승진하며 사업부장을 맡게 된 DS부문 파운드리사업부장 정은승 사장, 메모리사업부장 진교영 사장, CE부문 영상디스플레이사업부장 한종희 사장도 지난해 12월 말부터 최근 사이 각각 삼성전자 주식 509주, 450주, 100주를 사들였다.    삼성전자는 지난해 메모리 반도체 부문의 경쟁력을 바탕으로 사상 최대의 실적을 낸 것으로 추정되고 있다. 증권가에서는 올해 삼성전자가 사상 최대 실적을 다시 한 차례 경신할 것으로 전망하고 있다.    재계 관계자는 ""신임 부문장과 사업부장들의 자사주 매입은 책임지고 각 부문을 이끌겠다는 책임경영의 의지와 주인 의식을 보여주는 것으로 풀이된다""고 말했다.    이 관계자는 ""CFO까지 자사주 매입에 동참한 것은 삼성전자가 지속적인 성과를 내고 주주가치 제고에 나서겠다는 뜻을 시사한 것으로 보인다""고 덧붙였다.    sisyphe@yna.co.kr▶기사제보 및 문의▶기자와 1:1 채팅\xa0\xa0▶최신 트렌드연합뉴스 관련뉴스해당 언론사에서 선정하며 언론사 페이지(아웃링크)로 이동해 볼 수 있습니다.\xa0압구정 아파트 경비원 94명 전원 해고…최저임금 인상탓?\xa0美 덮친 한파에 \'냉동\' 이구아나 속출…거북도 꽁꽁\xa0피겨선수의 \'위험한 다이어트\'…거식증에 평창 포기\xa0시민단체 경력 공무원 호봉 인정…한국당 ""재검토해야""\xa0동료 엽사가 쏜 총탄에 맞아 사망…""멧돼지로 착각""좋아요0훈훈해요0슬퍼요0화나요0후속기사 원해요0기사제공 :']"
2,삼성전자, 2018-01-0510:57,아시아경제 ,"""너도나도 반도체 생산 증대…내년 초과 공급·가격 하락 전망""",https://finance.naver.com/news/news_read.nhn?article_id=0004152460&office_id=277&mode=search&query=삼성전자&page=7,"['       ""너도나도 반도체 생산 증대…내년 초과 공급·가격 하락 전망""      기사입력2018-01-05 10:57기사원문좋아요훈훈해요좋아요 평가하기공감좋아요0훈훈해요0슬퍼요0화나요0후속기사 원해요0댓글2019년 전후 주요업체 반도체 생산 증대 계획낸드플래시 부분 초과공급, 가격하락 예상 전망SSD 전환속도 빨라 수요 증가 전망도 있어  [아시아경제 안하늘 기자] 메모리 반도체 업계가 슈퍼 사이클(장기 호황)을 맞으며 주요 낸드플래시 업체들이 생산 증대 계획을 연이어 내놓고 있다. 내년부터는 초과 공급에 따른 가격 하락이 예상된다는 전망이 나왔다. 5일 반도체 시장조사업체 D램익스체인지에 따르면 삼성전자와 SK하이닉스, 도시바, 인텔, 중국 칭와유니그룹의 자회사인 양쯔 메모리테크놀로지컴퍼니(YMTC) 등이 내년을 전후로 낸드플래시 생산량을 본격적으로 늘릴 전망이다. 도시바 메모리 매각을 두고 법적 분쟁을 벌였던 도시바와 웨스턴디지털(WD)은 지난해 12월 조인트벤처 합의를 오는 2029년까지 연장하기로 합의했다. 직후 도시바는 96단 이상의 3D 낸드플래시 생산을 위한 \'팹7\' 건설 계획을 발표했다. 이 공장에서는 2019년 하반기 제품 양산에 들어갈 것으로 전망된다. YMTC도 올 하반기 중국 우한, 둥후의 새 공장 가동을 시작한다. YMTC는 올 하반기부터 32단 3D 낸드플래시 초기 제품을 양산하고, 이후 바로 64단 제품 양산을 준비할 것으로 전해졌다. 인텔도 폭증하는 서버용 SSD(솔리드 스테이트 드라이브) 수요에 발맞춰 올해 말까지 중국 다롄에 2단계 공장 증설을 마치고 3D 낸드플래시 생산력을 현재의 배로 늘릴 계획이다.세계 낸드플래시 시장 1위 삼성전자는 중국 시안의 낸드플래시 공장을 확장한다. SK하이닉스도 내년 초 양산을 목표로 청주에 M15 낸드플래시 신공장을 짓고 있다. 이 공장에서는 96단 이상의 3D 낸드를 양산할 계획이다. D램익스체인지 측은 ""2019년 이후 3D 낸드플래시 시장에서 공급 과잉이 발생할 수 있다""며 가격 하락 가능성을 예상했다. 가격 하락이 없을 것이라는 전망도 우세하다. 하드디스크에서 낸드플래시 메모리를 사용하는 솔리드테이트드라이브(SSD)로의 전환속도가 빨라지며 낸드플래시 수요 증가가 공급 증가를 앞설 것이라는 관측도 있다. 한편 시장조사업체 IHS마킷에 따르면 지난해 낸드플래시 시장에서 삼성전자는 전체의 38.3%(205억2900만달러)를 기록하며 1위를 차지했다. 도시바(16.6%), 웨스턴디지털(15.3%), 마이크론(11.3%), 인텔(6.7%)이 각각 뒤를 이었다.안하늘 기자 ahn708@asiae.co.kr▶ 양낙규의 \'군사이야기\'▶ #아시아경제 채널 구독 ▶ #아시아경제 페이스북아시아경제 관련뉴스해당 언론사에서 선정하며 언론사 페이지(아웃링크)로 이동해 볼 수 있습니다.\'北 주민들 사이에서…\' 심상찮은 움직임 포착손석희 사장 1년 만에 또 일냈다…\'대박\'\'이제와서…\' 朴 노리는 것 따로 있다난 63년생 \'절망 퇴직\' 은행원입니다문 정부 꾸짖으라는 말에…노회찬의 \'한방\'좋아요0훈훈해요0슬퍼요0화나요0후속기사 원해요0기사제공 :']"
3,삼성전자, 2018-01-0510:57,이데일리 ,"김현석 사장 ""전등 켜듯 간편해진 삼성 IoT, CES서 공개”",https://finance.naver.com/news/news_read.nhn?article_id=0004005863&office_id=018&mode=search&query=삼성전자&page=7,"['       김현석 사장 ""전등 켜듯 간편해진 삼성 IoT, CES서 공개”      기사입력2018-01-05 10:57기사원문좋아요훈훈해요좋아요 평가하기공감좋아요0훈훈해요0슬퍼요0화나요0후속기사 원해요0댓글- 김현석 삼성전자 CE부문장, 뉴스룸에 기고- ""직관적인 사물인터넷 구현 해결책 찾았다""[이데일리 경계영 기자] 세계 최대 전자산업 박람회인 ‘CES 2018’을 앞두고 김현석(사진) 삼성전자 CE(소비자가전)부문장(사장)이 “전등 스위치를 켜고 끄는 것처럼 간편하고 직관적인 사물인터넷(IoT) 구현할 수 있는 해결책을 CES에서 선보이겠다”고 공언했다. 김현석 사장은 5일 삼성전자(005930) 뉴스룸에 기고한 ‘인공지능(AI)과 사물인터넷에 대한 비전’에서 “‘하나로 연결된 세상의 구현’이라는 삼성전자의 약속을 지켜나가겠다”며 이같이 밝혔다. 김 사장은 “소비자는 집에서, 직장에서 다양한 전자기기를 사용하지만 각 기기는 설치 과정과 비밀번호는 물론 사용법과 내부 인터페이스까지 다양한 부분에서 차이점이 존재하기 때문에 이를 하나로 연결하긴 쉽지 않은 일이었다”고 했다. 그는 “삼성전자는 직관적이고 간편한 사물인터넷을 구현하기 위해 찾은 해결책을 이번 CES에서 공유하고자 한다”며 “이 기술로 일관된 경험을 통해 모든 기기를 관리할 수 있는 통합 생태계를 형성함으로써 기기 간의 끊김 없는 ‘연결’이 가능해진다”고 설명했다. 삼성전자 신기술이 소비자에게 개인화한 지능형 인터페이스를 제공해 ‘사물인터넷으로 연결된 세상’의 효과를 누릴 수 있다고 김 사장은 강조했다. 그러면서도 그는 “삼성전자 혼자의 힘으로 이 정도 규모의 혁신을 현실화해 ‘IT로 연결된 하나의 세상의 구현’이라는 약속을 지키긴 어렵다”며 “세계 최대 규모 사물인터넷 표준화 기구인 OCF의 일원으로서 업계의 다양한 파트너와 긴밀히 협업하고 있다”고 부연했다. 김 사장은 “지금까지 IT업계가 전한 ‘연결된 세상의 구현’이라는 약속은 일관성이 없고 제각각이었지만 앞으로 펼쳐질 세상은 지금까지와는 전혀 다른 모습일 것”이라고 봤다. 그는 이어 “더욱 개선된 기술로 진화한 사물인터넷을 통해 우리의 삶은 더욱 편리해질 것”이라며 “이번 CES 2018을 통해 삼성전자가 그리는 미래가 어떻게 현실이 되는지 소개할 수 있어 기쁘다”고 덧붙였다.경계영 (kyung@edaily.co.kr)▶네이버 채널에서 ‘이데일리’를 구독해주세요▶[페이스북] 보러가기~ ▶[카카오톡] 플친 맺기~♥＜ⓒ종합 경제정보 미디어 이데일리 - 무단전재 & 재배포 금지＞이데일리 관련뉴스해당 언론사에서 선정하며 언론사 페이지(아웃링크)로 이동해 볼 수 있습니다.난 월 9만원 내고 압구정 50평 아파트에 산다文정부, 제식구 챙기려 공무원 호봉제 바꿨다\'KBS 정상화\' 원한다는 정우성 배우 이전에 수신료 내는 시청자박근혜 임기중 12억 재산증식 비법은?…\'국고의 사유화\'\'선플賞\' 김종석, 시민에게 보낸 \'ㅅㄱㅂㅊ\'의 뜻은?좋아요0훈훈해요0슬퍼요0화나요0후속기사 원해요0기사제공 :']"
4,삼성전자, 2018-01-0510:53,아시아경제 ,"삼성, 인텔 꺾고 반도체 업계 1위 등극…1992년 이후 처음",https://finance.naver.com/news/news_read.nhn?article_id=0004152453&office_id=277&mode=search&query=삼성전자&page=7,"['       삼성, 인텔 꺾고 반도체 업계 1위 등극…1992년 이후 처음      기사입력2018-01-05 10:53기사원문좋아요훈훈해요좋아요 평가하기공감좋아요0훈훈해요0슬퍼요0화나요0후속기사 원해요0댓글D램, 낸드플래시 성장세 덕분중국업체 성장 등으로 가격 인하 우려 [아시아경제 안하늘 기자] 삼성전자가 지난 26년간 반도체 업계를 주름잡았던 인텔을 제치고 세계 최대 반도체 업체로 등극했다. 4일(현지시간) 시장조사업체 가트너에 따르면 삼성전자의 지난해 반도체 매출은 전년 대비 52.6% 성장한 612억달러(약 65조1400억원)를 기록했다. 세계 시장 점유율은 14.6%로 업계 1위에 올랐다. 1992년 이래 1위 자리를 지켰던 인텔은 전년 대비 6.7% 성장하는데 그쳤다. 매출 577억달러(약 61조4200억원)로 시장 점유율 13.8%를 차지했다. 삼성전자는 지난해 3분기 처음 분기 매출 1위에 오른데 이어 연간 기준으로도 인텔을 꺾었다.이는 D램, 낸드플래시 등 삼성전자가 강점을 보이는 메모리 분야의 성장세가 두드러졌기 때문이다. 삼성전자는 지난해 D램 부분에서 시장 점유율 45%대를, 낸드플래시 분야에선 30% 후반대로 각각 1위를 달리고 있다.앤드류 노우드 (Andrew Norwood) 가트너 리서치 부사장은 ""메모리는 2017년 반도체 매출 성장의 3분의2 이상을 차지했으며, 가장 큰 반도체 카테고리가 됐다""고 말했다. 가트너에 따르면 지난해 글로벌 반도체 시장은 스마트폰의 보급에 따른 메모리칩 수요 증가로 전년도보다 22% 성장해 4197억달러(약 445조7200억원) 규모로 커졌다. 특히 공급 부족으로 인해 지난해 D램 가격은 전년 대비 44%, 낸드플래시 가격은 같은 기간 17% 상승했다.3위는 SK하이닉스로 매출은 전년 대비 79% 성장한 263억900만달러(약 27조9400억원)를 기록했다. 시장 점유율은 6.3%다. 마이크론테크놀로지(5.5%), 퀄컴(4.1%), 브로드컴(3.7)가 각각 뒤를 이었다.하지만 가트너는 삼성전자의 독주 체제가 오래가지 않을 수 있다고 전망했다. 노우드 부사장은 ""올해 낸드플래시를 시작으로 메모리 가격이 떨어질 수 있다""며 ""2019년부터는 D램 부분에서 중국 업체들의 생산 능력이 향상되면서 삼성전자의 매출에 부정적인 영향을 줄 것""이라고 말했다.안하늘 기자 ahn708@asiae.co.kr▶ 양낙규의 \'군사이야기\'▶ #아시아경제 채널 구독 ▶ #아시아경제 페이스북아시아경제 관련뉴스해당 언론사에서 선정하며 언론사 페이지(아웃링크)로 이동해 볼 수 있습니다.\'北 주민들 사이에서…\' 심상찮은 움직임 포착손석희 사장 1년 만에 또 일냈다…\'대박\'\'이제와서…\' 朴 노리는 것 따로 있다난 63년생 \'절망 퇴직\' 은행원입니다문 정부 꾸짖으라는 말에…노회찬의 \'한방\'좋아요0훈훈해요0슬퍼요0화나요0후속기사 원해요0기사제공 :']"
5,삼성전자, 2018-01-0510:45,한겨레 ,"삼성전자, 2018년형 갤럭시A8 출시…59만9500원",https://finance.naver.com/news/news_read.nhn?article_id=0002393633&office_id=028&mode=search&query=삼성전자&page=7,"['        삼성전자, 2018년형 갤럭시A8 출시…59만9500원       기사입력2018-01-05 10:45기사원문좋아요훈훈해요좋아요 평가하기공감좋아요0훈훈해요0슬퍼요0화나요0후속기사 원해요0댓글  [한겨레] 젊은층 겨냥 셀피 기능 강화…공시 지원금 27만6000원 수준  삼성전자가 5일 젊은 층을 겨냥한 중가대 스마트폰 ’2018년형 갤럭시 에이(A)8’을 국내 이동통신 3사를 통해 출시했다. 갤럭시A는 삼성전자의 중가대 스마트폰 브랜드로, 이번 2018년형 갤럭시A8은 59만9500원이 책정됐다.  삼성전자 쪽은 젊은 소비자를 위해 셀피 기능이 강화되고 프리미엄 스마트폰에 탑재된 기능이 다수 탑재됐다고 밝혔다. 스마트폰 전면에 각각 1600만 화소, 800만 화소의 듀얼 카메라를 탑재하고 조리개 값 F1.9 렌즈를 적용했다. 셀프 사진 촬영 때 원하는 만큼 배경을 흐리게 처리하는 ‘라이브 포커스’ 기능도 적용됐다. 후면 카메라는 1600만 화소에 조리개 값 F1.7이다.  화면은 베젤이 거의 없지만 엣지 스타일은 아닌 5.6형 ‘인피니티 디스플레이’가 적용됐다. 모바일 간편 결제 서비스 ‘삼성페이’ 사용이 가능하고 지능형 인터페이스 빅스비와 방수·방진 기능도 적용됐다. 블랙·골드·블루 세 색상이 출시됐다. 이통사별로 공시 지원금은 최대 21만6000~27만6000원이다. 최현준 기자 haojune@hani.co.kr  ▶ 한겨레 절친이 되어 주세요! [신문구독] [사람과 동물을 잇다 : 애니멀피플] [카카오톡][ⓒ한겨레신문 : 무단전재 및 재배포 금지] 한겨레 관련뉴스해당 언론사에서 선정하며 언론사 페이지(아웃링크)로 이동해 볼 수 있습니다.김성태, 제천시민이 \'소방관 증원\' 묻자 ""특정 정당 지지자냐""그땐 평양서 효리·젝키 공연, 평창엔 북한 걸그룹 오나요""송혜교, 하지원 중 누가 더 요염?"" 방통대 교수 \'여성비하\' 논란한반도 어느 해의 1월 5일은 \'영하 32도\'였다\'독감 환자 급증\' WHO 바이러스 예측 실패 때문일까요좋아요0훈훈해요0슬퍼요0화나요0후속기사 원해요0기사제공 :']"
6,삼성전자, 2018-01-0510:44,연합뉴스TV ,"""미국 세이프가드 막아라""…삼성ㆍLG 총력 방어전",https://finance.naver.com/news/news_read.nhn?article_id=0000296319&office_id=422&mode=search&query=삼성전자&page=7,"['       ""미국 세이프가드 막아라""…삼성ㆍLG 총력 방어전      기사입력2018-01-05 10:44기사원문좋아요훈훈해요좋아요 평가하기공감좋아요0훈훈해요0슬퍼요0화나요0후속기사 원해요0댓글 ""미국 세이프가드 막아라""…삼성ㆍLG 총력 방어전[앵커]미국 무역당국이 우리나라 세탁기에 대해 긴급수입제한조치, 세이프가드를 발동하려는 것과 관련해 우리 정부와 기업이 강한 반대 입장을 표명했습니다. 우리 뿐만 아니라 미국 경제에도 득이 될게 없다는 논리를 제시했습니다. 이경태 기자가 보도합니다.[기자]산업통상자원부는 현지시간으로 어제 미국 무역대표부에서 열린 공청회에 참석해 해당 조치가 과도한 규제라고 주장했습니다.미국이 자국 산업 보호를 위해 세계무역기구 WTO 협정에 위반되는 세이프가드 조치를 취할 경우, 보호 무역 기조가 확산해 미국 수출에도 악영향을 미칠 것임을 강조했습니다.앞서 지난해 11월, 미국 국제무역위원회는 향후 3년간 연간 120만 대를 초과하는 세탁기 수입에 대해 첫해 50%,2년 차 45%, 3년 차 40%의 관세를 부과하는 권고안을 냈습니다.이에 삼성전자는 3억8천만 달러를 투자해 미국에 건립중인 사우스캐롤라이나주 공장 카드를 꺼내들었습니다.삼성측은 미국 세탁기 공장에서 1천여 명의 고용과 매년 100만 대 이상의 생산이 이뤄진다며 지역경제 상승효과를 강조했습니다.LG전자도 테네시에 건설 중인 세탁기 공장의 경제유발효과를 설명했습니다. 삼성과 LG가 내년부터 미국 현지공장에서 세탁기를 생산하면 북미 시장에서 삼성과 LG세탁기 미국내 수입량은 기존 30%에서 4%로 급감합니다. 트럼프 대통령은 미국 무역대표부와 무역위원회의 권고안 등을 고려해 다음달 한국산 세탁기의 수입제한 수준 등 최종조치를 결정합니다. 연합뉴스TV 이경태입니다.연합뉴스TV : 02-398-4441(기사문의ㆍ제보) 카톡/라인 jebo23 ▶ 연합뉴스TV 네이버 채널 구독\xa0\xa0 ▶ 생방송 시청 ▶ 대한민국 뉴스의 시작, 연합뉴스TV 앱 다운받기연합뉴스TV 관련뉴스해당 언론사에서 선정하며 언론사 페이지(아웃링크)로 이동해 볼 수 있습니다.\xa0\'피아노계의 아이돌\' 조성진…올해 일정도 꽉찼다\xa0\'호텔 먹튀\' 논란 JYJ 김준수 건설사에 38억원 배상 판결\xa0""30년새 10배 급등""…강남 집값 잡을 묘책은?\xa05년째 초등학교 예비소집 안 온 여아 \'행방묘연\'\xa0최저임금 오르자 압구정 아파트서 경비원 전원해고좋아요0훈훈해요0슬퍼요0화나요0후속기사 원해요0기사제공 :']"
7,삼성전자, 2018-01-0510:40,뉴스1 ,"현대산업개발, 시니어주택 '수지 광교산 아이파크' 분양",https://finance.naver.com/news/news_read.nhn?article_id=0003134183&office_id=421&mode=search&query=삼성전자&page=7,"['       현대산업개발, 시니어주택 \'수지 광교산 아이파크\' 분양      기사입력2018-01-05 10:40기사원문좋아요훈훈해요좋아요 평가하기공감좋아요0훈훈해요0슬퍼요0화나요0후속기사 원해요0댓글수지 광교산 아이파크 투시도/자료제공=현대산업개발© News1광교산, 수지생태 근린공원으로 둘러싸인 숲세권 아파트(서울=뉴스1) 국종환 기자 = 현대산업개발은 5일 경기도 용인시 수지구에 공급하는 \'수지 광교산 아이파크\'의 모델하우스를 열고 분양에 나선다고 밝혔다. 수지구 풍덕천동 산24-3 일대에 지어지는 이 단지는 지하 6층~지상8층 18개동 총 537가구(전용면적 59~84㎡)로 구성된다. 전용면적별로는 Δ59㎡ 48가구 Δ75㎡A 80가구 Δ75㎡B 37가구 Δ84㎡ 372가구 등 중소형 위주로 공급된다. 시니어주택으로 분양하기 때문에 청약통장이 없어도 만 60세 이상이면 청약할 수 있다. 또 거주지 제한이 없어 전국 어디에서나 청약 가능하며 분양권전매제한의 규제도 적용받지 않는다.단지 남측으로 약 20만㎡ 규모의 수지 생태공원이 위치해 있고 주출입구를 제외한 3면이 광교산 자락에 둘러싸여 있어 사계절 다른 숲조망을 감상 할 수 있다. 신분당선 수지구청역을 도보로 이용할 수 있다. 지하철을 이용하면 2호선·신분당선 강남역까지 약 24분이면 이동 가능하다. 용인 수지지구 남측으로는 광교시도시와 접해 있어 광교테크노밸리와 삼성전자산단 등으로 이동이 쉽고 북으로는 분당과 판교신도시가 마주해 판교테크노밸리 등으로 출퇴근도 용이하다.이마트와 CGV가 반경 1㎞내, 롯데마트는 반경 2㎞내에 있으며 신세계백화점 경기점은 차량으로 10분거리, 현대백화점 판교점은 분당선 수지구청역에서 지하철 3정거장(10분)이면 이동할 수 있다. 단지 내에는 텃밭으로 활용 할 수 있는 다목적 공간과 게스트하우스가 들어설 예정이다. 피트니스센터와 건강데스크, 멀티 프로그램실 등 커뮤니티시설도 다양하게 조성된다. 아이파크만의 노약자 안전확인서비스도 제공된다. 에너지 사용량을 모니터링해 입주민의 안전을 확인하고 화장실 사용 빈도와 주기를 기록해 이상정보를 감지한다.수지 광교산 아이파크의 모델하우스는 경기도 용인시 수지구 동천동 901번지(신분당선 동천역 2번 출구 앞)에 마련돼 있다.jhkuk@▶ \'평창2018\' 관련 뉴스·포토 보기▶ 네이버메인에 ‘뉴스1채널’ 설정하기!▶ 여러분의 제보를 기다립니다.제보하기![© 뉴스1코리아(news1.kr), 무단 전재 및 재배포 금지]뉴스1 관련뉴스해당 언론사에서 선정하며 언론사 페이지(아웃링크)로 이동해 볼 수 있습니다.영화 \'1987\' 1000만 돌파?…文대통령이 끌어줄까류현진 오늘 장가간다…배지현 아나운서와 백년가약조현병 30대 엄마, 자녀 2명과 아파트 투신""사람 죽여보고 싶다""…가위로 식당주인 찔러여교사 세워놓고 \'활 쏜\' 교감…승진 물거품좋아요0훈훈해요0슬퍼요0화나요0후속기사 원해요0기사제공 :']"
8,삼성전자, 2018-01-0510:40,연합뉴스 ,"삼성 가전CEO ""간편한 IoT 구현 위한 해결책 CES서 공유""",https://finance.naver.com/news/news_read.nhn?article_id=0009792786&office_id=001&mode=search&query=삼성전자&page=7,"['       삼성 가전CEO ""간편한 IoT 구현 위한 해결책 CES서 공유""      기사입력2018-01-05 10:40기사원문좋아요훈훈해요좋아요 평가하기공감좋아요0훈훈해요0슬퍼요0화나요0후속기사 원해요0댓글 김현석 대표이사, 인터넷 뉴스룸에 글 게재…신기술 공개 예고(서울=연합뉴스) 이승관 기자 = 삼성전자의 소비자가전(CE) 부문장인 김현석 사장은 5일 ""직관적이고 간편한 사물인터넷(IoT) 구현을 위해 찾은 해결책을 이번 CES에서 공유할 것""이라고 밝혔다.    김 사장은 이날 삼성전자 인터넷 뉴스룸에 올린 글을 통해 ""집에서, 직장에서 사용하는 다양한 전자기기가 설치 과정과 비밀번호, 사용법, 내부 인터페이스까지 차이가 있어 이를 하나로 연결하기는 쉽지 않다는 문제를 해결하기 위해 노력했다""면서 이같이 강조했다.    그러면서 ""이 기술로 모든 기기를 관리할 수 있는 \'통합 생태계\'를 형성함으로써 기기 간의 끊임없는 연결이 가능해진다""고 설명했다.    오는 9~12일 미국 라스베이거스에서 열리는 세계최대 가전전시회 \'CES 2018\'에 직접 참석하는 김 사장은 ""삼성전자의 신기술은 소비자들에게 개인화된 지능형 인터페이스를 제공한다""며 ""이를 통해 마치 전등의 스위치를 켜고 끄는 것처럼 간편하게 사물인터넷으로 연결된 세상의 효과를 누릴 수 있다""고 소개했다.    그는 ""지금까지 IT업계가 전한 \'연결된 세상의 구현\'이라는 약속은 일관성이 없고 제각각이었고, 소비자들은 IoT를 통해 연결된 기기의 제대로 된 효과를 확인하기 어려웠다""면서 ""하지만 앞으로 펼쳐질 세상은 지금까지와는 전혀 다른 모습일 것""이라고 전망했다.    그러면서 ""이번 CES 2018을 통해 삼성전자가 그리는 미래가 어떻게 현실이 되는지 소개할 수 있어 기쁘다""며 새로운 IoT 기술 공개를 예고했다.    humane@yna.co.kr▶기사제보 및 문의▶기자와 1:1 채팅\xa0\xa0▶최신 트렌드연합뉴스 관련뉴스해당 언론사에서 선정하며 언론사 페이지(아웃링크)로 이동해 볼 수 있습니다.\xa0압구정 아파트 경비원 94명 전원 해고…최저임금 인상탓?\xa0美 덮친 한파에 \'냉동\' 이구아나 속출…거북도 꽁꽁\xa0피겨선수의 \'위험한 다이어트\'…거식증에 평창 포기\xa0시민단체 경력 공무원 호봉 인정…한국당 ""재검토해야""\xa0동료 엽사가 쏜 총탄에 맞아 사망…""멧돼지로 착각""좋아요0훈훈해요0슬퍼요0화나요0후속기사 원해요0기사제공 :']"
9,삼성전자, 2018-01-0510:32,뉴시스 ,"예스티, 삼성전자에 62억 규모 제조설비 공급계약 체결",https://finance.naver.com/news/news_read.nhn?article_id=0008377695&office_id=003&mode=search&query=삼성전자&page=7,"[""       예스티, 삼성전자에 62억 규모 제조설비 공급계약 체결      기사입력2018-01-05 10:32기사원문좋아요훈훈해요좋아요 평가하기공감좋아요0훈훈해요0슬퍼요0화나요0후속기사 원해요0댓글 【서울=뉴시스】김형섭 기자 = 코스닥 상장사 예스티(122640)는 삼성전자와 61억6205만원 규모의 제조설비 공급계약을 체결했다고 5일 공시했다.이는 지난해 매출액 대비 11.69% 규모다. ephites@newsis.com▶ 뉴시스 빅데이터 MSI 주가시세표 바로가기 ▶ 네이버 채널에서 뉴시스를 구독해주세요뉴시스 관련뉴스해당 언론사에서 선정하며 언론사 페이지(아웃링크)로 이동해 볼 수 있습니다.[빅데이터MSI]5일 오전 주식시장 심리 7→7단계 '매우 좋음'5일 빅데이터 '핫 키워드'…매수·유지·기관·투자의견·시장시장심리 톱5…OCI·POSCO·롯데쇼핑·대우조선해양·현대차11월 경상수지 74.3억달러 흑자…여행수지 부진은 여전수출입은행, 본부장 4명 선임…경영진 세대교체좋아요0훈훈해요0슬퍼요0화나요0후속기사 원해요0기사제공 :""]"
10,삼성전자, 2018-01-0510:29,파이낸셜뉴스 ,롯데하이마트 최초 ‘온라인 오프라인 동시세일’ 연다,https://finance.naver.com/news/news_read.nhn?article_id=0003937475&office_id=014&mode=search&query=삼성전자&page=7,"['       롯데하이마트 최초 ‘온라인 오프라인 동시세일’ 연다      기사입력2018-01-05 10:29기사원문좋아요훈훈해요좋아요 평가하기공감좋아요0훈훈해요0슬퍼요0화나요0후속기사 원해요0댓글      직원들이 롯데하이마트 대치점에서 세일 상품을 소개하고 있다.    롯데하이마트는 5일부터 29일까지 \'온라인·오프라인 동시세일\'을 최초로 진행한다고 밝혔다. 전국 460여개 하이마트 오프라인 매장과 하이마트쇼핑몰을 통틀어 품목별 대표 인기 상품을 선정해 한정수량 특가에 판매하는 한편, 매주 행사상품을 선정해 초특가에 판매하는 ‘초특가 기획전’을 진행한다.  ‘2018 서프라이즈 특가전’에서는 하이마트 온·오프라인 매장의 인기 품목 10종을 선정해 한정수량 특가판매한다. 냉장고, 김치냉장고, TV, 세탁기, 청소기, 안마의자, 공기청정기, 전기밥솥, 전기레인지, 노트북 등 10가지 품목의 인기 상품을 제품에 따라 최대 15% 할인판매한다. 삼성전자의 공기청정기(60㎡)를 57만9000원에, 바디프랜드 안마의자를 299만원에 판매한다. 또 다이슨 무선청소기를 79만9000원에, 삼성전자의 의류건조기(9kg)를 89만원에 판다.  매주 금요일부터 그 다음주 목요일까지 진행되는 초특가전에서는 면도기, 온수매트, 블루투스스피커, 블루투스이어폰, 전기밥솥, 미니믹서, 핸드블렌더 등 다양한 행사 상품을 제품에 따라 최대 60% 할인판매한다. 행사는 첫째 주부터 셋째주까지 지속되며, 주차별로 행사상품은 달라진다.  ‘옴니 슈퍼스타 상품전’도 진행한다. 지난 한해동안 판매된 옴니세일즈 상품 가운데 가장 많은 사랑을 받은 가전을 150억원 물량으로 모아 선보인다. 전기밥솥, 전기레인지 등 주방가전에서부터 미러리스, 노트북 등 IT기기와 김치냉장고, 냉장고, TV, 드럼세탁기, 일반세탁기 등 대형가전에 이르기까지 총 60여종을 특가에 판매한다.  다양한 경품 이벤트도 진행한다. 2018년 무술년을 맞아 총 1억원 규모의 ‘황금 강아지 골드바 경품 행사’를 진행한다. 31일까지 하이마트 매장을 방문해 응모권을 작성하거나 하이마트쇼핑몰 이벤트 페이지에서 응모한 모든 고객을 대상으로 2018명을 추첨해 총 1억원 규모의 ‘황금 강아지 골드바 경품 행사’를 진행한다. 1등부터 3등까지 황금 강아지가 새겨진 골드바를 증정한다. 1등(1명)에게는 100돈을, 2등(2명)에게는 50돈을, 3등(10명)에게는 20돈을 준다.  롯데하이마트 문주석 마케팅부문장은 “이번 ‘온라인·오프라인 동시세일’에서는 구매 성향이 다른 온라인, 오프라인 고객 모두의 만족도를 높일 수 있도록 가격, 혜택 등 각각의 장점을 통합해 다양한 혜택을 마련했다“며 “시간과 공간에 구애 받지 않는 다양한 이벤트와 기획전을 마련한 만큼, 구매를 계획한 소비자들에게 좋은 기회가 될 것”이라고 말했다. padet80@fnnews.com 박신영 기자   ▶ 세상의 모든 골 때리는 이야기 \'fn파스\'▶ 속보이는 연예뉴스 fn스타  ※ 저작권자 ⓒ  파이낸셜뉴스. 무단 전재-재배포 금지파이낸셜뉴스 관련뉴스해당 언론사에서 선정하며 언론사 페이지(아웃링크)로 이동해 볼 수 있습니다.먹다보니, 지방간.. 당뇨 등 만성질환자 더 위험새해 통신비 절감 원한다면...이것만은 체크해보세요2018년 4대기업 운세는? 재미로 보는 \'기업 토정비결\'\'청와대 오역 논란\' 확인해보니…""청와대 해석 맞다"" 더디플로맷유방암 진단받고 가슴절제했는데...알고보니 오진좋아요0훈훈해요0슬퍼요0화나요0후속기사 원해요0기사제공 :']"
11,삼성전자, 2018-01-0510:28,한국경제TV ,[특징주]계절적 성수기 진입 ... 매출 증가 전망,https://finance.naver.com/news/news_read.nhn?article_id=0000589989&office_id=215&mode=search&query=삼성전자&page=7,"['       [특징주]계절적 성수기 진입 ... 매출 증가 전망      기사입력2018-01-05 10:28기사원문좋아요훈훈해요좋아요 평가하기공감좋아요0훈훈해요0슬퍼요0화나요0후속기사 원해요0댓글[한국경제TV 이가은 기자]유머니탭을 통해 현재시각 특징주들을 확인해보는 시간입니다.강보합 출발한 시장이 상승폭를 확대하면서 기분 좋은 빨간불을 켜고 있습니다.강세를 이어가고 있는 상황에서 현재 눈에 띄는 업종과 종목들은 어떤 것들이 있을까요?먼저 오늘 장에선 어떤 업종이 강셀보이는지 업종상위 함께 체크해보시죠.의약품업종이 갈하게 올라오네요.외국인 투자자들의 대규모 매수세가 주가를 이끌고 있습니다.삼성전자와 SK하이닉스의 강세와 함께 전기전자 업종도 강셀 보여주고 있습니다.코스피 시총상위주들의 상황부터 확인해보겠습니다.기관의 매도에 삼성전자가 전 일 조정받았었죠. 오늘 다시금 반등해주고 있습니다.인텔을 제치고 글로벌 반도체 시장에서 1위자리를 탈환했다는 뉴스가 호재로 작용하는 모습입니다.현대차는 지난해 기대치에 못 미친 판매와 환율하락으로 4분기 실적이 예상칠 밑돌 것이란 전망이 나왔습니다. 2018년에도 주가가 단기 횡보할 것이란 증권사의 분석입니다.전 거래일 긍정적인 증권사 리포트에 강셀 연출한 네이버, 오늘은 차익실현 매물이 출회되는 모습입니다.시장상승과 함께 kb금융, 삼성생명, 신한지주와 같이 대형 금융주들 동반해서 올라주고 있습니다.LG전자가 계절적 성수기에 진입했단 분석과 함께 상승셉니다.이번엔 1%대 강셀 연출중인 코스닥 시총상위주들도 체크해보죠.바이오 상승장이 지속되고 있죠. 정부가 올해 신약개발과 헬스케어와 같은 분야에 약 3500억 원을 투자한다는 소식도 긍정적으로 작용하는 모습입니다.먼저 시총 30조원을 돌파한 셀트리온이 코스피 이전 상장을 앞둔데다 허쥬마의 유럽출시 기대감이 주가를 견인하고 있습니다.전 일 10대 급락셀 보인 신라젠. 최대주주의 장내매도 소식이 전해지면서 조정폭이 컸습니다. 오늘은 장중 상승전환에 성공했습니다.보톡스관련주, 메디톡스와 휴젤이 동반해서 반등하는 움직임입니다.이어지는 호재에 고공행진하던 펄어비스가 조정셉니다. 웹젠, 게임빌, 컴투스 모두 하락폭을 키우는 모습입니다.엔씨소프트는 공매도 의혹과 관련해 검찰에 고발당한것으로 알려지면서 조정셀 보이고 잇다는 점도 알아두시기 바랍니다.에이치엘비가 표적항암제 \'아파티닙\'이 새로운 국제공식 명칭인 \'리보세라닙\'으로 확정 등록됐다고 밝혔죠. 전 거래일 급등하며 신고갈 기록하고 오늘도 상승세를 이어갑니다.상승률 상위를 살펴볼까요.인적분할을 마치고 지주사를 설립한 SK디스커버리가 재상장하면서 급등셉니다. 반면 SK케미칼은 급락하고 있습니다.한화는 한화건설의 가치 재평가와 방산산업 실적호조로 주가 상승이 기대되는 모습입니다.락앤락 역시 올해 동남아법인 고성장으로 인한 실적 성장 전망에 상승중입니다.지금까지 유머니탭을 통해 현재시각 특징주들을 확인해봤습니다.이가은기자 ⓒ 한국경제TV, 무단 전재 및 재배포 금지한국경제TV 관련뉴스해당 언론사에서 선정하며 언론사 페이지(아웃링크)로 이동해 볼 수 있습니다.\'한끼줍쇼\' 김병만, 대인기피증 고백? ""\'정글의 법칙\' 후유증""인생술집 김이나, 아이유와 무슨 일?…""불편하다""황정음, 출산 후 물오른 미모 공개…""사진 속 남편 손인가요?""해피투게더3 거미, 송중기가 명품백 선물한 사연낸시랭 ""올해 한국 떠날 것, 다른 나라서 인생 2막""좋아요0훈훈해요0슬퍼요0화나요0후속기사 원해요0기사제공 :']"
12,삼성전자, 2018-01-0510:28,이데일리 ,롯데하이마트 ‘온오프라인 동시세일’ 진행,https://finance.naver.com/news/news_read.nhn?article_id=0004005845&office_id=018&mode=search&query=삼성전자&page=7,"[""       롯데하이마트 ‘온오프라인 동시세일’ 진행      기사입력2018-01-05 10:28기사원문좋아요훈훈해요좋아요 평가하기공감좋아요0훈훈해요0슬퍼요0화나요0후속기사 원해요0댓글- 2018 서프라이즈 특가전, 최대 60% 할인(사진=롯데하이마트)[이데일리 강신우 기자] 롯데하이마트는 오는 29일까지 ‘온라인·오프라인 동시세일’을 진행한다고 5일 밝혔다. 전국 460여개 하이마트 오프라인 매장과 하이마트쇼핑몰을 통틀어 품목별 대표 인기 상품을 선정해 한정수량을 특가에 팔고 매주 행사상품을 선정해 초특가에 판매하는 ‘초특가 기획전’을 진행한다. 또 옴니세일즈 대표 인기 상품이나 하이마트 단독상품을 기획가에 선보인다. 총 1억원 규모의 ‘황금 강아지 골드바 경품 행사’도 진행한다.‘2018 서프라이즈 특가전’에서는 하이마트 온·오프라인 매장의 인기 품목 10종을 선정해 한정수량 특가판매한다. 냉장고, 김치냉장고, TV, 세탁기, 청소기, 안마의자, 공기청정기, 전기밥솥, 전기레인지, 노트북 등 10가지 품목의 인기 상품을 제품에 따라 최대 15% 할인판매한다. 삼성전자의 공기청정기(60㎡)를 57만9000원에, 바디프랜드 안마의자를 299만원에 판매한다. 또 다이슨 무선청소기를 79만9000원에, 삼성전자의 의류건조기(9kg)를 89만원에 판다.  ‘초특가전’도 진행한다. 매주 금요일부터 그 다음주 목요일까지 진행된다. 면도기, 온수매트, 블루투스스피커, 블루투스이어폰, 전기밥솥, 미니믹서, 핸드블렌더 등 다양한 행사 상품을 제품에 따라 최대 60% 할인판매한다. 행사는 첫째 주부터 셋째주까지 지속되며, 주차별로 행사상품은 달라진다. 행사 첫째 주인 5일부터 11일까지는 위니아 공기청정 에어워셔를 39만9000원에 판매한다.  ‘옴니 슈퍼스타 상품전’도 진행한다. 지난 한해동안 판매된 옴니세일즈 상품 가운데 가장 많은 사랑을 받은 가전을 150억원 물량으로 모아 선보인다. 전기밥솥, 전기레인지 등 주방가전에서부터 미러리스, 노트북 등 IT기기와 김치냉장고, 냉장고, TV, 드럼세탁기, 일반세탁기 등 대형가전에 이르기까지 총 60여종을 특가에 판매한다. 총 1억원 규모의 ‘황금 강아지 골드바 경품 행사’도 진행한다. 오는 31일까지 하이마트 매장을 방문해 응모권을 작성하거나 하이마트쇼핑몰 이벤트 페이지에서 응모한 모든 고객을 대상으로 2018명을 추첨해 총 1억원 규모의 ‘황금 강아지 골드바 경품 행사’를 진행한다. 1등부터 3등까지 황금 강아지가 새겨진 골드바를 증정한다. 1등(1명)에게는 100돈을, 2등(2명)에게는 50돈을, 3등(10명)에게는 20돈을 준다. 4등(500명)과 5등(1505명)에게는 각각 롯데리아 상품권(1만원권), 엔제리너스 상품권(5000원권)을 준다.강신우 (yeswhy@edaily.co.kr)▶네이버 채널에서 ‘이데일리’를 구독해주세요▶[페이스북] 보러가기~ ▶[카카오톡] 플친 맺기~♥＜ⓒ종합 경제정보 미디어 이데일리 - 무단전재 & 재배포 금지＞이데일리 관련뉴스해당 언론사에서 선정하며 언론사 페이지(아웃링크)로 이동해 볼 수 있습니다.난 월 9만원 내고 압구정 50평 아파트에 산다文정부, 제식구 챙기려 공무원 호봉제 바꿨다'KBS 정상화' 원한다는 정우성 배우 이전에 수신료 내는 시청자박근혜 임기중 12억 재산증식 비법은?…'국고의 사유화''선플賞' 김종석, 시민에게 보낸 'ㅅㄱㅂㅊ'의 뜻은?좋아요0훈훈해요0슬퍼요0화나요0후속기사 원해요0기사제공 :""]"
13,삼성전자, 2018-01-0510:28,전자신문 ,"[ET투자뉴스]예스티(122640) 수주ㆍ공급계약 - ""삼성전자 주식회사과 ...",https://finance.naver.com/news/news_read.nhn?article_id=0002672209&office_id=030&mode=search&query=삼성전자&page=7,"['       [ET투자뉴스]예스티(122640) 수주ㆍ공급계약 - ""삼성전자 주식회사과 ...      기사입력2018-01-05 10:28기사원문좋아요훈훈해요좋아요 평가하기공감좋아요0훈훈해요0슬퍼요0화나요0후속기사 원해요0댓글 예스티(122640)는 제조설비에 관한 단일판매ㆍ공급계약체결을  5일에 공시했다.  해당공시의 주요내용은 다음과 같다.   -. 계약명 : 제조설비    -. 계약상대방 : 삼성전자 주식회사   -. 판매 및 공급지역 : 대한민국   -. 계약금액 : 61.6억원   -. 회사의 최근매출액 : 527.1억원   -. 매출액 대비 비중(%) : 11.69%   -. 계약기간 : 2018년 1월3일 ~ 2018년 6월30일(계약기간 총 178일)   -. 계약(수주)일자 : 2018년 01월 4일증시분석 전문기자 로봇 ET etbot@etnews.com전자신문과 씽크풀의 증시분석 전문기자 로봇 ET가 쓴 기사입니다▶ 전자신문 인기 포스트▶ 전자신문 공식 페이스북▶ 전자신문 바로가기 [Copyright ⓒ 전자신문 & 전자신문인터넷, 무단전재 및 재배포 금지]전자신문 관련뉴스해당 언론사에서 선정하며 언론사 페이지(아웃링크)로 이동해 볼 수 있습니다.아이폰 배터리 교체비용은···삼성전자·LG전자·화웨이보다 갑절 비싸[단독]삼성전자, CES2018에서 자율주행차 종합 솔루션 공개서울지하철, ETRI 개발 MHN 기술로 기가와이파이 구현한다규제에 막힌 로봇산업...한국GM, 부평공장 내 협동로봇 철수현대차, 美 오로라와 자율주행 손잡는다…2021년 레벨4 상용화좋아요0훈훈해요0슬퍼요0화나요0후속기사 원해요0기사제공 :']"
14,삼성전자, 2018-01-0510:28,뉴스1 ,[CES 2018]글로벌 IT·車 거물 출격…포드·인텔·화웨이에 펩시까지,https://finance.naver.com/news/news_read.nhn?article_id=0003134149&office_id=421&mode=search&query=삼성전자&page=7,"[""       [CES 2018]글로벌 IT·車 거물 출격…포드·인텔·화웨이에 펩시까지      기사입력2018-01-05 10:28기사원문좋아요훈훈해요좋아요 평가하기공감좋아요0훈훈해요0슬퍼요0화나요0후속기사 원해요0댓글© News1 방은영 디자이너AI와 자율주행차, 5G 등 화려한 기조연설삼성전자 신임 부문장 3명 등 사장단 CES행(서울=뉴스1) 장은지 기자 = 글로벌 IT·자동차업계 거물들이 오는 9일부터 나흘간 미국 라스베이거스에서 열리는 세계 최대 전자쇼 'CES 2018'에 집결한다. 'CES 2018'은 라스베이거스 컨벤션센터(LVCC)와 샌즈엑스포 등 축구장(7140㎡) 33개를 합친 것보다 넓은 24만㎡규모에 전 세계 150개 국가에서 4000개 기업, 17만명이 참가하는 세계 최대 전시다. '스마트 시티(smart city)'를 주제로 하는 올해 CES에서는 더욱 화려해진 미래기술의 향연이 펼쳐진다. 올해도 인공지능(AI)을 적용한 IT제품과 자동차 기술이 전면에 선다. TV·냉장고 같은 전통적 가전제품부터 스마트폰·웨어러블 등 모바일 기기, 커넥티드카를 지향하는 자동차까지 모든 기기가 연결되는 스마트도시의 미래를 그린다. 기존의 스마트 기술이 집 안과 도로 위에만 머물렀다면, 이제는 도시 전체를 움직이는 중심 인프라가 되는 미래를 선사한다. CES에서 전자와 자동차, 헬스케어, 패션, 항공, 통신, 유통, 미디어, 여행, 라이프스타일 등 산업간 경계는 이미 허물어졌다. 이를 반영하듯 올해 CES의 기조연설도 반도체와 자동차, 통신, 미디어 등을 망라한다.개막 전날인 8일 첫 주자로 인텔의 브라이언 크르자니크 최고경영자(CEO)가 기조연설에 나선다. 그는 인텔의 반도체 혁신이 만들어낼 미래상을 제시한다. 개막일인 9일에는 미국의 대표적 자동차기업 포드의 짐 해켓 CEO가 스마트도시에서의 자율주행차의 비전을 공유한다. 세계 1위 통신장비업체인 중국 화웨이의 리처드 유 CEO도 무대에 오른다. 10일에는 마이크로소프트(MS)에서 AI 전문가로 이름을 날렸던 중국 1위 인터넷 기업 '바이두'의 루치 부회장이 5G(5세대) 통신과 결합한 자율주행차, 헬스케어, 인공지능 등 스마트도시의 핵심 포인트를 짚는다. 크리스티아노 아몬 퀄컴 테크놀로지 총괄부사장도 '5G가 어떻게 미래를 가능하게 하는가'라는 주제로 비전을 제시한다.콘텐츠 업계를 대표해 유튜브의 로버트 카인클 대표, 동영상 전문 사이트 훌루(Hulu)의 랜디 프리어 CEO 등이 연사 명단에 올랐다. A&E네트워크의 CEO인 낸시 뒤뷰그를 비롯해 컴캐스트 케이블의 마르시엔 젠키스 부사장, 음료업체 펩시의 크리스틴 패트릭 수석부사장, 타임워너의 자회사 터너의 존 마틴 CEO 등도 연사로 등장한다. 이외에도 자율주행차와 헬스케어 등에서 글로벌 전문가들이 전문세션을 통해 의견을 교환한다. 다니엘 스킬라치 닛산 부사장, 야-친 장(Ya-Qin Zhang) 바이두 사장, 브리짓 칼린 IBM 글로벌테크놀로지서비스 CTO(최고기술책임자), 베스 스미스 IBM의 왓슨 AI 총괄실장 등이 나선다.© News1 최진모 디자이너국내에서는 새 진용을 갖춘 삼성전자 사장단이 출격한다. 소비자가전(CE) 부문을 총괄하는 김현석 사장, 반도체부품(DS) 부문의 김기남 사장, IT모바일(IM) 부문의 고동진 사장이 나란히 참석한다. 새로 TV사업부를 맡게 된 한종희 사장과 생활가전 사업을 책임지게 된 강봉구 부사장도 글로벌 미디어 앞에서 데뷔무대를 갖는다. 이동훈 삼성디스플레이 사장과 이윤태 삼성전기 사장 역시 CES 기간 고객사들과 만난다.LG전자에서는 조성진 부회장을 필두로 송대현 H&A(가전)사업본부장, 권봉석 HE(TV)사업본부장, 이우종 VC(자동차부품)사업본부장, 황정환 MC(모바일)사업본부장 등이 참석한다. 조 부회장과 송 본부장, 권 본부장은 현지에서 기자간담회가 예정돼 있다. 지난해 CES에 참석했던 구본준 LG 부회장도 참석할 가능성이 높다. LG디스플레이 한상범 부회장과 강인병 최고기술책임자(CTO)도 기자들과 만나 올해 사업계획을 공유한다. 박성욱 SK하이닉스 부회장도 전년처럼 CES 전시회장을 찾아 IT업계 동향을 파악하고 파트너기업들과 미팅을 가질 계획이다.통신업계에서는 박정호 SK텔레콤 사장이 지난해에 이어 CES 현장을 찾을 예정이다. 자동차업계에서는 정의선 현대자동차 부회장이 참석한다. 양웅철 현대차 부회장과 미국 자율주행 전문기업인 오로라의 크리스 엄슨 CEO는 CES 현지서 자율주행기술 공동 프로젝트 계획을 발표한다. 두 회사는 적합한 스마트시티를 선정해 자율주행 기술 검증 및 시험에 착수한다는 계획이다. 양사가 협업해 개발한 자율주행 기술은 현대차 차세대 수소전기차에 우선 적용된다.seeit@▶ '평창2018' 관련 뉴스·포토 보기▶ 네이버메인에 ‘뉴스1채널’ 설정하기!▶ 여러분의 제보를 기다립니다.제보하기![© 뉴스1코리아(news1.kr), 무단 전재 및 재배포 금지]뉴스1 관련뉴스해당 언론사에서 선정하며 언론사 페이지(아웃링크)로 이동해 볼 수 있습니다.[단독] 티아라 효민, 언론사 대표와 열애 중영화 '1987' 1000만 돌파?…文대통령이 끌어줄까한밤 아파트 침입 주인 부부와 나체로 몸싸움허위진술 거부에 앙심…오토바이 4대에 방화조현병 30대 엄마, 자녀 2명과 아파트 투신좋아요0훈훈해요0슬퍼요0화나요0후속기사 원해요0기사제공 :""]"
15,삼성전자, 2018-01-0510:27,연합뉴스 ,"돌아온 기관 매수세…코스피 장중 2,480선 회복(종합)",https://finance.naver.com/news/news_read.nhn?article_id=0009792749&office_id=001&mode=search&query=삼성전자&page=7,"['       돌아온 기관 매수세…코스피 장중 2,480선 회복(종합)      기사입력2018-01-05 10:27기사원문좋아요훈훈해요좋아요 평가하기공감좋아요0훈훈해요0슬퍼요0화나요0후속기사 원해요0댓글코스피 상승 (PG)  [제작 조혜인]코스닥도 반등…820선 탈환 시도 (서울=연합뉴스) 전명훈 기자 = 전날 주춤한 코스피·코스닥지수가 상승세를 회복했다.    5일 오전 10시 20분 현재 코스피는 전 거래일보다 13.22포인트(0.54%) 오른 2,479.38을 가리키고 있다.     지수는 전날보다 10.39포인트(0.42%) 오른 2,476.85로 장을 출발한 뒤 2,480선 을 넘나들면서 추가 상승 동력을 찾고 있다.     지난밤 뉴욕증시에서는 주요 3대 지수가 사상 최고치 기록을 재차 경신했다.    다우존스 산업평균지수는 25,075.13으로 마감해 사상 처음 25,000선을 넘어섰다.    스탠더드 앤드 푸어스(S&P) 500 지수도 0.93포인트(0.4%) 오른 2,723.99에 마감하며 또다시 역대 최고치를 갈아치웠고, 이틀 전 7,000선에 안착했던 기술주 중심의 나스닥지수는 12.38포인트(0.18%) 오르면서 7,077.91까지 고점을 높였다.    이날 유가증권시장에서 외국인은 42억원어치를 순매도하고 있다. 외국인의 팔자세는 5거래일 만이다. 개인도 475억원어치 매도 우위다.    전날 대규모 순매도로 지수를 내리누르던 기관이 이날은 홀로 448억원어치 순매수로 지수 상승을 이끌고 있다.     시가총액 1·2위인 삼성전자(0.82%)와 SK하이닉스(2.20%)는 동반 상승세다.    포스코(0.27%), LG화학(1.14%), KB금융(1.27%), 삼성바이오로직스(0.52%), 삼성생명(0.41%) 등도 함께 오르고 있다.코스피는 상승, 원-달러 환율은 하락 출발(서울=연합뉴스) 홍해인 기자 = 5일 오전 서울 을지로 KEB하나은행 딜링룸의 전광판에 상승세를 보이는 코스피 지수와 하락세를 나타내는 원-달러 환율이 표시되고 있다.     hihong@yna.co.kr    반면 현대차(-0.34%), NAVER(-0.45%), 삼성물산(-0.39%), 현대모비스(-0.81%) 등은 약세다.    업종별로는 통신업(1.19%), 전기전자(1.15%) 등이 1% 이상 상승하고 있다.     의약품(0.94%), 화학(0.91%), 제조업(0.75%), 섬유의복(0.73%), 철강금속(0.47%), 기계(0.39%), 금융업(0.32%) 등도 강세다.    운수창고(-0.63%), 음식료품(-0.57%), 서비스업(-0.45%), 전기가스업(-0.45%), 건설업(-0.40%) 등은 하락 중이다.    코스닥도 하루 만에 상승 전환했다.      코스닥지수는 전 거래일보다 8.12포인트(1.00%) 오른 816.13을 가리키고 있다.    전날보다 4.04포인트(0.50%) 오른 812.05로 출발한 코스닥지수는 제약·바이오 업종 대표주의 상승세를 바탕으로 820선 탈환을 시도하고 있다.    시총 상위주 가운데 셀트리온(2.60%), 신라젠(1.19%), 펄어비스(4.72%), 메디톡스(0.83%), 바이로메드(0.67%), 휴젤(1.82%), 포스코켐텍(4.62%), 코미팜(0.69%) 등이 강세다.    id@yna.co.kr▶기사제보 및 문의▶기자와 1:1 채팅\xa0\xa0▶최신 트렌드연합뉴스 관련뉴스해당 언론사에서 선정하며 언론사 페이지(아웃링크)로 이동해 볼 수 있습니다.\xa0압구정 아파트 경비원 94명 전원 해고…최저임금 인상탓?\xa0피겨선수의 \'위험한 다이어트\'…거식증에 평창 포기\xa0""\'제주 호텔 먹튀\' 논란 JYJ 김준수, 38억원 물어내""\xa0세계적 담배회사 필립모리스의 새해결심은 \'금연\'\xa0동료 엽사가 쏜 총탄에 맞아 사망…""멧돼지로 착각""좋아요0훈훈해요0슬퍼요0화나요0후속기사 원해요0기사제공 :']"
16,삼성전자, 2018-01-0510:24,뉴시스 ,"SK텔레콤, 갤럭시A8 출시…출고가 59만9500원",https://finance.naver.com/news/news_read.nhn?article_id=0008377660&office_id=003&mode=search&query=삼성전자&page=7,"['       SK텔레콤, 갤럭시A8 출시…출고가 59만9500원      기사입력2018-01-05 10:24기사원문좋아요훈훈해요좋아요 평가하기공감좋아요0훈훈해요0슬퍼요0화나요0후속기사 원해요0댓글【서울=뉴시스】오동현 기자 = 갤럭시A 시리즈의 최신작이 SK텔레콤을 통해 출시된다.  SK텔레콤은 5일부터 출고가는 59만9500원에 갤럭시A8(2018)을 판매한다고 밝혔다.  삼성전자의 중가 스마트폰 라인업인 갤럭시A 시리즈는 앞서 SK텔레콤 전용폰으로 다수 출시된 바 있다.  SK텔레콤이 과거 갤럭시A 시리즈 구매 연령층을 분석한 결과, 40~50대 중장년층 고객 비율(46%)이 절반에 달했으며, 10대 청소년층 고객 비율(14%)은 스마트폰 주 사용 연령층인 20대(8%)∙30대(12%)보다도 더 높은 것으로 나타났다. 합리적인 가격으로 대화면과 프리미엄급 성능을 누릴 수 있다는 점이 중장년층과 청소년층을 사로잡았다는 분석이다. 갤럭시A8은 갤럭시 스마트폰 최초로 전면 듀얼 카메라를 적용해 전문가처럼 ‘셀카’를 찍을 수 있다. 또한 프리미엄 스마트폰인 갤럭시S8, 갤럭시노트8와 같이 베젤을 최소화한 ‘인피니티 디스플레이’를 탑재해 높은 몰입감을 선사한다. 결제 서비스 ‘삼성페이’, 안면인식과 지문인식 기능, 인공지능 비서 ‘빅스비 비전’ 등 프리미엄급 성능도 두루 갖췄다. 색상은 블랙, 블루, 골드 3종이다. odong85@newsis.com▶ 뉴시스 빅데이터 MSI 주가시세표 바로가기 ▶ 네이버 채널에서 뉴시스를 구독해주세요뉴시스 관련뉴스해당 언론사에서 선정하며 언론사 페이지(아웃링크)로 이동해 볼 수 있습니다.골목길 8천만원 뭉칫돈 주인 ""화나서 버려…안 돌려줘도 돼""이별통보 앙심…전 남친 성폭행범 무고 40대女 \'집유\'""장수 연애 비결, 일주일에 2번만 만나라""트럼프 ""남북대화 좋은 결과 희망…文대통령 100% 지지""삼성, 인텔 누르고 세계 최대 반도체 메이커 등극좋아요0훈훈해요0슬퍼요0화나요0후속기사 원해요0기사제공 :']"
17,삼성전자, 2018-01-0510:23,머니투데이 ,"예스티, 61억 규모 제조설비 공급계약 체결",https://finance.naver.com/news/news_read.nhn?article_id=0003988765&office_id=008&mode=search&query=삼성전자&page=7,"['       예스티, 61억 규모 제조설비 공급계약 체결      기사입력2018-01-05 10:23기사원문좋아요훈훈해요좋아요 평가하기공감좋아요0훈훈해요0슬퍼요0화나요0후속기사 원해요0댓글 [머니투데이 진경진 기자] 예스티는 삼성전자와 61억6200만원 규모의 제조설비 공급계약을 체결했다고 5일 공시했다. 이는 최근 매출액 대비 11.69%에 해당한다.▶돌아본 2017 \'10대 키워드\'▶무료 만화 보고 선물도 받고~ ▶치어리더 vs 레이싱걸 진경진 기자 jkjin@mt.co.kr 머니투데이 관련뉴스해당 언론사에서 선정하며 언론사 페이지(아웃링크)로 이동해 볼 수 있습니다.\'꼬북칩 2300만봉\' 대박..오리온, 개발주역들에 포상2018년 공무원 봉급표… \'1급 공무원\' 월급은?현대차 노조, 새해 벽두부터 파업[친절한 판례氏]""내연남이 또 바람 피웠어요"" 위자료 받을 수 있나코스닥 1000도 거뜬? 연기금 매집 종목은좋아요0훈훈해요0슬퍼요0화나요0후속기사 원해요0기사제공 :']"
18,삼성전자, 2018-01-0510:22,이데일리 ,"""낸드, 내년부터 '공급 과잉' 가능성""",https://finance.naver.com/news/news_read.nhn?article_id=0004005828&office_id=018&mode=search&query=삼성전자&page=7,"['       ""낸드, 내년부터 \'공급 과잉\' 가능성""      기사입력2018-01-05 10:22기사원문좋아요훈훈해요좋아요 평가하기공감좋아요0훈훈해요0슬퍼요0화나요0후속기사 원해요0댓글- 주요 낸드업체들, 잇따른 공장 증설[이데일리 윤종성 기자] 주요 낸드플래시 업체들의 잇따른 공장 증설로 내년에는 공급 초과 현상이 나타날 수 있다는 전망이 나왔다.5일 시장조사기관인 D램익스체인지에 따르면 삼성전자(005930)와 도시바, 인텔, 양쯔 메모리테크놀로지 코퍼레이션(YMTC) 등 주요 낸드 제조사들의 생산능력 확대로 2019년 공급 과잉이 야기될 것으로 예상됐다. 지난해 도시바 메모리 매각을 두고 웨스턴 디지털(WD)과 법적 분쟁을 벌였던 도시바는 오는 2029년까지 WD와의 합작투자를 연장하는 계약 체결 후 ‘팹 7’ 건설 계획을 발표했다.이와테(岩手)현 기타카미(北上)에 들어서는 ‘팹7’은 2019년 하반기 양산에 들어가 3D 낸드 등을 생산할 것으로 보인다.우한(武漢) 둥후(東湖) 첨단기술개발구에 들어설 YMTC의 새 공장은 올해 하반기 가동에 들어갈 예정이다. YMTC는 32단 3D 낸드를 초기에 양산할 예정이지만, 경쟁사와의 격차를 줄이기 위해 곧바로 64단 낸드 제품 양산도 준비할 예정이다. 인텔은 급증하는 서버용 SSD(솔리드 스테이트 드라이브) 수요에 발맞춰 올해 말까지 중국 다롄 공장의 3D 낸드플래시 생산능력을 2배로 증설할 계획이다. 이와 함께 삼성전자는 중국 시안의 낸드플래시 공장을 확장하고, SK하이닉스의 신공장인 청주 M15도 내년 가동에 들어간다. D램익스체인지는 “이 같은 주요 낸드 업체들의 공급 확대로 인해 2019에는 3D 낸드 시장이 초과 공급될 가능성이 있다”면서 “ 2D 낸드의 경우 시장에서 비중이 작아져 일부 틈새 시장만 남게 될 것”이라고 전망했다. 자료= D램익스체인지윤종성 (jsyoon@edaily.co.kr)▶네이버 채널에서 ‘이데일리’를 구독해주세요▶[페이스북] 보러가기~ ▶[카카오톡] 플친 맺기~♥＜ⓒ종합 경제정보 미디어 이데일리 - 무단전재 & 재배포 금지＞이데일리 관련뉴스해당 언론사에서 선정하며 언론사 페이지(아웃링크)로 이동해 볼 수 있습니다.난 월 9만원 내고 압구정 50평 아파트에 산다文정부, 제식구 챙기려 공무원 호봉제 바꿨다\'KBS 정상화\' 원한다는 정우성 배우 이전에 수신료 내는 시청자박근혜 임기중 12억 재산증식 비법은?…\'국고의 사유화\'\'선플賞\' 김종석, 시민에게 보낸 \'ㅅㄱㅂㅊ\'의 뜻은?좋아요0훈훈해요0슬퍼요0화나요0후속기사 원해요0기사제공 :']"
19,삼성전자, 2018-01-0510:18,헤럴드경제 ,돌아온 외인?…韓 증시 매수 행렬,https://finance.naver.com/news/news_read.nhn?article_id=0001336903&office_id=016&mode=search&query=삼성전자&page=7,"['       돌아온 외인?…韓 증시 매수 행렬      기사입력2018-01-05 10:18기사원문좋아요훈훈해요좋아요 평가하기공감좋아요0훈훈해요0슬퍼요0화나요0후속기사 원해요0댓글 [헤럴드경제=김현일ㆍ최준선 기자] 지난해 말 ‘팔자’에 치중했던 외국인 투자자들이 새해 들어 다시 매수에 집중하고 있다.5일 와이즈에프앤에 따르면 외국인은 지난해 12월28일부터 이달 4일까지 4거래일 연속 ‘사자’ 우위를 보이며 유가증권(코스피) 및 코스닥 시장에서 모두 1조2728억 원어치의 주식을 순매수했다. 국내 기관투자자들이 같은 기간 1조8519억 원어치 순매도한 것과 대비된다.매수 타깃 종목은 코스피와 코스닥의 ‘대장주’였다. 셀트리온(순매수 금액 1730억원)과 POSCO(1634억원), 삼성전자(1609억원)를 대거 사모았다. 덕분에 셀트리온과 POSCO는 이 기간 각각 13.07%, 10.52% 올랐다.\xa0연초 외국인의 이같은 매수 행렬은 한국 증시에 대한 저평가 인시과 원화 강세가 맞물린 결과로 파악된다. 1월 주가상승률이 다른 달보다 높은 이른바 ‘1월 효과’도 작용한 것으로 보인다.전문가들은 달러가 강세에서 약세로 전환되면서 외국인 자금이 유입되는 현재의 흐름이 일정 기간 유지될 것으로 보고 있다.이경민 대신증권 연구원은 “외국인들이 연초 새로운 포트폴리오를 구성하는 차원에서 다른 종목을 바구니에 담고 있다”며 “4분기 실적 불확실성이 우려되지만 원달러 환율이 떨어지고 있어 당분간 외국인들의 순매수 우위가 이어질 것으로 보인다”고 말했다.정부가 다음주 발표를 예고한 코스닥 시장 활성화 방안에 대한 기대감도 반영된 것이란 분석이 있다.류용석 KB증권 연구원은 “코스닥 우호 정책이 언급된 작년 11월 중순부터 외국인들이 코스닥 종목을 계속 사들이고 있다”며 “정책 발표를 전후로 이같은 흐름이 유지될 것”으로 내다봤다.반면 외국인들은 새해 개장 이후 전날까지 선물시장에서 3거래일 연속 매도에 나섰다. 이에 비춰 외국인들이 매수로 돌아섰다고 섣불리 단정하기 어렵다는 의견도 있다. 오는 3월 예정된 미국 연방공개시장위원회(FOMC) 회의도 변수로 꼽힌다. 골드만삭스는 미국 연방준비제도가 3월 회의에서 금리를 인상할 가능성을 75%로 보고 있다. 이 시기를 전후로 달러가 다시 강세로 돌아설 수 있다는 전망이 나온다.류용석 연구원은 “FOMC에서 미국 금리가 인상될 가능성이 상당히 높아지고 있다. FOMC 영향을 받는다면 2월 중순 이후나 3월 초부터 달러가 강할 수 있다”며 “현재의 외국인 매수 흐름은 2월까지 기대해볼 수 있다”고 말했다.joze@heraldcorp.com▶ 생활용품 또 떨어졌어? 마트 가지 말고 한번에 쓱~▶헤럴드경제 채널 설정하기 ▶카카오플러스 친구맺기 - Copyrights ⓒ 헤럴드경제 & heraldbiz.com, 무단 전재 및 재배포 금지 -헤럴드경제 관련뉴스해당 언론사에서 선정하며 언론사 페이지(아웃링크)로 이동해 볼 수 있습니다.류여해 ""홍준표, 내 손 잡고 주물럭…속상했다""류현진·배지현 오늘(5일) 결혼…사회는 유재석이언주 ""장제원, 바른정당 있을때는 샤방샤방""김종석, 시민 문자에 \'ㅁㅊㅅㄲ\',\'ㅅㄱㅂㅊ\' 답문 파문30대 엄마, 아파트서 어린 두자녀 던지고 투신좋아요0훈훈해요0슬퍼요0화나요0후속기사 원해요0기사제공 :']"
0,삼성전자, 2018-01-0510:16,파이낸셜뉴스 ,"삼성전자, 셀카 특화 50만원대 '갤럭시A8' 출시",https://finance.naver.com/news/news_read.nhn?article_id=0003937465&office_id=014&mode=search&query=삼성전자&page=8,"['       삼성전자, 셀카 특화 50만원대 \'갤럭시A8\' 출시      기사입력2018-01-05 10:16기사원문좋아요훈훈해요좋아요 평가하기공감좋아요0훈훈해요0슬퍼요0화나요0후속기사 원해요0댓글      삼성전자 갤럭시A8 블랙   삼성전자는 2018년형 갤럭시A8을 국내 이동통신 3사를 통해 출시했다고 5일 밝혔다.  2030세대를 겨냥한 2018년형 갤럭시A8은 차별화된 카메라 기능과 혁신적인 디자인 등 플래그십 스마트폰의 특장점을 한층 더 젊고 감각적으로 계승했다.  앞면에 각각 1600만 화소, 800만 화소의 듀얼 카메라를 탑재하고 조리개 값 F1.9 렌즈를 적용해 초고화질의 셀피 촬영이 가능하다. 촬영 시는 물론, 촬영 후에도 원하는 만큼 배경을 흐리게 처리할 수 있는 ‘라이브 포커스’ 기능을 지원해 입체감 있는 셀피를 촬영할 수 있다.  뒷면 카메라는 1600만 화소에 조리개값 F1.7의 렌즈를 탑재해 낮과 밤 모두 보다 선명하고 깨끗한 사진 촬영이 가능하다. 또 동영상 촬영 시의 흔들림을 보정해 안정적이고 선명한 촬영이 가능하다.  디스플레이는 18.5대 9의 인피니티 디스플레이를 적용했다. 대화면으로 다양한 크기의 영상 콘텐츠를 더욱 시원하게 즐길 수 있다. 모바일 간편 결제 서비스 ‘삼성페이’를 지원하며, 지능형 인터페이스 ‘빅스비’ 중 ‘빅스비홈’ ‘빅스비 리마인더’ ‘빅스비 비전’이 가능하다. IP68 등급의 방수·방진 기능과 함께 갤럭시A 시리즈 최초로 기어VR과도 호환된다.  32GB 내장 메모리에 블랙, 골드, 블루 세 가지로 색상으로 출시되며 출고가는 59만9500원이다.  삼성전자는 2018년형 갤럭시A8 출시를 기념해 구매 고객을 대상으로 오는 2월 28일까지 ‘5000원의 행복’ 이벤트를 진행한다. 갤럭시A8 개통 후, 삼성 멤버스 또는 삼성페이 애플리케이션(앱)에서 이벤트에 참여한 고객에게 블루투스 스피커 JBL Go(4만4000원 상당), 정품 네온 플립 커버(3만3000원 상당), Kick-Tok+Ring Tok 커버 세트(3만9000원 상당)를 5000원에 구입할 수 있는 할인 쿠폰을 증정한다.         삼성전자는 2030세대를 공략한 2018년형 갤럭시A8을 5일 국내에 출시했다. 모델들이 갤럭시A8으로 셀피를 찍고 있다.    ronia@fnnews.com 이설영 기자   ▶ 세상의 모든 골 때리는 이야기 \'fn파스\'▶ 속보이는 연예뉴스 fn스타  ※ 저작권자 ⓒ  파이낸셜뉴스. 무단 전재-재배포 금지파이낸셜뉴스 관련뉴스해당 언론사에서 선정하며 언론사 페이지(아웃링크)로 이동해 볼 수 있습니다.먹다보니, 지방간.. 당뇨 등 만성질환자 더 위험새해 통신비 절감 원한다면...이것만은 체크해보세요2018년 4대기업 운세는? 재미로 보는 \'기업 토정비결\'\'청와대 오역 논란\' 확인해보니…""청와대 해석 맞다"" 더디플로맷유방암 진단받고 가슴절제했는데...알고보니 오진좋아요0훈훈해요0슬퍼요0화나요0후속기사 원해요0기사제공 :']"
1,삼성전자, 2018-01-0510:16,매일경제 ,"롯데하이마트, 온·오프라인 동시세일 최초 진행",https://finance.naver.com/news/news_read.nhn?article_id=0004078228&office_id=009&mode=search&query=삼성전자&page=8,"[""       롯데하이마트, 온·오프라인 동시세일 최초 진행      기사입력2018-01-05 10:16기사원문좋아요훈훈해요좋아요 평가하기공감좋아요0훈훈해요0슬퍼요0화나요0후속기사 원해요0댓글[사진 제공 : 롯데하이마트] 롯데하이마트는 오는 29일까지 온·오프라인 동시세일을 진행한다고 5일 밝혔다. 품목별 대표 인기 상품을 선정해 한정수량 특가에 판매하고, 매주 다른 행사상품을 초특가에 판매하는 '초특가 기획전'을 진행한다. 또 옴니세일즈 대표 인기 상품이나 하이마트 단독상품을 기획가에 선보인다. 총 1억원 규모의 '황금 강아지 골드바 경품 행사'도 진행한다.2018 서프라이즈 특가전은 냉장고, 김치냉장고, TV, 세탁기, 청소기, 안마의자, 공기청정기, 전기밥솥, 전기레인지, 노트북 등 10가지 품목의 인기 상품을 제품에 따라 최대 15% 할인 판매한다. 삼성전자의 공기청정기(60㎡)은 57만9000원, 바디프랜드 안마의자는 299만원, 다이슨 무선청소기는 79만9000원, 삼성전자의 의류건조기(9kg)는 89만원이다.초특가전은 매주 금요일부터 그 다음주 목요일까지 진행된다. 면도기, 온수매트, 블루투스스피커, 블루투스이어폰, 전기밥솥, 미니믹서, 핸드블렌더 등 다양한 행사 상품을 제품에 따라 최대 60% 할인판매한다. 행사는 첫째 주부터 셋째주까지 이어지고 주차별로 행사상품은 디르다. 행사 첫째 주인 1월5일부터 상품은 위니아 공기청정 에어워셔로 39만9000원에 판매한다.총 1억원 규모의 '황금 강아지 골드바 경품 행사'를 진행한다. 지난 2일부터 오는 31일까지 하이마트 매장을 방문해 응모권을 작성하거나 하이마트쇼핑몰 이벤트 페이지에서 응모한 모든 고객을 대상으로 2018명을 추첨한다. 1등부터 3등까지 황금 강아지가 새겨진 골드바를 증정한다. 1등(1명)에게는 100돈을, 2등(2명)에게는 50돈을, 3등(10명)에게는 20돈을 준다. 4등(500명)과 5등(1505명)에게는 각각 롯데리아 상품권(1만원권), 엔제리너스 상품권(5000원권)을 증정한다.[디지털뉴스국 박진형 기자]▶뉴스 이상의 무궁무진한 프리미엄 읽을거리 ▶아나운서가 직접 읽어주는 오늘의 주요 뉴스[ⓒ 매일경제 & mk.co.kr, 무단전재 및 재배포 금지]매일경제 관련뉴스해당 언론사에서 선정하며 언론사 페이지(아웃링크)로 이동해 볼 수 있습니다.실제 결혼 앞둔 '국민불륜녀' 민지영의 반전 미모[단독] 복병만난 현대차 GBC…軍, 뒤늦게 비행안전 제기서지혜 섹시 수영복…블랙 시스루 완벽몸매디자인부터 성능까지, 확 젊어진 렉서스 LS서지혜, 과감한 비키니 자태…몸매가 다 했네좋아요0훈훈해요0슬퍼요0화나요0후속기사 원해요0기사제공 :""]"
2,삼성전자, 2018-01-0510:14,아시아경제 ,"예스티, 삼성전자와 61억 제조설비 계약",https://finance.naver.com/news/news_read.nhn?article_id=0004152403&office_id=277&mode=search&query=삼성전자&page=8,"[""       예스티, 삼성전자와 61억 제조설비 계약      기사입력2018-01-05 10:14기사원문좋아요훈훈해요좋아요 평가하기공감좋아요0훈훈해요0슬퍼요0화나요0후속기사 원해요0댓글 [아시아경제 박선미 기자] 예스티는 삼성전자와 61억6205만원 규모 제조설비 계약을 체결했다고 5일 공시했다.박선미 기자 psm82@asiae.co.kr▶ 양낙규의 '군사이야기'▶ #아시아경제 채널 구독 ▶ #아시아경제 페이스북아시아경제 관련뉴스해당 언론사에서 선정하며 언론사 페이지(아웃링크)로 이동해 볼 수 있습니다.손석희 사장 1년 만에 또 일냈다…'대박''北 주민들 사이에서…' 심상찮은 움직임 포착난 63년생 '절망 퇴직' 은행원입니다문 정부 꾸짖으라는 말에…노회찬의 '한방'1000년에 한 번? 일본의 '초미녀 4인' 모습이좋아요0훈훈해요0슬퍼요0화나요0후속기사 원해요0기사제공 :""]"
3,삼성전자, 2018-01-0510:12,헤럴드경제 ,"[생생코스닥]예스티, 삼성전자와 61.6억 규모 제조설비 공급계약",https://finance.naver.com/news/news_read.nhn?article_id=0001336897&office_id=016&mode=search&query=삼성전자&page=8,"['       [생생코스닥]예스티, 삼성전자와 61.6억 규모 제조설비 공급계약      기사입력2018-01-05 10:12기사원문좋아요훈훈해요좋아요 평가하기공감좋아요0훈훈해요0슬퍼요0화나요0후속기사 원해요0댓글 [헤럴드경제=증권팀] 예스티는 삼성전자와 제조설비 공급계약을 체결했다고 5일 공시했다.계약금액은 61억6205만원이며 이는 2016년 매출액 대비 11.69%에 해당하는 규모이다.게약기간은 오는 6월 30일까지다.park@heraldcorp.com▶ 생활용품 또 떨어졌어? 마트 가지 말고 한번에 쓱~▶헤럴드경제 채널 설정하기 ▶카카오플러스 친구맺기 - Copyrights ⓒ 헤럴드경제 & heraldbiz.com, 무단 전재 및 재배포 금지 -헤럴드경제 관련뉴스해당 언론사에서 선정하며 언론사 페이지(아웃링크)로 이동해 볼 수 있습니다.류여해 ""홍준표, 내 손 잡고 주물럭…속상했다""류현진·배지현 오늘(5일) 결혼…사회는 유재석이언주 ""장제원, 바른정당 있을때는 샤방샤방""김종석, 시민 문자에 \'ㅁㅊㅅㄲ\',\'ㅅㄱㅂㅊ\' 답문 파문30대 엄마, 아파트서 어린 두자녀 던지고 투신좋아요0훈훈해요0슬퍼요0화나요0후속기사 원해요0기사제공 :']"
4,삼성전자, 2018-01-0510:12,뉴스1 ,"[CES 2018]김현석 삼성전자 사장 출사표…""IoT 신기술 공개""",https://finance.naver.com/news/news_read.nhn?article_id=0003134121&office_id=421&mode=search&query=삼성전자&page=8,"['       [CES 2018]김현석 삼성전자 사장 출사표…""IoT 신기술 공개""      기사입력2018-01-05 10:12기사원문좋아요훈훈해요좋아요 평가하기공감좋아요0훈훈해요0슬퍼요0화나요0후속기사 원해요0댓글삼성전자 CE부문장김현석 사장. (삼성전자 제공)""하나로 연결된 세상의 구현…약속 지킨다""(서울=뉴스1) 장은지 기자 = 김현석 삼성전자 CE(소비자가전) 부문장(사장)이 9일 미국 라스베이거스에서 개막하는 세계 최대 전자쇼 \'CES2018\'를 앞두고 직관적인 사물인터넷(IoT) 통합 생태계를 위한 삼성전자만의 솔루션을 예고했다. 그동안 삼성전자가 공들여온 연결성(Connectivity)에 대한 구체적 성과물을 CES에서 보여준다.김 부문장은 5일 삼성전자 뉴스룸에 \'IT로 연결된 하나의 세상이라는 약속을 지키기 위해\'라는 기고문을 실었다. 김 부문장은 기고문에서 ""\'하나로 연결된 세상의 구현\'이라는 삼성전자의 약속을 지켜나가고자 한다""며 ""삼성전자가 직관적이고 간편한 사물인터넷(IoT) 구현을 위해 찾은 해결책을 이번 CES에서 공유하겠다""고 밝혔다.삼성전자가 이번에 선보이는 신기술은 개인화된 지능형 인터페이스다. 김 부문장은 ""지능형 인터페이스를 통해 사람들은 마치 전등의 스위치를 켜고 끄는 것처럼 간편하게 \'사물인터넷으로 연결된 세상\'의 효과를 누릴 수 있다""며 ""이 기술로 일관된 경험을 통해 모든 기기를 관리할 수 있는 통합 생태계를 형성함으로써 기기 간의 끊김 없는 연결이 가능해진다""고 기대감을 높였다.다만 사물인터넷의 혁신은 삼성전자 뿐 아니라 글로벌 파트너들과의 협업을 통해 앞으로 더 진화해야 한다는 점도 분명히 했다. 그는 ""소비자는 집과 직장에서 다양한 전자기기들을 사용하지만 각 기기는 설치 과정과 비밀번호는 물론 사용법과 내부 인터페이스까지 각기 다른 차이점이 있어 이를 하나로 연결하기는 쉽지 않은 일이었다""고 털어놨다. 그러면서 ""물론 삼성전자 혼자의 힘으로 이 정도 규모의 혁신을 현실화하기는 어렵기 때문에 세계 최대 규모의 사물인터넷 표준화 기구인 OCF(Open Connectivity Foundation)의 일원으로서 업계의 다양한 파트너들과 긴밀한 협업을 진행 중""이라고 설명했다. 끝으로 김 부문장은 ""지금까지 IT 업계가 전한 \'연결된 세상의 구현\'이라는 약속은 일관성이 없고 제각각이었지만 앞으로 펼쳐질 세상은 지금까지와는 전혀 다른 모습일 것""이라며 ""보다 개선된 기술로 우리의 삶은 더욱 편리해질 것이며 \'CES 2018\'을 통해 삼성전자가 그리는 미래가 어떻게 현실이 되는지 소개할 수 있어 기쁘다""고 강조했다.지난해 윤부근 부회장의 뒤를 이어 CE부문 사령탑으로 올라선 그는 부문장으로서 올해 CES에서 화려한 데뷔전을 갖는다. 삼성전자 자체 인공지능 플랫폼인 \'빅스비\'의 업그레이드된 기술과 IoT를 결합하는 것이 삼성전자의 비밀병기다. 웨어러블과 스마트폰에서부터 TV, 냉장고 등 가전제품, 전장부품까지 삼성전자의 모든 기기 간 연결성을 확대하고, 이를 통한 시너지를 선보인다.seeit@▶ \'평창2018\' 관련 뉴스·포토 보기▶ 네이버메인에 ‘뉴스1채널’ 설정하기!▶ 여러분의 제보를 기다립니다.제보하기![© 뉴스1코리아(news1.kr), 무단 전재 및 재배포 금지]뉴스1 관련뉴스해당 언론사에서 선정하며 언론사 페이지(아웃링크)로 이동해 볼 수 있습니다.[단독] 티아라 효민, 언론사 대표와 열애 중영화 \'1987\' 1000만 돌파?…文대통령이 끌어줄까한밤 아파트 침입 주인 부부와 나체로 몸싸움허위진술 거부에 앙심…오토바이 4대에 방화조현병 30대 엄마, 자녀 2명과 아파트 투신좋아요0훈훈해요0슬퍼요0화나요0후속기사 원해요0기사제공 :']"
5,삼성전자, 2018-01-0510:08,매일경제 ,"예스티, 삼성전자와 62억원 규모 제조설비 공급계약",https://finance.naver.com/news/news_read.nhn?article_id=0004078221&office_id=009&mode=search&query=삼성전자&page=8,"[""       예스티, 삼성전자와 62억원 규모 제조설비 공급계약      기사입력2018-01-05 10:08기사원문좋아요훈훈해요좋아요 평가하기공감좋아요0훈훈해요0슬퍼요0화나요0후속기사 원해요0댓글 예스티는 삼성전자와 61억6200만원 규모 제조설비 공급계약을 체결했다고 5일 공시했다.이는 지난 2016년 매출액 대비 11.69%에 해당하는 규모로 계약기간은 오는 6월 30일까지다.[디지털뉴스국 김경택 기자]▶뉴스 이상의 무궁무진한 프리미엄 읽을거리 ▶아나운서가 직접 읽어주는 오늘의 주요 뉴스[ⓒ 매일경제 & mk.co.kr, 무단전재 및 재배포 금지]매일경제 관련뉴스해당 언론사에서 선정하며 언론사 페이지(아웃링크)로 이동해 볼 수 있습니다.실제 결혼 앞둔 '국민불륜녀' 민지영의 반전 미모[단독] 복병만난 현대차 GBC…軍, 뒤늦게 비행안전 제기서지혜 섹시 수영복…블랙 시스루 완벽몸매디자인부터 성능까지, 확 젊어진 렉서스 LS서지혜, 과감한 비키니 자태…몸매가 다 했네좋아요0훈훈해요0슬퍼요0화나요0후속기사 원해요0기사제공 :""]"
6,삼성전자, 2018-01-0510:07,헤럴드경제 ,"[오전시황] 美 증시 훈풍 지속…코스피, 2480선 ‘회복’",https://finance.naver.com/news/news_read.nhn?article_id=0001336894&office_id=016&mode=search&query=삼성전자&page=8,"['       [오전시황] 美 증시 훈풍 지속…코스피, 2480선 ‘회복’      기사입력2018-01-05 10:07기사원문좋아요훈훈해요좋아요 평가하기공감좋아요0훈훈해요0슬퍼요0화나요0후속기사 원해요0댓글 [헤럴드경제=김지헌 기자] 미국 증시 훈풍이 지속되면서 코스피가 2480선을 되찾았다. 뉴욕증시의 다우존스30 산업평균지수가 2만5000선을 돌파해 고점을 새로 쓰고 민간고용 호조 덕분에 스탠더드앤드푸어스(S&P) 500 지수와 나스닥 지수가 3일 연속 사상 최고치를 기록한 것이 투심에 긍정적인 영향을 끼친 것으로 풀이된다.4일 오전 9시54분 현재 코스피는 전날보다 13.97포인트(0.57%) 오른 2480.43를 기록하고 있다.이날 코스피는 전날보다 10.39포인트(0.42%) 오른 2476.85으로 개장했다.투자 주체별로 살펴보면 기관은 300억원 순매수 중이다. 개인과 외국인은 277억원, 79억원 순매도하고 있다. [사진=오픈애즈]업종별로 혼조세다. 전기전자(1.42%), 화학(0.95%), 제조업(0.87%) 등은 상승세다.건설(-0.88%). 운수업(-0.87%), 음식료(-0.78%) 등은 하락세다.시가총액 상위 종목은 상승세다. 삼성전자(1.14%), SK하이닉스(2.59%), POSCO(0.27%), LG화학(0.88%), KB금융(0.63%) 등은 오름세다. NAVER(-0.90%), 삼성물산(-0.39%) 등은 내림세다.SK케미칼을 인적분할해 5일 재상장된 사업회사 SK케미칼과 지주사로 변경 상장된 SK디스커버리의 주가 흐름이 엇갈리고 있다. SK디스커버리는 전 거래일보다 24.23% 오른 6만4600원에 거래되고 있다. SK케미칼은 시초가보다 13.51% 떨어진 9만6천원에 거래가가 형성됐다. SK케미칼은 지주회사 체제로 전환하고자 기존 조직을 존속 지주사인 SK디스커버리와 신설 사업회사인 SK케미칼로 인적분할했으며 이날 각각 변경상장 및 재상장됐다.한화가 자회사 한화건설의 가치가 재평가되면서 실적이 증가할 것이라는 증권가 분석에 장 초반 강세다. 한화는 전 거래일보다 6.42% 오른 4만6400원에 거래되고 있다. 한국투자증권은 이날 보고서에서 한화건설의 이라크 비스야마 공사대금 수령으로 불확실 요인이 사라져 한화 주가가 반등할 것으로 전망했다. LIG넥스원이 지난해 실적 전망치를 하향 조정한 영향으로 내림세를 보이고 있다. LIG넥스원은 전날보다 2.77% 내린 5만6200원에 거래되고 있다. LIG넥스원은 연결재무제표 기준 작년 영업이익 전망치를 기존 468억원에서 15억원으로 하향 조정했다고 전날 장 종료 후 정정 공시했다. 같은 시각 코스닥 시장은 전날보다 10.93포인트(1.35%) 오른 818.94을 기록하고 있다.이날 코스닥 시장은 전날보다 4.04포인트(0.50%) 오른 812.05에 개장했다.투자주체별로 살펴보면 개인과 외국인이 43억원,340억원 순매수 중이다. 기관은 385억원 순매도 중이다.업종별로 상승세다. IT종합(1.06%), 오락문화(1.28%), 통신방송서비스(0.78%) 등은 대부분의 업종이 오름세다.신라젠이 문은상 대표 등 주요 주주의 지분 매각에 장 초반 급등락하고 있다. 신라젠은 전날보다 1.52% 오른 9만3600원선에서 거래되고 있다. 이 종목은 개장 직후 7.05% 하락한 8만5700원에 거래되다가 상승 전환해 2% 넘게 오르는 등 롤러코스터 행보를 보이고 있다. 신라젠은 전날 장 마감 후 공시를 통해 문은상 대표 등 9인이 지난달 21일∼이달 3일까지 장내 매도를 통해 271만3천997주를 처분, 보유 지분율이 20.52%에서 16.53%로 낮아졌다고 밝혔다. 회사 측은 지분 변동 사유를 “보유주식 변동과 담보계약 변경”이라고 설명했다.완리가 중국의 슝안신구에 대한 투자유치 방안 논의 등 소식에 나흘째 상승세를 타고 있다. 완리는 전날보다 11.42% 오른 800원에 거래되고 있다. 세라믹타일 제품을 생산하는 완리는 관리 종목으로 지정됐으나 슝안신구 투자에 따른 수혜 기대감을 받으면서 나흘째 강세를 펼치고 있다. 같은 시각 서울 외환시장에서 원달러 환율은 0.6원 내린 1061.60원을 기록하고 있다.raw@heraldcorp.com▶ 생활용품 또 떨어졌어? 마트 가지 말고 한번에 쓱~▶헤럴드경제 채널 설정하기 ▶카카오플러스 친구맺기 - Copyrights ⓒ 헤럴드경제 & heraldbiz.com, 무단 전재 및 재배포 금지 -헤럴드경제 관련뉴스해당 언론사에서 선정하며 언론사 페이지(아웃링크)로 이동해 볼 수 있습니다.류여해 ""홍준표, 내 손 잡고 주물럭…속상했다""류현진·배지현 오늘(5일) 결혼…사회는 유재석이언주 ""장제원, 바른정당 있을때는 샤방샤방""김종석, 시민 문자에 \'ㅁㅊㅅㄲ\',\'ㅅㄱㅂㅊ\' 답문 파문30대 엄마, 아파트서 어린 두자녀 던지고 투신좋아요0훈훈해요0슬퍼요0화나요0후속기사 원해요0기사제공 :']"
7,삼성전자, 2018-01-0510:06,서울경제 ,"예스티, 삼성전자에 62억원 제조설비 공급",https://finance.naver.com/news/news_read.nhn?article_id=0003190120&office_id=011&mode=search&query=삼성전자&page=8,"['       예스티, 삼성전자에 62억원 제조설비 공급      기사입력2018-01-05 10:06기사원문좋아요훈훈해요좋아요 평가하기공감좋아요0훈훈해요0슬퍼요0화나요0후속기사 원해요0댓글 [서울경제] 코스닥 상장사인 예스티(122640)는 삼성전자와 62억원의 제조설비를 공급하는 계약을 체결했다고 5일 공시했다. 이는 최근 매출액의 11.69%에 해당한다. /조양준기자 mryesandno@sedaily.com[서울경제 바로가기]이제 주식시세도 서울경제에서 확인하세요 [바로가기▶]서울경제의 모든 연재물!... 서경Cube [바로가기▶]저작권자 ⓒ 서울경제, 무단 전재 및 재배포 금지서울경제 관련뉴스해당 언론사에서 선정하며 언론사 페이지(아웃링크)로 이동해 볼 수 있습니다.""냉정히 생각해봤는데···"" 제명 당한 류여해 \'대반격\'추자도 전복어선 선장, 배 기우는 것 알면서도 작업했다\'라디오스타\' 정주리 남편 비포 앤 애프터 공개...""사기 결혼""태양 집 매입 가격 42억, 티비만 3700만 원 ""승리가 음악 크게 틀어 독립"" 민효린과 신혼집은?\'라디오스타\' 김지우 ""남편 레이먼킴, TV에 내 전 남친 나오면 한숨""좋아요0훈훈해요0슬퍼요0화나요0후속기사 원해요0기사제공 :']"
8,삼성전자, 2018-01-0510:05,뉴스1 ,"삼성전자, 美사우스캐롤라이나 세탁기 공장 12일 준공",https://finance.naver.com/news/news_read.nhn?article_id=0003134109&office_id=421&mode=search&query=삼성전자&page=8,"['       삼성전자, 美사우스캐롤라이나 세탁기 공장 12일 준공      기사입력2018-01-05 10:05기사원문좋아요훈훈해요좋아요 평가하기공감좋아요0훈훈해요0슬퍼요0화나요0후속기사 원해요0댓글미국 정부가 삼성전자와 LG전자의 세탁기에 대한 세이프가드(긴급 수입제한조치)발동을 검토하고 있는 8일 경기도 하남시의 한 대형마트에 세탁기가 전시돼있다. /뉴스1 © News1 박세연 기자연말까지 생산라인 모두 가동, 年100만대 생산(서울=뉴스1) 김정률 기자 = 삼성전자가 오는 12일 미국 사우스캐롤라이나 뉴베리 세탁기 공장 준공식을 갖고 본격적인 가동에 돌입한다.삼성전자는 5일 미국 법인 뉴스룸을 통해 존 헤링턴 삼성전자 미국법인 선임 부사장과 토니 프레일리 공장장이 지난 3일(현지시간) 미국 무역대표부(USTR)의 세탁기 세이프가드(긴급 수입 제한 조치) 공청회에 증인으로 출석해 이렇게 말했다고 밝혔다. 삼성전자는 올해 2월 미국에 수입되는 세탁기에 최고 50%의 관세를 물리는 세이프가드 발동이 임박하자 공장 가동 시기를 한 두달 앞당긴 것으로 알려졌다.  지난달 미국 국제무역위원회(ITC)는 연간 120만 대를 초과해 수입되는 삼성전자와 LG전자의 세탁기에 3년간 저율할당관세(TRC)를 부과하는 내용의 권고안을 도널드 트럼프 대통령에게 제출했다. 이번에 가동되는 공장은 3억8000만 달러를 투자해 두개의 제조·조립 라인으로 구성했다. 504명의 직원을 고용하고 있는 이 공장은 연말에 생산라인이 모두 가동될 경우 1000명의 직원이 연간 100만대의 세탁기를 생산하게 된다. jrkim@▶ \'평창2018\' 관련 뉴스·포토 보기▶ 네이버메인에 ‘뉴스1채널’ 설정하기!▶ 여러분의 제보를 기다립니다.제보하기![© 뉴스1코리아(news1.kr), 무단 전재 및 재배포 금지]뉴스1 관련뉴스해당 언론사에서 선정하며 언론사 페이지(아웃링크)로 이동해 볼 수 있습니다.영화 \'1987\' 1000만 돌파?…文대통령이 끌어줄까애플 국내소송자 32만명…\'승소 가능성\'은?조현병 30대 엄마, 자녀 2명과 아파트 투신""사람 죽여보고 싶다""…가위로 식당주인 찔러여교사 세워놓고 \'활 쏜\' 교감…승진 물거품좋아요0훈훈해요0슬퍼요0화나요0후속기사 원해요0기사제공 :']"
9,삼성전자, 2018-01-0510:01,이데일리 ,"SKT, 갤럭시A8 판매 개시..출고가 60만원",https://finance.naver.com/news/news_read.nhn?article_id=0004005799&office_id=018&mode=search&query=삼성전자&page=8,"[""       SKT, 갤럭시A8 판매 개시..출고가 60만원      기사입력2018-01-05 10:01기사원문좋아요훈훈해요좋아요 평가하기공감좋아요0훈훈해요0슬퍼요0화나요0후속기사 원해요0댓글 [이데일리 김유성 기자] 삼성전자의 중저가폰 갤럭시A 시리즈의 최신작이 SK텔레콤을 통해 출시된다. SK텔레콤(017670)은 5일부터 갤럭시A8(2018)을 판매한다고 밝혔다. 출고가는 59만9500원으로, 6만원대 요금제인 band 데이터 퍼펙트(6만 5890원/월) 이용 시 공시지원금 18만2000원을 받아 41만7500원에 구매할 수 있다. 갤럭시A8삼성전자의 중가 스마트폰 라인업인 갤럭시A 시리즈는 앞서 SK텔레콤 전용폰으로 다수 출시된 바 있다. SK텔레콤이 과거 갤럭시 A 시리즈 구매 연령층을 분석한 결과, 40~50대 중장년층 고객 비율(46%)이 절반에 달했다. 10대 청소년층 고객 비율(14%)은 스마트폰 주 사용 연령층인 20대(8%), 30대(12%)보다도 더 높은 것으로 나타났다. 합리적 가격으로 대화면과 프리미엄급 성능을 누릴 수 있다는 점이 높은 출고가에 민감한 중장년층과 청소년층을 사로잡았다는 분석이다.이번에 출시된 갤럭시A8은 갤럭시 스마트폰 최초로 전면 듀얼 카메라를 적용해 전문가처럼 ‘셀카’를 찍을 수 있다. 또한 프리미엄 스마트폰인 갤럭시S8, 갤럭시노트8와 같이 베젤을 최소화한 ‘인피니티 디스플레이’를 탑재해 높은 몰입감을 선사한다. 결제 서비스 ‘삼성페이’, 안면인식과 지문인식 기능, 인공지능 비서 ‘빅스비 비전’ 등 프리미엄급 성능도 두루 갖췄다. 색상은 블랙, 블루, 골드 3종이다.김유성 (kys401@edaily.co.kr)▶네이버 채널에서 ‘이데일리’를 구독해주세요▶[페이스북] 보러가기~ ▶[카카오톡] 플친 맺기~♥＜ⓒ종합 경제정보 미디어 이데일리 - 무단전재 & 재배포 금지＞이데일리 관련뉴스해당 언론사에서 선정하며 언론사 페이지(아웃링크)로 이동해 볼 수 있습니다.난 월 9만원 내고 압구정 50평 아파트에 산다文정부, 제식구 챙기려 공무원 호봉제 바꿨다'KBS 정상화' 원한다는 정우성 배우 이전에 수신료 내는 시청자박근혜 임기중 12억 재산증식 비법은?…'국고의 사유화''선플賞' 김종석, 시민에게 보낸 'ㅅㄱㅂㅊ'의 뜻은?좋아요0훈훈해요0슬퍼요0화나요0후속기사 원해요0기사제공 :""]"
10,삼성전자, 2018-01-0510:01,헤럴드경제 ,"갤럭시A8, 실구매가 최저 20만원대",https://finance.naver.com/news/news_read.nhn?article_id=0001336885&office_id=016&mode=search&query=삼성전자&page=8,"['       갤럭시A8, 실구매가 최저 20만원대      기사입력2018-01-05 10:01기사원문좋아요훈훈해요좋아요 평가하기공감좋아요0훈훈해요0슬퍼요0화나요0후속기사 원해요0댓글- 최저 28만2100원에 실구매 가능- 10만원-6만원 요금제 KT, 3만원 요금제 SKT 유리[헤럴드경제=박세정 기자] 삼성전자의 2018년형 ‘갤럭시A8’이 5일 이동통신3사를 통해 출시된 가운데, 공시지원금을 통해 59만9500원의 제품가를 최저 20만원대에 구매할 수 있다.5일 관련업계에 따르면 이통3사는 갤럭시A8 2018년형 모델에 최대 20만원대 후반의 공시지원금을 실었다. SK텔레콤 모델이 삼성전자 ‘갤럭시A8 2018년형’ 출시를 안내하고 있다. [제공=SK텔레콤]공시지원금이 가장 높은 곳은 KT로, 10만원대 요금제에서 27만6000원의 공시지원금을 책정했다. 추가 지원금(4만1400원)을 더하면 실제 구매가격은 28만2100원으로 떨어진다.10만원대 요금제에서 SK텔레콤은 21만6000원의 지원금을 책정해 추가지원금을 더하면 35만1000원에 구매할 수 있다.LG유플러스는 최대 요금제인 8만원대 ‘스페셜C’로 가입하면 35만9500원으로 제품을 살 수 있다. 6만원대 요금제에서 SK텔레콤 고객은 지원금 18만2000원을 받아 41만7500원에 구매할 수 있다.KT는 6만원대 요금제에서 24만원의 공시지원금과 추가지원금을 통해 실구매가가 32만3500원으로 떨어진다.LG유플러스의 6만원대 요금제 실구매가는 35만9500원으로 최대 요금제 가격과 같다.3만원대 요금제에서 14만6000원의 공시지원금을 실은 SK텔레콤은 추가지원금을 더해 43만1000원에, KT는 12만원의 공시지원금에 추가지원금을 더해 46만1500원에 제품을 구매할 수 있다.LG유플러스의 3만원대 요금제 지원금은 12만원으로 제품 실구매가는 47만9500원이다.한편, 갤럭시A8 2018년형은 갤럭시 스마트폰 최초로 전면 듀얼카메라가 탑재됐고 삼성페이, 인피니티디스플레이, IP68 등급의 방수방진 기능을 지원한다.색상은 블랙, 블루, 골드 3종이다.sjpark@heraldcorp.com▶ 생활용품 또 떨어졌어? 마트 가지 말고 한번에 쓱~▶헤럴드경제 채널 설정하기 ▶카카오플러스 친구맺기 - Copyrights ⓒ 헤럴드경제 & heraldbiz.com, 무단 전재 및 재배포 금지 -헤럴드경제 관련뉴스해당 언론사에서 선정하며 언론사 페이지(아웃링크)로 이동해 볼 수 있습니다.류여해 ""홍준표, 내 손 잡고 주물럭…속상했다""류현진·배지현 오늘(5일) 결혼…사회는 유재석이언주 ""장제원, 바른정당 있을때는 샤방샤방""김종석, 시민 문자에 \'ㅁㅊㅅㄲ\',\'ㅅㄱㅂㅊ\' 답문 파문30대 엄마, 아파트서 어린 두자녀 던지고 투신좋아요0훈훈해요0슬퍼요0화나요0후속기사 원해요0기사제공 :']"
11,삼성전자, 2018-01-0510:00,머니투데이 ,"SKT, 삼성 갤럭시A8 출시..출고가 59만9500원",https://finance.naver.com/news/news_read.nhn?article_id=0003988743&office_id=008&mode=search&query=삼성전자&page=8,"['       SKT, 삼성 갤럭시A8 출시..출고가 59만9500원      기사입력2018-01-05 10:00기사원문좋아요훈훈해요좋아요 평가하기공감좋아요0훈훈해요0슬퍼요0화나요0후속기사 원해요0댓글 [머니투데이 임지수 기자] [6만원대 요금제 이용시 지원금 18만2000원..전면 듀얼카메라·인피니티 디스플레이 탑재]SK텔레콤은 5일부터 갤럭시A8(2018)을 판매한다고 밝혔다./사진제공=SK텔레콤SK텔레콤은 5일부터 삼성전자의 중가 스마트폰 \'갤럭시A8(2018)\'을 판매한다고 밝혔다. 출고가는 59만9500원으로, 6만원대 요금제인 band 데이터 퍼펙트(월 6만5890원) 이용시 공시지원금 18만2000원을 받아 41만7500원에 구매할 수 있다. 갤럭시A8은 갤럭시 스마트폰 최초로 전면 듀얼 카메라를 적용했으며 프리미엄 스마트폰인 갤럭시S8, 갤럭시노트8와 같이 베젤을 최소화한 ‘인피니티 디스플레이’를 탑재했다. 결제 서비스 ‘삼성페이’, 안면인식과 지문인식 기능, 인공지능 비서 ‘빅스비 비전’ 등 프리미엄급 성능을 갖췄다. 색상은 블랙, 블루, 골드 3종이다.▶돌아본 2017 \'10대 키워드\'▶무료 만화 보고 선물도 받고~ ▶치어리더 vs 레이싱걸 임지수 기자 ljs@mt.co.kr 머니투데이 관련뉴스해당 언론사에서 선정하며 언론사 페이지(아웃링크)로 이동해 볼 수 있습니다.\'꼬북칩 2300만봉\' 대박..오리온, 개발주역들에 포상\'세계 4위\' 렉시 톰슨, 매혹 \'블랙 비키니\'..모델급 몸매[현장+]""盧의 부엉이 바위"" 언급, 신년사부터 꼬인 환경부2018년 공무원 봉급표… \'1급 공무원\' 월급은?현대차 노조, 새해 벽두부터 파업좋아요0훈훈해요0슬퍼요0화나요0후속기사 원해요0기사제공 :']"
12,삼성전자, 2018-01-0510:00,아시아경제 ,"코스피, 기관 '사자'에 하루 만에 반등",https://finance.naver.com/news/news_read.nhn?article_id=0004152384&office_id=277&mode=search&query=삼성전자&page=8,"['       코스피, 기관 \'사자\'에 하루 만에 반등      기사입력2018-01-05 10:00기사원문좋아요훈훈해요좋아요 평가하기공감좋아요0훈훈해요0슬퍼요0화나요0후속기사 원해요0댓글 [아시아경제 조호윤 기자]코스피가 5일 기관의 매수세에 힘입어 하루만에 반등했다. 미국 증시 훈풍도 지수 상승에 힘을 보탰다.이날 오전 9시 42분 현재 코스피는 전일보다 12.39포인트(0.50%) 오른 2478.85를 기록 중이다. 이날 지수는 전일보다 10.39포인트(0.42%) 오른 2476.85로 출발했다.간밤 뉴욕증시는 미국의 민간고용 호조 등으로 사상 최고치를 경신했다.  다우존스 30 산업평균지수는 처음으로 2만5000선을 돌파했다. 다우존스 30 산업평균지수는 전일보다 152.45포인트(0.61%) 상승한 2만5075.13에 거래를 마쳤다. 스탠더드앤드푸어스(S&P) 500 지수는 전 거래일보다 10.93포인트(0.4%) 높은 2723.99에, 기술주 중심의 나스닥 지수는 12.38포인트(0.18%) 오른 7077.91로 장을 마감했다.수급면에서는 기관이 홀로 299억원어치 사들이며 지수 상승을 이끌고 있다. 반면 개인과 외국인은 각각 280억원, 87억원 순매도하고 있다.업종별로 보면 전기 전자와 통신 등이 1% 넘게 뛰고 있다. 기계, 철강금속, 의약품, 화학 등도 오름세다. 반면 제조업, 서비스업, 보험, 증권, 은행, 운수창고, 유통업 등은 내리고 있다.시가총액 상위 종목은 혼조세다. \'대장주\' 삼성전자는 전일보다 1.17% 오른 258만4000원에 거래되고 있다. SK하이닉스(2.27%), POSCO(0.27%), LG화학(0.63%), KB금융(0.79%), 삼성바이오로직스(0.52%), 삼성생명(0.41%), 신한지주(0.51%), SK텔레콤(0.96%) 등도 상승세다.반면 한국전력(-0.54%), 현대모비스(-0.20%), 삼성물산(-0.39%), NAVER(-0.78%) 등은 하락세다.조호윤 기자 hodoo@asiae.co.kr▶ 양낙규의 \'군사이야기\'▶ #아시아경제 채널 구독 ▶ #아시아경제 페이스북아시아경제 관련뉴스해당 언론사에서 선정하며 언론사 페이지(아웃링크)로 이동해 볼 수 있습니다.손석희 사장 1년 만에 또 일냈다…\'대박\'난 63년생 \'절망 퇴직\' 은행원입니다정봉주 ""MB 비리 관련 물증 확보…핵폭탄 준비""문 정부 꾸짖으라는 말에…노회찬의 \'한방\'1000년에 한 번? 일본의 \'초미녀 4인\' 모습이좋아요0훈훈해요0슬퍼요0화나요0후속기사 원해요0기사제공 :']"
13,삼성전자, 2018-01-0510:00,SBS Biz ,‘세이프가드’ 발효 임박에…삼성 美 세탁기공장 조기 준공,https://finance.naver.com/news/news_read.nhn?article_id=0000148488&office_id=374&mode=search&query=삼성전자&page=8,"['       ‘세이프가드’ 발효 임박에…삼성 美 세탁기공장 조기 준공      기사입력2018-01-05 10:00기사원문좋아요훈훈해요좋아요 평가하기공감좋아요0훈훈해요0슬퍼요0화나요0후속기사 원해요0댓글■ 경제와이드 이슈& \'콕콕 기업 이슈\'◇ \'세이프 가드\'에 삼성 美 세탁기공장 앞당겨 준공삼성전자의 미국 사우스 캐롤라이나주 뉴베리 세탁기 공장이 오는 12일 조기 준공됩니다.미국 정부의 긴급수입제한조치(세이프가드) 발효가 임박하자 당초 올해 초였던 가동 시점이 두 달 정도 앞당겨졌습니다.4일 삼성전자에 따르면 존 헤링턴 삼성전자 미국법인 선임 부사장은 3일(현지시간) 미 무역대표부(USTR)에서 열린 세탁기 세이프가드 공청회에 증인으로 출석해 현지 공장 준공 일정을 밝혔습니다.이 공장은 이달 중 드럼세탁기 생산을 먼저 시작한 뒤 전자동세탁기 생산에 들어갑니다.현재 고용한 직원은 504명입니다.삼성전자는 올해 말까지 인원을 1000명으로 늘려 2교대 생산체제로 운영할 방침입니다.연간 생산량은 100만대 이상입니다.삼성전자는 미국의 통상압박을 피하기 위해 지난해 6월 3,800만달러(약 4,000억원)를 투입해 현지 세탁기 공장 건설에 착수했습니다.◇ 미래에셋대우, 7000억원 규모 유상증자미래에셋대우는 투자 비즈니스 중심의 글로벌 투자은행(IB)전략 추진과 해외사업 확장 및 M&A 등 글로벌 경쟁력 강화를 위해 7000억원 규모의 유상증자를 결정했다고 4일 공시했습니다.1주당 액면가 5000원으로 1억4000만주를 주주배정후 실권주 일반공모 방식으로 발행합니다.미래에셋대우는 21∼22일 우리사주조합과 구주주 청약을 진행하고, 오는 3월14일 신주를 상장할 예정입니다.◇ OK저축은행, 금융권 최초…대출심사에 AI 도입OK저축은행이 저축은행업계 최초로 모든 대출심사에 인공지능(AI)을 도입했습니다.OK저축은행은 기존 신용평가시스템보다 다양한 패턴으로 신용도를 평가해 부실대출 리스크를 줄인다는 방침입니다.OK저축은행 관계자는 ""전체 여신거래 상품에 AI를 활용해 머신러닝모형을 개발하고 전략을 적용한 것은 국내 금융권 중 최초""라고 했습니다.OK저축은행이 도입한 AI를 활용한 머신러닝 모형은 동일한 승인율을 유지하면서도 연체율을 낮춰 고객에게 더 좋은 한도와 금리를 제공할 수 있다는 장점이 있다는게 업체측 설명입니다.◇ 삼성전자, 5G 주도권 잡아…버라이즌에 장비 공급삼성전자가 미국 최대 이동통신 사업자인 버라이즌과 손잡고 북미 5G(5세대) 이동통신 장비 시장에 진출합니다.삼성전자는 버라이즌과 5G 기술을 활용한 고정형 무선 엑세스(FWA·fixed wireless access) 서비스 통신장비 공급 계약을 체결했다고 4일 발표했습니다.5G FWA는 유선 대신 무선으로 각 가정에 초고속 통신서비스를 제공하는 기술입니다.인터넷TV(IPTV)와 초고속인터넷 서비스를 유선 케이블 대신 5G 전파로 제공하는 방식입니다.땅이 넓어 초고속인터넷 보급률이 10% 안팎에 불과한 미국에서 이 방식을 이용하면 케이블 매설 비용이나 시간을 줄일 수 있는 장점이 있습니다.버라이즌은 작년 7월부터 미국 11개 도시에 5G FWA 시범 서비스를 제공하고 있습니다. ☞ 의견 있는 경제채널 SBSCNBC [홈페이지] [뉴스스탠드]☞ 공식 SNS [페이스북] 저작권자 SBS플러스 & SBS I&M 무단전재-재배포 금지SBS Biz 관련뉴스해당 언론사에서 선정하며 언론사 페이지(아웃링크)로 이동해 볼 수 있습니다.2시간 미팅 가진 김동연-이주열…""환율 과도한 쏠림 대응""전국 달걀 반출 \'주 2회 제한\'…포천 농장 1곳, H5N6형 확인[단독] 연금복권 1등 당첨금, 월 700만 원·30년 지급 \'백지화\'차기 금투협회장은 누구?…\'4파전\' 예고\'중대형 아파트\' 다시 뜬다…추세적인 흐름일까?좋아요0훈훈해요0슬퍼요0화나요0후속기사 원해요0기사제공 :']"
14,삼성전자, 2018-01-0510:00,SBS Biz ,삼성전자 갤럭시 A8 출시…전면부 듀얼 카메라 탑재,https://finance.naver.com/news/news_read.nhn?article_id=0000148487&office_id=374&mode=search&query=삼성전자&page=8,"['       삼성전자 갤럭시 A8 출시…전면부 듀얼 카메라 탑재      기사입력2018-01-05 10:00기사원문좋아요훈훈해요좋아요 평가하기공감좋아요0훈훈해요0슬퍼요0화나요0후속기사 원해요0댓글 삼성전자 중저가 스마트폰 ‘갤럭시 A’ 시리즈에 전면부 듀얼 카메라를 탑재한 모델이 나왔습니다.삼성전자는 오늘(5일) 중저가형 갤럭시 A 시리즈 ‘갤럭시 A8’의 2018년 형 모델을 국내 이동통신 3사를 통해 출시한다고 밝혔습니다.갤럭시 A8은 전면부에 1600만 화소, 800만 화소 카메라 두 개를 탑재해 시야각을 넓혔고, 촬영 후 배경 조절 기능을 강화해 젊은 ‘셀카족’을 노렸다는 것이 삼성전자 측의 설명입니다.기존까지 삼성의 프리미엄 모델 에만 포함됐던 모바일 결제 서비스 ‘삼성 페이’, 인공지능 인터페이스 ‘빅스비’ 기능도 함께 제공됩니다.색상은 블랙, 골드, 블루 세 가지로 출시되며 출고가는 59만 9500원입니다.이시은 기자(see@sbs.co.kr) ☞ 의견 있는 경제채널 SBSCNBC [홈페이지] [뉴스스탠드]☞ 공식 SNS [페이스북] 저작권자 SBS플러스 & SBS I&M 무단전재-재배포 금지SBS Biz 관련뉴스해당 언론사에서 선정하며 언론사 페이지(아웃링크)로 이동해 볼 수 있습니다.2시간 미팅 가진 김동연-이주열…""환율 과도한 쏠림 대응""전국 달걀 반출 \'주 2회 제한\'…포천 농장 1곳, H5N6형 확인[단독] 연금복권 1등 당첨금, 월 700만 원·30년 지급 \'백지화\'차기 금투협회장은 누구?…\'4파전\' 예고\'중대형 아파트\' 다시 뜬다…추세적인 흐름일까?좋아요0훈훈해요0슬퍼요0화나요0후속기사 원해요0기사제공 :']"
15,삼성전자, 2018-01-0509:55,헤럴드경제 ,"[CES2018 프리뷰]AI 연결성-대형 프리미엄 TV-명품 사운드, 삼성-LG ...",https://finance.naver.com/news/news_read.nhn?article_id=0001336867&office_id=016&mode=search&query=삼성전자&page=8,"['       [CES2018 프리뷰]AI 연결성-대형 프리미엄 TV-명품 사운드, 삼성-LG 3대 각축전 예고      기사입력2018-01-05 09:55기사원문좋아요훈훈해요좋아요 평가하기공감좋아요0훈훈해요0슬퍼요0화나요0후속기사 원해요0댓글- 9일 개막 CES2018 화두는 ‘스마트 시트’, 양사 ‘AI 연결성’ 확대에 주력- 차세대 TV 시장 주도권 경쟁 본격화- 명픔 오디오 신제품 눈길[헤럴드경제=이승환 기자] 세계 가전시장을 선도하는 삼성전자와 LG전자가 오는 9일(현지 시간) 미국 라스베이거스에서 열리는 세계 최대 가전전시회인 CES2018(International Consumer Electronics Show)에서 첨단 제품을 내놓고 ‘기술 경쟁’을 펼친다. 양사가 차별화된 기술력을 앞세워 각축전을 벌일 분야로 ▷AI(인공지능) 연결성 ▷대형 프리미엄 TV ▷명품 사운드 등이 꼽힌다. 이번 CES 행사 화두는 가전제품을 통신망으로 연결하는 스마트홈과 스마트도시가 될 전망이다. 작년 CES 화두가 AI 사물인터넷(IoT) 연결된 스마트홈 구현에 맞춰졌다면, 올해는 스마트홈을 넘어 가상현실(VR)·증강현실(AR) 등을 활용한 ‘스마트 시티’ 생태계 구성에 이목이 집중되고 있다.\xa0삼성전자와 LG전자의 전시 부스에서도 이같은 트랜드를 확일할 수 있을 것으로 보인다.\xa0 삼성전자 ‘CES 2017’ 프레스 컨퍼런스삼성전자는 자사 모든 제품을 사물인터넷(IoT)로 연결한다는 의미로 ‘원삼성(One Samsung)’을 구현하는데 집중할 예정이다. 특히 스마트홈, 스마트오피스, 스마트카에 이르는 다양한 영역에서 혁신을 선보이며 ‘스마트 시티의 미래’를 구현하는데 초점을 맞출 계획이다.삼성전자가 양산하는 차세대 모바일AP ‘엑시노스9 (9810)’아울러 삼성전자는 최근 양산을 시작한 고성능 모바일 AP ‘엑시노스 9(9810)’를 이번 CES를 통해 외부에 공개할 예정이다. ‘엑시노스 9’ 초고속 모뎀을 탑재하고 AI연산 기능을 강화한 반도체 제품으로, ‘CES 2018 혁신상’을 수상한 바 있다. 삼성전자 관계자는 ”음성 인식 AI 플랫폼 ’빅스비‘를 모든 제품에 적용하는 한편, 기존 스마트홈과 IoT플랫폼 등 모든 IoT 서비스를 스마트싱스 클라우드로 통합해 차별화된 서비스를 제공하는데 주력하고 있다”고 말했다.\xa0LG 인공지능 제품들과 함께 하는 일상 생활을 보여줄 ‘LG 씽큐 스위트(ThinQ Suite)’ 조감도LG전자는 AI를 전면에 내세운다. 전시 부스 내 ‘씽큐’존을 별도로 구성하는 등 인공지능 가전을 중심으로 차별화된 기술을 홍보할 계획이다.개막 하루 전인 8일 열리는 글로벌 미디어 초청 행사 ’LG 프레스 컨퍼런스‘에서는 박일평 CTO(최고기술경영자·사장)가 연사로 나와 인공지능 브랜드 ‘씽큐’의 지향점 및 전략을 소개할 예정이다.LG전자가 ‘CES 2018’에서 선보이는 신규 컨셉 로봇 3종. (왼쪽부터)서빙 로봇, 포터 로봇, 쇼핑 카트 로봇이와 함께 인공지능, 자율주행 기술 등을 바탕으로 한 서빙 로봇(Serving robot), 포터 로봇(Porter robot), 쇼핑 카트 로봇(Shopping cart robot) 등 신규 컨셉 로봇 3종을 이번 CES에서 첫 공개한다.LG전자 관계자는 “씽큐를 통해 가전분야를 중심으로 LG만의 차별화된 인공지능 이미지를 구축할 계획”이라며 “고객 삶에 최적화된 통합적인 인공지능 경험을 제공하는 것이 목표”라고 말했다. 차세대 TV 주도권을 건 ‘진검 승부’도 예상된다. 양사는 TV 시장 대형화 추세와 8K(7680×4320) 해상도 제품 상용화 등 새로운 시장 흐름에 맞춰 차별화된 제품 경쟁력을 선보일 예정이다.삼성전자가 ‘CES 2017’에서 선보인 QLED TVLG전자 인공지능 ‘씽큐(ThinQ) TV’삼성전자는 이번 CES에서 100인치가 넘는 초대형 QLED TV를 선보일 것으로 예상된다. 현재까지 가장 큰 QLED TV는 88인치다. 특히 삼성전자가 대형화 기술에 보다 유리한 것으로 평가받는 ‘마이크로LED(발광다이오드)’ TV를 이번 CES에서 선보일 지 주목된다. LG전자는 77인치와 88인치 등 대형 OLED TV를 전시장 전면에 내세우는 동시에 다양한 신제품 라인업을 선보일 예정이다. 이번 CES에서 공개될 새로운 OLED TV는 화질과 편의성 측면이 한층 강화된 것으로 알려졌다. 아울러 LG디스플레이는 세계 최초로 OLED 방식의 88인치 8K 디스플레이를 선보일 예정이다. 이번 CES에서는 명품 오디오 브랜드를 등에 업은 양사의 ‘사운드 전쟁’도 볼거리다.\xa0삼성전자가 올해 인수를 마무리한 미국 음향기기업체 하만의 기술을 적용한 TV용 고성능 사운드바 신제품을 선보인다. 이 제품은 바(Bar) 형태의 벽걸이형 TV 전용 스피커로, 두께를 기존 대비 41% 수준인 53.5mm로 줄임으로써 TV와 조화롭게 실내 인테리어를 연출할 수 있는 것이 특징이다.LG전자도 영국의 하이엔드 오디오 브랜드 ‘메리디안 오디오(Meridian Audio)’와 손잡고 명품 오디오 기기를 공개한다. LG전자는 올해 초부터 메리디안과 함께 사운드바, 포터블 스피커 등에 최적화된 고음질 음향 기술을 적용해 최상의 사운드를 구현할 수 있는 솔루션을 개발해 왔다.nice@heraldcorp.com▶ 생활용품 또 떨어졌어? 마트 가지 말고 한번에 쓱~▶헤럴드경제 채널 설정하기 ▶카카오플러스 친구맺기 - Copyrights ⓒ 헤럴드경제 & heraldbiz.com, 무단 전재 및 재배포 금지 -헤럴드경제 관련뉴스해당 언론사에서 선정하며 언론사 페이지(아웃링크)로 이동해 볼 수 있습니다.류여해 ""홍준표, 내 손 잡고 주물럭…속상했다""류현진·배지현 오늘(5일) 결혼…사회는 유재석이언주 ""장제원, 바른정당 있을때는 샤방샤방""김종석, 시민 문자에 \'ㅁㅊㅅㄲ\',\'ㅅㄱㅂㅊ\' 답문 파문30대 엄마, 아파트서 어린 두자녀 던지고 투신좋아요0훈훈해요0슬퍼요0화나요0후속기사 원해요0기사제공 :']"
16,삼성전자, 2018-01-0509:52,한경비즈니스 ,"삼성전자, 2018년형 '갤럭시 A8' 국내 출시",https://finance.naver.com/news/news_read.nhn?article_id=0000046458&office_id=050&mode=search&query=삼성전자&page=8,"['       삼성전자, 2018년형 \'갤럭시 A8\' 국내 출시      기사입력2018-01-05 09:52기사원문좋아요훈훈해요좋아요 평가하기공감좋아요0훈훈해요0슬퍼요0화나요0후속기사 원해요0댓글(사진) 모델들이 영 프리미엄 스마트폰 \'갤럭시 A8\'으로 셀피 촬영을 하고 있다. /삼성전자 제공[한경비즈니스=최은석 기자] 삼성전자는 2018년형 영 프리미엄 스마트폰 \'갤럭시 A8\'을 국내 이동통신 3사를 통해 출시했다고 5일 발표했다.2018년형 갤럭시 A8은 언제 어디서나 자신을 자유롭게 표현하고 일상의 가치와 즐거움을 추구하는 2030세대를 겨냥한 프리미엄 스마트폰이다. 차별화한 카메라 기능과 혁신적 디자인 등 플래그십 스마트폰의 특장점을 한층 더 젊고 감각적으로 계승했다는 것이 삼성전자의 설명이다.2018년형 갤럭시 A8은 전면에 각각 1600만 화소, 800만 화소의 듀얼 카메라를 탑재했다. 조리개 값 F1.9 렌즈를 적용해 초고화질의 셀피 촬영이 가능할 뿐만 아니라 촬영 시는 물론 촬영 후에도 원하는 만큼 배경을 흐리게 처리할 수 있는 \'라이브 포커스\' 기능을 지원해 입체감있는 셀피를 촬영할 수 있다.후면 카메라는 1600만 화소에 조리개값 F1.7의 렌즈를 적용해 낮과 밤 모두 보다 선명하고 깨끗한 사진 촬영이 가능하다. VDIS(Video Digital Image Stabilization) 기능으로, 동영상 촬영 시에도 흔들림을 보정해준다.2018년형 갤럭시 A8에는 디스플레이의 한계를 확장한 18.5:9의 인피니티 디스플레이가 적용됐다. 꽉 찬 대화면을 통해 다양한 크기의 영상 콘텐츠를 더욱 시원하게 즐길 수 있다.2018년형 갤럭시 A8은 유려한 글래스와 메탈 프레임의 부드러운 곡선이 어우러져 고급스럽고 감각적인 디자인을 완성했을 뿐만 아니라 스마트폰 이용에 최적화한 편안한 그립감도 제공한다.2018년형 갤럭시 A8은 젊은 층에게 어필할 수 있는 프리미엄 기능도 갖췄다. 모바일 간편 결제 서비스 \'삼성 페이\'는 물론 지능형 인터페이스 \'빅스비\' 중 \'빅스비 홈\'·\'빅스비 리마인더\'·\'빅스비 비전\'을 지원한다. IP68 등급의 방수·방진 기능과 함께 갤럭시 A 시리즈 최초로 \'기어 VR\'과도 호환된다.2018년형 갤럭시 A8은 32GB 내장 메모리에 블랙, 골드, 블루 세 가지로 색상으로 출시되며 출고가는 59만9500원이다.삼성전자 관계자는 ""2018년형 갤럭시 A8 개통 후 삼성 멤버스 또는 삼성 페이 애플리케이션에서 이벤트에 참여한 고객에게 블루투스 스피커 \'JBL Go\'와 정품 \'네온 플립 커버\', \'Kick-Tok+Ring Tok 커버\' 세트를 5000원에 구입할 수 있는 할인 쿠폰을 증정하는 \'5000원의 행복\' 이벤트를 오는 2월 28일까지 진행한다""고 말했다.choies@hankyung.com한경비즈니스 관련뉴스해당 언론사에서 선정하며 언론사 페이지(아웃링크)로 이동해 볼 수 있습니다.삼성 vs LG, 노트북으로 맞붙다메리츠종금증권, 40명 소수정예…차세대 \'리서치 명가\'44만가구1.5%... 2018 부동산 시장의 변수미리 보는 2018 부동산 정책 달력부문별 베스트 애널리스트, 하나금융 13개 신한금융 10개 1위좋아요0훈훈해요0슬퍼요0화나요0후속기사 원해요0기사제공 :']"
17,삼성전자, 2018-01-0509:50,한국경제TV ,"삼성전자, 2030겨냥 '갤럭시 A8' 출시..출고가 59만9500원",https://finance.naver.com/news/news_read.nhn?article_id=0000589963&office_id=215&mode=search&query=삼성전자&page=8,"['       삼성전자, 2030겨냥 \'갤럭시 A8\' 출시..출고가 59만9500원       기사입력2018-01-05 09:50기사원문좋아요훈훈해요좋아요 평가하기공감좋아요0훈훈해요0슬퍼요0화나요0후속기사 원해요0댓글[한국경제TV 정재홍 기자]삼성전자가 ‘갤럭시 A8\'을 국내 이동통신 3사를 통해 5일 출시한다고 밝혔습니다.갤럭시 A8은 준프리미엄급 모델로, 2030세대를 겨냥해 고성능 카메라 기능을 갖추고 세련된 디자인을 적용한 게 특징입니다.전면에 각각 1,600만 화소, 800만 화소의 듀얼 카메라를 탑재하고 촬영 후 원하는만큼 배경을 흐리게 처리할 수 있는 ‘라이브 포커스’기능을 지원합니다.여기에 모바일 간편 결제 서비스‘삼성 페이\'를 지원하며 지능형 인터페이스 \'빅스비(Bixby)’가운데 \'빅스비 홈\'과 ‘빅스비 리마인더\', ‘빅스비 비전\'을 지원합니다.화면은 18.5:9의 인피니티 디스플레이가 적용됐으며 갤럭시 A 시리즈 가운데 최초로 기어VR과 호환이 가능합니다.32GB 내장 메모리를 탑재한 갤럭시A8은 블랙, 골드, 블루 세 가지 색상으로 출시되며 출고가는 599,500원입니다.정재홍기자 jhjeong@wowtv.co.krⓒ 한국경제TV, 무단 전재 및 재배포 금지한국경제TV 관련뉴스해당 언론사에서 선정하며 언론사 페이지(아웃링크)로 이동해 볼 수 있습니다.\'한끼줍쇼\' 김병만, 대인기피증 고백? ""\'정글의 법칙\' 후유증""인생술집 김이나, 아이유와 무슨 일?…""불편하다""황정음, 출산 후 물오른 미모 공개…""사진 속 남편 손인가요?""해피투게더3 거미, 송중기가 명품백 선물한 사연낸시랭 ""올해 한국 떠날 것, 다른 나라서 인생 2막""좋아요0훈훈해요0슬퍼요0화나요0후속기사 원해요0기사제공 :']"
18,삼성전자, 2018-01-0509:49,머니투데이 ,"김현석 삼성전자 CE부문장 ""'CES 2018'서 IoT 신기술 공개""",https://finance.naver.com/news/news_read.nhn?article_id=0003988733&office_id=008&mode=search&query=삼성전자&page=8,"['       김현석 삼성전자 CE부문장 ""\'CES 2018\'서 IoT 신기술 공개""      기사입력2018-01-05 09:49기사원문좋아요훈훈해요좋아요 평가하기공감좋아요0훈훈해요0슬퍼요0화나요0후속기사 원해요0댓글 [머니투데이 이정혁 기자] [""전등 스위치 켜고 끄는 것처럼 IoT 간편 연결""…각종 기기 간 끊김 없는 연결]김현석 삼성전자 CE부문장/사진제공=삼성전자김현석 삼성전자 소비자가전(CE) 부문장은 삼성전자가 사물인터넷(IoT)를 활용해 모든 가전이 끊김 없이 하나로 연결되는 \'완전히 새로운 기술\'을 \'국제전자제품박람회(CES) 2018\'에서 선보일 것이라고 자신했다.김 부문장은 5일 삼성 뉴스룸에 올린 \'IT(정보기술)로 연결된 하나의 세상이라는 약속을 지키기 위해\'라는 글을 통해 삼성전자의 이 같은 구상을 밝히고, 9일부터 미국 라스베이거스에서 열리는 CES 2018에서 한층 진화된 IoT 기술을 선보일 것이라고 밝혔다.그는 IoT를 활용해 스마트폰과 스마트TV, 패밀리허브 냉장고 등 전자제품은 물론, 자동차 등 다양한 기기를 하나로 연결할 수 있는 만큼 IoT는 최근 몇 년간 IT업계의 가장 큰 화두였다고 운을 뗐다. 하지만 아직 기술적으로 부족한 부분이 적지 않기 때문에 IoT를 활용한 연결은 \'시기상조\'로 보는 시각이 많았다고 설명했다.이를 극복하기 위해 삼성전자가 그동안 어떤 노력을 해왔는지를 이번 CES 2018에서 공개하겠다고 김 부문장은 강조했다. 그는 ""지금부터 \'하나로 연결된 세상의 구현\'이라는 삼성전자의 약속을 지켜나가고자 한다""고 말했다.그는 각종 기기마다 설치 과정부터 비밀번호, 사용법, 내부 인터페이스 등이 달라 이를 해결하는데 적잖은 어려움이 있었으나, 삼성전자는 직관적이고 간편한 IoT 구현을 위한 \'해결책\'을 찾았다고 강조했다.김 부문장은 ""이 기술(해결책)로 일관된 경험을 통해 모든 기기를 관리할 수 있는 통합 생태계를 형성함으로써 기기 간의 끊긴 없는 \'연결\'이 가능해진다""며 ""삼성전자의 신기술은 소비자들에게 개인화된 지능형 인터페이스를 제공할 것""이라고 설명했다.그러면서 ""사람들은 마치 전등의 스위치를 켜고 끄는 것처럼 간편하게 \'IoT로 연결된 세상’의 효과를 누릴 수 있다""고 부연했다.다만, 그는 ""삼성전자 혼자의 힘으로 이 정도 규모의 혁신을 현실화해 \'IT로 연결된 하나의 세상의 구현\'이라는 약속을 지키기는 어렵다""며 ""업계의 다양한 파트너들과 긴밀한 협업을 진행하고 있다""고 덧붙였다.김 부문장은 ""지금까지 IT 업계가 전한 \'연결된 세상의 구현\'이라는 약속은 일관성이 없고 제각각이었다""며 ""앞으로 펼쳐질 세상은 지금까지와는 전혀 다른 모습일 것이며, CES 2018을 통해 삼성전자가 그리는 미래가 어떻게 현실이 되는지 소개할 것""이라고 자신감을 다시 한 번 드러냈다.▶돌아본 2017 \'10대 키워드\'▶무료 만화 보고 선물도 받고~ ▶치어리더 vs 레이싱걸 이정혁 기자 utopia@mt.co.kr 머니투데이 관련뉴스해당 언론사에서 선정하며 언론사 페이지(아웃링크)로 이동해 볼 수 있습니다.\'꼬북칩 2300만봉\' 대박..오리온, 개발주역들에 포상\'세계 4위\' 렉시 톰슨, 매혹 \'블랙 비키니\'..모델급 몸매[현장+]""盧의 부엉이 바위"" 언급, 신년사부터 꼬인 환경부2018년 공무원 봉급표… \'1급 공무원\' 월급은?현대차 노조, 새해 벽두부터 파업좋아요0훈훈해요0슬퍼요0화나요0후속기사 원해요0기사제공 :']"
19,삼성전자, 2018-01-0509:48,경향신문 ,삼성 영 프리미엄폰 ‘갤럭시A8’ 오늘 출시···59만9500원,https://finance.naver.com/news/news_read.nhn?article_id=0002842352&office_id=032&mode=search&query=삼성전자&page=8,"['       삼성 영 프리미엄폰 ‘갤럭시A8’ 오늘 출시···59만9500원      기사입력2018-01-05 09:48기사원문좋아요훈훈해요좋아요 평가하기공감좋아요0훈훈해요0슬퍼요0화나요0후속기사 원해요0댓글 삼성전자의 새해 첫 스마트폰 2018년형 갤럭시A8이 국내 이통 3사를 통해 5일 출시됐다. 2030 젊은 소비자를 겨냥한 ‘영 프리미엄 스마트폰’을 내세워, 최신 플래그십 스마트폰의 장점을 살리고 차별화된 카메라 기능을 탑재했다.전면에는 각각 1600만 화소, 800만 화소의 듀얼 카메라를 탑재하고 조리갯값 F1.9 렌즈를 적용했다. 셀피 촬영 시 원하는 만큼 배경을 흐리게 처리하는 ‘라이브 포커스’를 이용해 더욱 입체감 있는 셀피를 찍을 수 있다. 후면 카메라는 1600만 화소에 조리갯값 F1.7의 렌즈를 탑재해 야간에도 선명하고 깨끗한 사진 촬영이 가능하다.갤럭시A8에는 갤럭시S8, 갤럭시노트8에 적용된 베젤(테두리)이 거의 없는 ‘인피니티 디스플레이’가 계승됐다. 젊은 층에 인기를 끄는 프리미엄 기능도 대거 탑재됐다. 모바일 간편 결제 서비스 ‘삼성페이’를 사용할 수 있을 뿐 아니라 지능형 인터페이스 빅스비 중 빅스비 보이스를 제외한 빅스비 홈·리마인더·비전을 지원한다. IP68 등급의 방수·방진 기능도 적용됐으며 갤럭시 A시리즈 최초로 기어 VR과도 호환된다.블랙, 골드, 블루 세 가지 색상으로 출시되며 출고가는 59만9500원이다. 선택약정할인을 받지 않을 경우 이통사 공시 지원금은 최대 27만6000원 수준이다.삼성전자는 2018년형 갤럭시 A8 출시를 기념해 구매 고객을 대상으로 2월 28일까지 ‘5천원의 행복’ 이벤트를 마련한다. 갤럭시A8 개통 후, 삼성 멤버스 또는 삼성페이 애플리케이션에서 이벤트에 참여하면 블루투스 스피커 JBL Go(4만4000원 상당), 정품 네온 플립 커버(3만3000원 상당), Kick-Tok+Ring Tok 커버 세트(3만9000원 상당)를 5000원에 살 수 있는 할인 쿠폰을 준다.▶ [경향비즈 바로가기], 경향비즈 SNS [페이스북]  ▶ [인기 무료만화 보기][©경향신문(www.khan.co.kr), 무단전재 및 재배포 금지]경향신문 관련뉴스해당 언론사에서 선정하며 언론사 페이지(아웃링크)로 이동해 볼 수 있습니다.[단독]""UAE와 군수지원 비밀 양해각서"" 박 정부 당시 국방차관 백승주 시인정두언 ""MB가 \'내가 다스 만들었다\'고 말했다""낸시랭, 트럼프에 호소 ""이 나라는 인권도 없어""해외서 카드 600달러 이상 긁으면 즉시 세관에 통보박근혜, 뇌물 36억 받아 주사 맞고 문고리 3인방 용돈 줬다좋아요0훈훈해요0슬퍼요0화나요0후속기사 원해요0기사제공 :']"
0,삼성전자, 2018-01-0509:48,데일리안 ,"삼성전자, 미국 세탁기 공장 12일 준공식…생산 개시",https://finance.naver.com/news/news_read.nhn?article_id=0002232063&office_id=119&mode=search&query=삼성전자&page=9,"['       삼성전자, 미국 세탁기 공장 12일 준공식…생산 개시      기사입력2018-01-05 09:48기사원문좋아요훈훈해요좋아요 평가하기공감좋아요0훈훈해요0슬퍼요0화나요0후속기사 원해요0댓글미국 사우스캐롤라이나주 뉴베리카운티 삼성전자 가전공장 부지 전경.ⓒ삼성전자사우스캐롤라이나 뉴베리 공장...연간 100만대 이상 생산 삼성전자가 미국 사우스 캐롤라이나의 뉴베리에 건설하는 세탁기 공장이 12일 준공식을 하고 가동에 들어간다.5일 삼성전자에 따르면 존 헤링턴 삼성전자 미국법인 수석부사장은 3일(현지시간) 미 무역대표부(USTR)의 세탁기 세이프가드 관련 공청회에 증인으로 출석해 이같이 밝혔다.현재 이 공장에는 504명의 직원이 고용돼 있으며 프런트 로드(드럼세탁기 형) 방식 세탁기 생산을 먼저 시작하고 이후 톱 로드(통돌이세탁기 형) 방식 세탁기도 생산할 계획이다.삼성전자는 올해 말까지 이 공장에서 1000명의 직원을 고용해 라인별로 2교대 체제로 운영하며 연간 세탁기 100만대 이상을 생산할 예정이다.준공식이 대개 시험 가동 후 안정적인 가동이 가능해진 뒤 열리는 점을 감안하면 이번 행사는 조금 앞당겨진 측면이 있다.삼성전자는 당초 계획보다 가동 시기를 한 두달 가량 앞당긴 것으로 알려졌는데 미국 정부의 세이프가드(긴급수입제한)조치 발동 여부를 앞두고 이뤄져 이를 의식한 것으로 풀이된다.미국 국제무역위원회(ITC)는 지난해 11월 연간 120만대를 초과해 미국에 수입되는 세탁기에 대해 50%의 관세를 물리자는 권고안을 내놓은 바 있으며 현재 미국 정부의 최종 결정만이 남은 상태다.삼성전자는 미국의 통상 압박을 피하기 위해 지난해 6월 3억8000만달러(약 4000억원)을 투입해 공장을 건설하기로 결정한 바 있다. 준공식에는 사우스 캐롤라이나 주지사와 김현석 삼성전자 소비자가전(CE)부문장(사장) 등이 참석할 것으로 전해졌다.데일리안 이홍석 기자 (redstone@dailian.co.kr)ⓒ (주)데일리안 - 무단전재, 변형, 무단배포 금지데일리안 관련뉴스해당 언론사에서 선정하며 언론사 페이지(아웃링크)로 이동해 볼 수 있습니다.삼성-LG전자, 올해 첫 과제 세탁기 수출 돌파구 찾을까정부 ""삼성·LG 세탁기 세이프가드, 미국에 부메랑 될 것""""세탁기 세이프가드 뒤집기 힘들어…쿼터내 20% 부과 방어가 관건""정부·삼성·LG ""세탁기 세이프가드, 쿼터내 무관세 채택 노력키로""기본 관세 부과로 삼성-LG 대미 세탁기 수출 타격 커지나좋아요0훈훈해요0슬퍼요0화나요0후속기사 원해요0기사제공 :']"
1,삼성전자, 2018-01-0509:46,서울경제 ,롯데하이마트 최초 ‘온·오프라인 동시세일’ 진행,https://finance.naver.com/news/news_read.nhn?article_id=0003190071&office_id=011&mode=search&query=삼성전자&page=9,"['       롯데하이마트 최초 ‘온·오프라인 동시세일’ 진행      기사입력2018-01-05 09:46기사원문좋아요훈훈해요좋아요 평가하기공감좋아요0훈훈해요0슬퍼요0화나요0후속기사 원해요0댓글 온라인 쇼핑몰과 오프라인 매장의 가격, 서비스 등 장점을 종합제품 따라 최대 60% 할인판매하고 총 1억원 규모의 경품 이벤트도롯데하이마트 온오프라인 동시세일 진행  [서울경제]  롯데하이마트(071840)가 5일부터 오는 29일까지 ‘온라인·오프라인 동시세일’을 진행한다. 하이마트 오프라인 매장과 온라인쇼핑몰의 품목별 대표 인기 상품을 선정, 한정수량을 특가에 판매한다.옴니세일즈 대표 인기 상품이나 하이마트 단독상품을 기획가에 선보인다. 하이마트 온·오프라인 매장의 인기 상품 10종은 제품에 따라 최대 15% 할인판매한다. 삼성전자의 공기청정기(60㎡)를 57만9,000원에, 바디프랜드 안마의자를 299만원에 판매한다. 매주 금요일부터 그 다음주 목요일은 최대 60% 할인해 판매하는 ‘초특가전’이 진행된다. 행사 첫째 주인 1월5일부터 1월11일까지는 위니아 공기청정 에어워셔를 39만9,000원에 판매한다. 지난 한해동안 판매된 옴니세일즈 상품 가운데 가장 많은 사랑을 받은 가전을 150억원 물량으로 모아 선보이기도 한다. 하이마트 자체브랜드인 하이메이드 제품을 비롯해 직소싱 브랜드인 벨라, 쿠진아트의 제품 등 하이마트 단독 상품도 준비했다.2018년 무술년을 맞아 총 1억원 규모의 ‘황금 강아지 골드바 경품 행사’도 진행한다./변수연기자 diver@sedaily.com[서울경제 바로가기]이제 주식시세도 서울경제에서 확인하세요 [바로가기▶]서울경제의 모든 연재물!... 서경Cube [바로가기▶]저작권자 ⓒ 서울경제, 무단 전재 및 재배포 금지서울경제 관련뉴스해당 언론사에서 선정하며 언론사 페이지(아웃링크)로 이동해 볼 수 있습니다.""냉정히 생각해봤는데···"" 제명 당한 류여해 \'대반격\'추자도 전복어선 선장, 배 기우는 것 알면서도 작업했다\'라디오스타\' 정주리 남편 비포 앤 애프터 공개...""사기 결혼""태양 집 매입 가격 42억, 티비만 3700만 원 ""승리가 음악 크게 틀어 독립"" 민효린과 신혼집은?\'라디오스타\' 김지우 ""남편 레이먼킴, TV에 내 전 남친 나오면 한숨""좋아요0훈훈해요0슬퍼요0화나요0후속기사 원해요0기사제공 :']"
2,삼성전자, 2018-01-0509:41,이데일리 ,"삼성전자, 인텔 제치고 '반도체 왕좌' 등극",https://finance.naver.com/news/news_read.nhn?article_id=0004005769&office_id=018&mode=search&query=삼성전자&page=9,"[""       삼성전자, 인텔 제치고 '반도체 왕좌' 등극      기사입력2018-01-05 09:41기사원문좋아요훈훈해요좋아요 평가하기공감좋아요0훈훈해요0슬퍼요0화나요0후속기사 원해요0댓글- 가트너, 결산 자료로 삼성 1위 공식 확인- 메모리 호황 기초..지속 어렵다는 분석도삼성전자 ‘512GB eUFS’ 낸드플래시 제품[이데일리 이재운 기자] 삼성전자(005930)가 인텔을 제치고 세계 1위 반도체 업체로 확실히 올라섰다. 그 동안 2017년을 기점으로 삼성전자의 1위 등극을 전망하는 보고서는 많았지만, 지난해 결산 실적을 토대로 세계 1위가 확인된 것은 이번이 처음이다. SK하이닉스(000660)도 한 계단 오른 3위를 기록했다.4일(현지시간) 미국 시장조사업체 가트너는 지난해 반도체 업계 매출 순위에서 삼성전자가 반도체 분야 매출 612억1500만달러를 기록해 인텔을 제치고 새로운 ‘왕좌’에 올랐다고 발표했다. 삼성전자의 실적은 전년대비 52.6% 증가한 것으로, 지난해 반도체 시장에서 기록한 점유율은 14.6%다.2위로 밀린 인텔은 지난해 매출 577억1200만달러(점유율 13.8%)를 기록해 한 해전보다 6.7% 증가하는데 그쳤다. 앤드루 노우드 가트너 부사장은 “세계 최대 메모리 공급자인 삼성전자가 세계 시장 점유율 1위 자리를 차지했다”며 인텔이 1992년 이후 처음으로 1위 자리를 내줬다고 분석했다. 그는 또 “메모리 시장 매출 증가분은 2017년 반도체 전체 시장 매출 증가분의 3분의 2 이상을 차지하며 반도체 내 가장 큰 영역이 됐다”고 삼성전자의 1위 등극 배경을 설명했다. 메모리 반도체에 대한 수요 폭증과 이에 따른 공급 부족으로 이른바 ‘슈퍼싸이클(초호황)’이 지속된 점이 중요한 요인으로 작용했다는 의미다.메모리 호황을 누린 SK하이닉스와 마이크론의 매출도 1년 전보다 각각 79%, 781.% 증가한 263억900만달러와 230억6200만달러를 기록했다. 1년 전 4위(SK하이닉스)와 6위(마이크론)였던 순위도 3, 4위로 뛰었다.노우드 부사장은 다만 “삼성전자의 시장 주도는 말 그대로 모래 위에 서있다”면서 “2018년에는 메모리 가격이 하락하고, 2019년에는 중국이 낸드플래시와 D램 시장에 진입하며 공급량이 늘어나 삼성전자의 매출은 지금보다 감소할 것”이라고 내다봤다.3위였던 퀄컴은 170억6300만달러의 매출로 5위로 밀려났다. 다만 현재 추진 중인 NXP반도체(86억5100만달러, 10위)와의 인수합병, 그리고 퀄컴을 인수하려는 브로드컴(154억9000만달러, 6위)의 매출을 다 합치면 약 412억달러로 3위 수준이 된다.세계 반도체 전체 시장은 4197억2000만달러로 전년 대비 22.2% 성장했다.표: 가트너이재운 (jwlee@edaily.co.kr)▶네이버 채널에서 ‘이데일리’를 구독해주세요▶[페이스북] 보러가기~ ▶[카카오톡] 플친 맺기~♥＜ⓒ종합 경제정보 미디어 이데일리 - 무단전재 & 재배포 금지＞이데일리 관련뉴스해당 언론사에서 선정하며 언론사 페이지(아웃링크)로 이동해 볼 수 있습니다.난 월 9만원 내고 압구정 50평 아파트에 산다文정부, 제식구 챙기려 공무원 호봉제 바꿨다생사기로 놓인 성동·STX조선해양…골든타임 놓칠까 좌불안석강남 집값 잡으려다 전셋값 놓칠라박근혜 임기중 12억 재산증식 비법은?…'국고의 사유화'좋아요0훈훈해요0슬퍼요0화나요0후속기사 원해요0기사제공 :""]"
3,삼성전자, 2018-01-0509:41,서울경제 ,"[오전시황] 2,500선 탈환 노리는 코스피, 820으로 달려가는 코스닥",https://finance.naver.com/news/news_read.nhn?article_id=0003190067&office_id=011&mode=search&query=삼성전자&page=9,"['       [오전시황] 2,500선 탈환 노리는 코스피, 820으로 달려가는 코스닥      기사입력2018-01-05 09:41기사원문좋아요훈훈해요좋아요 평가하기공감좋아요0훈훈해요0슬퍼요0화나요0후속기사 원해요0댓글 [서울경제] 코스피와 코스닥 지수가 5일 동반 상승세를 나타내고 있다. 코스피 지수는 이날 오전 9시30분 현재 전날보다 13.15포인트(0.53%) 오른 2,479.61을 나타내고 있다. 이날 지수는 전 거래일 대비 10.39포인트(0.42%) 오른 2,476.85에 출발해 2,500선을 탈환하기 위한 상승 싸움을 시작하는 모양새다. 투자자별로 살펴보면 이날 기관만 240억원 순매수를 나타내고 있다. 개인은 172억원, 외국인은 107억원으로 매도 우위다. 간밤 미국 증시는 새해 들어서도 계속되던 호조세를 이어갔다. 다우존스 30 산업평균지수는 사상 처음으로 25,000선의 고지를 넘어섰다. 스탠더드앤드푸어스(S&P) 500 지수는 전장보다 10.93포인트(0.4%) 높은 2,723.99에, 기술주 중심의 나스닥 지수는 12.38포인트(0.18%) 오른 7,077.91에 장을 마감했다. 다우지수와 S&P 500 지수는 장중 각각 25,105.96과 2,729.29까지 올랐고, 나스닥지수는 7,098.05로 상승해 전일에 이어 장중 최고치도 다시 경신했다. 미국의 민간고용 호조 등으로 사상 최고치를 다시 쓰고 있다. 시가총액 상위 종목들도 삼성전자(1.17%), SK하이닉스(2.72%), 현대차(0.34%), POSCO(0.41%) 등 대부분 상승세다. 업종별로 보면 건강관리기술(5.81%), 결제관련서비스(4.74%), 창업투자(4.45%) 등은 강세인 반면 담배(-1.79%), 가구(-1.16%), 우주항공과 국방(-1.15%) 등은 약세다. 코스닥 지수는 같은 시간 전날보다 10.62포인트(1.31%) 오른 818.63을 나타내고 있다. 전 거래일 대비 4.04 포인트(0.5%) 오른 812.05에 출발한 지수는 외국인의 순매수세(290억원)에 힘 입어 오름세를 유지하고 있다. 한편 서울외환시장에서 달러 대비 원화는 전 거래일 대비 2.6원(0.24%) 내린 1,061.9원에 거래되고 있다. /조양준기자 mryesandno@sedaily.com[서울경제 바로가기]이제 주식시세도 서울경제에서 확인하세요 [바로가기▶]서울경제의 모든 연재물!... 서경Cube [바로가기▶]저작권자 ⓒ 서울경제, 무단 전재 및 재배포 금지서울경제 관련뉴스해당 언론사에서 선정하며 언론사 페이지(아웃링크)로 이동해 볼 수 있습니다.""냉정히 생각해봤는데···"" 제명 당한 류여해 \'대반격\'추자도 전복어선 선장, 배 기우는 것 알면서도 작업했다\'라디오스타\' 정주리 남편 비포 앤 애프터 공개...""사기 결혼""태양 집 매입 가격 42억, 티비만 3700만 원 ""승리가 음악 크게 틀어 독립"" 민효린과 신혼집은?\'라디오스타\' 김지우 ""남편 레이먼킴, TV에 내 전 남친 나오면 한숨""좋아요0훈훈해요0슬퍼요0화나요0후속기사 원해요0기사제공 :']"
4,삼성전자, 2018-01-0509:41,조선비즈 ,이삿짐 꾸리는 삼성물산…상일동 '합방' 앞두고 삼성ENG 합병설 '모락모락',https://finance.naver.com/news/news_read.nhn?article_id=0000395026&office_id=366&mode=search&query=삼성전자&page=9,"['       이삿짐 꾸리는 삼성물산…상일동 \'합방\' 앞두고 삼성ENG 합병설 \'모락모락\'      기사입력2018-01-05 09:41기사원문좋아요훈훈해요좋아요 평가하기공감좋아요0훈훈해요0슬퍼요0화나요0후속기사 원해요0댓글 삼성물산 건설부문이 3월 서울 상일동 삼성엔지니어링 사옥 이전을 앞두고 이삿짐 싸기로 분주하다.합병설이 끊이지 않는 삼성엔지니어링과의 ‘동거’를 위한 사옥 리모델링도 한창이다. 삼성물산은 이달 중순 이후 계열사 임원 인사와 조직 개편이 단행되고 나면 본격적인 입주 계획이 세워질 것으로 보고 있다.서울 강동구 상일동 삼성엔지니어링 사옥 전경. /삼성엔지니어링 제공삼성엔지니어링 사옥은 대지 2만7604㎡에 A(17층)·B(14층)·C동(8층) 총 3개동에 걸쳐 연면적 18만1756㎡로 지어졌다. 삼성물산 건설부문이 이전하면 B동을 쓰고, 삼성엔지니어링 직원 약 2700명이 A와 C동을 쓸 계획이다. 금융감독원 전자공시시스템에 따르면 지난해 9월 기준 삼성물산 건설부문 직원은 6021명(기간제 근로자 포함)에 달한다.삼성물산의 상일동 사옥 임차 기간은 올해 1월 1일부터 2022년 12월 31일까지다. 보증금 42억6200만원에 연간 임차료 51억1400만원을 내야 한다. 앞서 삼성엔지니어링은 자본 잠식을 해결하기 위해 상일동 사옥 매각을 추진하다 지난해 3월 건물 일부를 임대하기로 했다.삼성물산 한 관계자는 “강남역 서초 사옥 시절 때나, 2년 전 판교 알파돔시티로 사옥을 옮겼을 때도 회사 주변에 집을 구한 직원들이 상당히 많았다”며 “당장 이사하기 어려운 직원들은 회사가 운영할 출퇴근 버스를 많이 이용하게 될 것 같다”고 말했다.삼성물산은 사옥 이전과 관련한 행정 절차와 사내 어린이집 조성 등의 리모델링을 거쳐 3월까지 이전을 완료할 계획이다. 구체적인 입주 계획은 그룹 임원 인사와 조직개편 후 결정될 예정이다. 사실상 지주회사 격인 삼성물산의 그룹 위상을 고려하면 다른 계열사처럼 세대 교체를 전제로 한 인사 단행이 쉽지 않을 것이란 전망도 나온다.현재로선 이달 중순 이후 인사가 이뤄질 것이란 예상이 많다. 이재용 부회장이 뇌물 공여 등의 혐의로 재판 중인 만큼, 이 부회장의 2심 선고공판이 이뤄지는 1월 중순 이후 인사가 단행될 수 있다는 것이다. 삼성그룹 미래전략실 해체 이후 계열사별로 진행되는 첫 인사라는 점에서도 인사가 신중하게 이뤄질 것이란 예상이 많다.이에 따라 최치훈 사장의 거취에도 관심이 쏠리고 있다. 당초 삼성그룹이 삼성전자를 비롯해 비(非) 전자 주력 계열사의 사장단을 50대 경영진으로 채우는 ‘60대 퇴진 룰’에 따라 최 사장도 교체될 것이란 전망이 나왔지만, 유임 가능성도 배제할 수 없다. 최 사장 이외에는 이영호 삼성물산 부사장이 차기 사장 후보로 거론된다.최 사장은 과거 제일모직과의 합병에도 결정적 역할을 한 만큼, 향후 물산 건설부문과 삼성엔지니어링 합병이 현실화할 경우 다시 한번 빛을 볼 수 있다는 얘기가 나온다. 삼성물산과 삼성엔지니어링 측은 합병설에 대해 입을 닫고 있지만, 합병설은 끊이지 않고 있다.두 회사는 이미 각종 구조조정에 조직 개편을 단행하며 조직 슬림화를 추진해왔다. 한때 바닥을 치던 실적도 지난해 상당 수준 회복한 것도 합병 시기가 도래했다는 전망에 힘을 실어주고 있다.삼성엔지니어링 한 관계자는 “회사 내에서도 결국 합병 절차를 밟지 않겠느냐는 시각이 우세하다”면서 “그룹 차원에서 전격적으로 발표할 수 있다는 이야기가 암묵적으로 돌고 있다”고 말했다.[우고운 기자 woon@chosunbiz.com]chosunbiz.com조선비즈 관련뉴스해당 언론사에서 선정하며 언론사 페이지(아웃링크)로 이동해 볼 수 있습니다.""역시 한국""…베트남 인구 절반이 매료된 \'이것\'""10년 만에 돈 벌 기회 왔다""…들뜬 부동산 업계""4억에 내 집 물론 상가까지""…젊은부부 열광""정부 때문에 50조 날릴 판""…건설사들 사색환골탈태 현대차…""벌써부터 전화통에 불났다""좋아요0훈훈해요0슬퍼요0화나요0후속기사 원해요0기사제공 :']"
5,삼성전자, 2018-01-0509:40,뉴시스 ,"삼성전자, 셀카 기능 강화 '갤럭시 A8' 국내 출시",https://finance.naver.com/news/news_read.nhn?article_id=0008377531&office_id=003&mode=search&query=삼성전자&page=9,"['       삼성전자, 셀카 기능 강화 \'갤럭시 A8\' 국내 출시       기사입력2018-01-05 09:40기사원문좋아요훈훈해요좋아요 평가하기공감좋아요0훈훈해요0슬퍼요0화나요0후속기사 원해요0댓글【서울=뉴시스】【서울=뉴시스】심동준 기자 = 삼성전자가 셀카 촬영 기능이 강화된 스마트폰 제품 \'갤럭시 A8(Galaxy)\'를 국내 출시한다. 삼성전자는 5일 국내 이동통신 3사를 통해 갤럭시 A8 신제품을 출시한다고 밝혔다. 이 제품은 삼성전자에서 젊은 층을 대상으로 출시하는 고부가 제품군에 속한다. 삼성전자에 따르며 갤럭시 A8은 전면에 1600만 화소·800만 화소의 듀얼 카메라를 탑재했으며, 들어오는 빛의 양을 나타내는 수치인 조리개 값이 F1.9에 해당하는 렌즈를 적용해 고화질로 자가 촬영이 가능한 제품이다. 또 후면 카메라에는 1600만 화소에 조리개 값 F1.7 렌즈를 둬 야간 촬영이 용이하며, 동영상을 촬영할 때에도 흔들림을 보정하는 기술을 적용해 촬영을 안정적으로 할 수 있도록 설계했다고 삼성전자 측은 설명했다. 갤럭시 A8 디스플레이 크기는 18.5대 9, 외형은 메탈 프레임으로 구성됐다. 내부 기능으로는 모바일 결제 서비스인 \'삼성페이\', 지능형 인터페이스 \'빅스비 홈·빅스비 리마인더·빅스비 비전\'을 지원하며, 갤럭시 A 제품군 최초로 \'기어 VR\'과의 호환성도 갖췄다고 삼성전자는 전했다. 삼성전자 측은 ""2018년형 갤럭시 A8은 내장 메모리 용량을 32기가바이트(GB)로 블랙·골드·블루 세 가지로 색상으로 출시되며 출고가는 59만9500원이다""라며 ""구매 고객을 대상으로 오는 2월28일까지 사은품과 할인 쿠폰을 증정하는 행사도 진행한다""고 강조했다. s.won@newsis.com▶ 뉴시스 빅데이터 MSI 주가시세표 바로가기 ▶ 네이버 채널에서 뉴시스를 구독해주세요뉴시스 관련뉴스해당 언론사에서 선정하며 언론사 페이지(아웃링크)로 이동해 볼 수 있습니다.골목길 8천만원 뭉칫돈 주인 ""화나서 버려…안 돌려줘도 돼""이별통보 앙심…전 남친 성폭행범 무고 40대女 \'집유\'""장수 연애 비결, 일주일에 2번만 만나라""트럼프 ""남북대화 좋은 결과 희망…文대통령 100% 지지""삼성, 인텔 누르고 세계 최대 반도체 메이커 등극좋아요0훈훈해요0슬퍼요0화나요0후속기사 원해요0기사제공 :']"
6,삼성전자, 2018-01-0509:40,뉴시스 ,"[개장시황]코스피·코스닥, '美훈풍+반발매수세'에 상승 출발",https://finance.naver.com/news/news_read.nhn?article_id=0008377528&office_id=003&mode=search&query=삼성전자&page=9,"['       [개장시황]코스피·코스닥, \'美훈풍+반발매수세\'에 상승 출발      기사입력2018-01-05 09:40기사원문좋아요훈훈해요좋아요 평가하기공감좋아요0훈훈해요0슬퍼요0화나요0후속기사 원해요0댓글【서울=뉴시스】김형섭 기자 = 코스피와 코스닥이 5일 미국 증시 호조와 반발 매수세 유입으로 상승 출발했다. 이날 오전 9시18분 현재 코스피 지수는 전 거래일(2466.46) 대비 11.75포인트(0.48%) 오른 2478.21을 가리키고 있다. 지수는 전 거래일(2466.46)보다 10.39포인트(0.42%) 오른 2476.85로 출발했다. 전날 기관 투자자를 중심으로 차익실현 매물이 쏟아진 탓에 지수가 20포인트 가까이 빠지자 다시 반발 매수세가 유입된 결과로 풀이된다.간밤 뉴욕 증시가 또 다시 3대 지수 모두 사상 최고치로 마감한 것도 투자심리에 긍정적 영향을 준 것으로 보인다. 4일(현지시간) 뉴욕증권거래소(NYSE)에서 다우존스 30 산업평균지수는 전거래일보다 152.45포인트(0.61%) 오른 2만5075.13에 마감했다. 또 스탠더드앤드푸어스(S&P) 500 지수는 10.93포인트(0.40%) 상승한 2723.99에, 나스닥 지수는 12.38포인트(0.18%) 오른 7077.91에 장을 마쳤다.서상영 키움증권 연구원은 ""전날 한국 증시는 일부 종목에 대한 차익실현 매물이 출회되며 하락 했다. 특히 장 막판 코스닥의 바이오주에 대한 매물 출회로 투자심리가 위축된 점이 부담이었다""며 ""오늘 한국 증시는 이러한 일시적인 차익실현 매물을 뒤로하고 상승할 것""이라고 예상했다.그는 이어 ""미 증시는 견고한 고용지표를 기반으로, 유럽 증시는 일부 은행주에 대한 실적 개선 기대감을 토대로 모두 금융주가 상승을 주도했는데 이런 점을 감안하면 한국 증시도 금융주가 상승을 주도할 것""이라며 ""더불어 최근 실적 개선 기대감이 높아지며 미 증시 상승을 주도하고 있는 반도체주가 오늘도 상승세를 이어갔는데 이 또한 한국 증시에 우호적""이라고 전망했다.유가증권시장에서 외국인은 165억원을 순매도하고 있는 반면 개인과 기관은 각각 21억원, 96억원을 순매수 중이다.업종별로는 의약품이 1.23% 올라 상승폭이 가장 크며 화학(1.02%), 섬유의복(0.88%), 전기전자(0.83%), 기계(0.83%), 제조업(0.73%), 은행(0.58%) 등도 상승 중이다. 서비스업(-0.52%), 건설업(-0.37%), 전기가스업(-0.32%) 등은 하락 중이다.시가총액 상위종목의 경우 \'대장주\' 삼성전자가 전일대비 0.35%(9000원) 오른 256만3000원에 거래 중이며 시총 2위 SK하이닉스도 2.33%(1800원) 오른 7만8900원을 가리키고 있다. 현대차(0.68%), LG화학(0.88%), KB금융(1.27%), 삼성바이오로직스(1.57%), 삼성생명(0.41%) 등도 오르고 있지만 삼성전자우(-0.33%), NAVER(-1.12%) 등은 하락 중이다.코스닥 지수도 전 거래일(808.01)보다 7.89포인트(0.98%) 오른 815.90을 가리키고 있다. 지수는 전 거래일(808.01)보다 4.04포인트(0.50%) 오른 812.05로 출발한 뒤 상승폭을 조금씩 키우고 있다.개인과 외국인이 각각 154억원, 121억원의 순매수로 지수를 끌어올리고 있다. 기관은 257억원 순매도 중이다. ephites@newsis.com▶ 뉴시스 빅데이터 MSI 주가시세표 바로가기 ▶ 네이버 채널에서 뉴시스를 구독해주세요뉴시스 관련뉴스해당 언론사에서 선정하며 언론사 페이지(아웃링크)로 이동해 볼 수 있습니다.5일 빅데이터 \'핫 키워드\'…매수·유지·기관·투자의견·시장시장심리 톱5…OCI·POSCO·롯데쇼핑·대우조선해양·이마트국세청, MB소유 의혹 \'다스\' 경주 본사 세무조사 착수11월 경상수지 74.3억달러 흑자…여행수지 부진은 여전수출입은행, 본부장 4명 선임…경영진 세대교체좋아요0훈훈해요0슬퍼요0화나요0후속기사 원해요0기사제공 :']"
7,삼성전자, 2018-01-0509:36,디지털타임스 ,"롯데하이마트, `온라인·오프라인 동시세일` 진행",https://finance.naver.com/news/news_read.nhn?article_id=0002441785&office_id=029&mode=search&query=삼성전자&page=9,"[""       롯데하이마트, `온라인·오프라인 동시세일` 진행      기사입력2018-01-05 09:36기사원문좋아요훈훈해요좋아요 평가하기공감좋아요0훈훈해요0슬퍼요0화나요0후속기사 원해요0댓글 롯데하이마트가 5∼29일 '온라인·오프라인 동시세일'을 진행한다.이번 행사에서는 전국 460여 개 하이마트 오프라인 매장과 하이마트 온라인 쇼핑몰의 품목별 대표 인기 상품을 선정해 한정수량 할인 판매한다. 또 매주 행사상품을 선정해 초특가에 판매하는 '초특가 기획전'도 진행한다. 아울러 옴니세일즈 대표 인기 상품, 하이마트 단독상품을 할인가에 선보인다. 총 1억원 규모의 '황금 강아지 골드바 경품 행사'도 실시한다.먼저 '2018 서프라이즈 특가전'에서는 하이마트 온·오프라인 매장의 인기 품목 10종을 선정해 한정 판매한다. 냉장고·김치냉장고·TV·세탁기·청소기·안마의자·공기청정기·전기밥솥·전기레인지·노트북PC 등 10가지 품목의 인기 상품을 최대 15% 할인 판매한다. 삼성전자의 공기청정기(60㎡)는 57만9000원에, 바디프랜드 안마의자는 299만원에 살 수 있다. 다이슨 무선청소기는 79만9000원에, 삼성전자의 의류건조기(9㎏)는 89만원에 구매가능하다.아울러 매주 금요일부터 그 다음 주 목요일까지 초특가전을 열고 면도기·온수매트·블루투스스피커·블루투스이어폰·전기밥솥·미니믹서·핸드블렌더를 최대 60% 할인 판매한다. 행사는 첫째 주부터 셋째 주까지 지속되며, 주차별로 행사상품은 달라진다. 행사 첫째 주인 1월 5∼11일에는 위니아 공기청정 에어워셔를 39만9000원에 살 수 있다.이밖에 '옴니 슈퍼스타 상품전'을 진행, 지난 한해동안 판매한 옴니세일즈 상품 가운데 인기 상품을 총 150억원 물량으로 선보인다. 전기밥솥·전기레인지 등 주방가전과 미러리스·노트북 PC등 IT 기기, 김치냉장고·냉장고·TV·드럼세탁기·일반세탁기 등 대형가전을 포함해 총 60여 종을 할인 판매한다.하이마트에서만 구매 가능한 가전제품도 총 100억원 물량으로 선보인다. 하이마트 자체브랜드인 하이메이드 제품, 직소싱 브랜드인 벨라, 쿠진아트 제품도 판매한다. 삼성전자·대유위니아·동부대우·쿠쿠전자·신일 등 국내외 브랜드 제품 가운데 하이마트 단독상품도 구매 가능하다.박민영기자 ironlung@dt.co.kr 디지털타임스 홈페이지 바로가기 / SNS 바로가기디지털타임스 영문뉴스 바로가기 / 카드뉴스 바로가기박민영디지털타임스 관련뉴스해당 언론사에서 선정하며 언론사 페이지(아웃링크)로 이동해 볼 수 있습니다.하루평균 수수료 수익이 '수십 억'… 가상화폐 열풍에 거래소 난립현대차, 2021년 완전자율차 상용화… 내달 고속·시내도로 시연삼성, 더 똑똑해진 '엑시노스9'양산… 내달 공개 갤S9에 실린다5G 조기 상용화 글로벌 경쟁… 통신장비 수출 '큰 장' 열린다[르포] 국내 첫 제네시스 전용 전시관… 깔끔하게 오직 자동차만의 공간이좋아요0훈훈해요0슬퍼요0화나요0후속기사 원해요0기사제공 :""]"
8,삼성전자, 2018-01-0509:36,뉴시스 ,삼성전자 美세탁기 공장 12일 준공…현지 생산 돌입,https://finance.naver.com/news/news_read.nhn?article_id=0008377499&office_id=003&mode=search&query=삼성전자&page=9,"['       삼성전자 美세탁기 공장 12일 준공…현지 생산 돌입      기사입력2018-01-05 09:36기사원문좋아요훈훈해요좋아요 평가하기공감좋아요0훈훈해요0슬퍼요0화나요0후속기사 원해요0댓글【서울=뉴시스】 28일(현지시각) 미국 워싱턴 DC 윌라드 호텔에서 윤부근 삼성전자 CE부문 대표이사와 헨리 맥마스터 사우스캐롤라이나 주지사가 뉴베리 카운티 삼성전자 가전 공장 설립 투자 의향서에 서명한 뒤 기념촬영을 하고 있다. 2017.06.29. (사진=삼성전자 제공)  photo@newsis.com김현석 CE부문장 준공식 참석할듯【서울=뉴시스】심동준 기자 = 삼성전자가 미국 사우스캐롤라이나 뉴베리에 설립을 추진 중인 세탁기 제조공장이 오는 12일 준공된다. 5일 삼성전자에 따르면 이 회사 미국법인 소속 토니 프레일리(Tony Fraley) 사우스캐롤라이나 홈어플라이언스 공장장은 지난 3일(현지 시간) 미국 무역대표부(USTR)에서 열린 \'세탁기 세이프가드 공청회\'에서 세탁기 공장과 관련해 ""1월12일 준공식을 개최할 예정""이라고 밝혔다. 준공식에는 사우스캐롤라이나 주지사와 김현석(57) 삼성전자 CE사업부문장 등이 참석할 것으로 알려졌다. 삼성전자는 지난달 뉴베리 세탁기 공장에 대한 장비 점검과 작업자 교육을 진행했다. 또 공장 운영을 위해 뉴베리 지역에서 노동자 504명을 고용했다.  이 공장에서는 프론트로드(세탁문이 전면부에 부착된 세탁기) 방식 세탁기를 시작으로 2분기부터는 탑로드(세탁문이 상층부에 달린 세탁기) 방식 세탁기까지 제조 범위를 확대해나간다는 계획이다. 삼성전자는 올해 말까지 직원을 1000명 규모로 늘려 2교대 근무로 공장을 운영하는 등 제조 물량을 확대하겠다는 방침이다. 프레일리 공장장은 ""3월까지 11개 기계들이 설치될 것이며 전량을 생산하기까지는 몇 달이 더 걸릴 것""이라며 ""공장이 제대로 준공되고 운영될 수 있는 시간을 주길 바란다. 사우스캐롤라이나의 일자리 문제 성패가 달려있으니 공장이 제대로 건립될 때까지 도와 달라""고 호소했다. 공청회에서는 존 해링턴(John Herrington) 삼성전자 전무가 ""미국에서 판매할 세탁기의 생산기지를 미국 사우스캐롤라이나 뉴베리 지역으로 옮기고 있어 ITC의 저율할당관세(TRQ) 권고안에도 반대하지는 않지만 하루 만에 되는 일이 아니라 시간이 필요하다""고 밝혔다. 또 ""최근 폐점한 미국 유통매장 시어스 사례가 증명하듯 세이프가드는 월풀에게만 높은 시장 지위와 힘만 줄 뿐, 소비자들은 선택권을 제한받고 높은 가격으로 세탁기를 살 수 밖에 없는 피해를 입게 될 것""이라고 지적했다. 앞서 미국 국제무역위원회(USITC)는 삼성전자와 LG전자 등 국내 업체 브랜드 세탁기가 자국 산업에 악영향을 미치고 있다고 판단했다. 그러면서 저율관세할당(TRQ)을 설정하면서 120만대 넘는 세탁기에 대해 관세 50%를 부과키로 했다. 또 3년 간 각각 20%, 18%, 15%의 할당 내 관세를 추가로 부과하는 1안과 할당 내 관세는 부과하지 않는 방향의 2안을 제시했다.  이에 따라 삼성전자는 현지 당국을 상대로 세탁기에 대한 구제 조치가 현지 소비자와 노동자들에게 악영향을 미칠 가능성을 적극적으로 강조하는 활동을 전개했다.  아울러 세탁기 제조 공장 준공 납기를 앞당겨 조기에 가동, 세이프가드가 실제 발동될 경우 발생할 피해를 감경하기 위한 계획을 추진했다. s.won@newsis.com▶ 뉴시스 빅데이터 MSI 주가시세표 바로가기 ▶ 네이버 채널에서 뉴시스를 구독해주세요뉴시스 관련뉴스해당 언론사에서 선정하며 언론사 페이지(아웃링크)로 이동해 볼 수 있습니다.골목길 8천만원 뭉칫돈 주인 ""화나서 버려…안 돌려줘도 돼""이별통보 앙심…전 남친 성폭행범 무고 40대女 \'집유\'""장수 연애 비결, 일주일에 2번만 만나라""트럼프 ""남북대화 좋은 결과 희망…文대통령 100% 지지""삼성, 인텔 누르고 세계 최대 반도체 메이커 등극좋아요0훈훈해요0슬퍼요0화나요0후속기사 원해요0기사제공 :']"
9,삼성전자, 2018-01-0509:33,머니투데이 ,"코스피, 기관 순매수에 2480 근접… 코스닥은 1% 이상 강세",https://finance.naver.com/news/news_read.nhn?article_id=0003988727&office_id=008&mode=search&query=삼성전자&page=9,"['       코스피, 기관 순매수에 2480 근접… 코스닥은 1% 이상 강세      기사입력2018-01-05 09:33기사원문좋아요훈훈해요좋아요 평가하기공감좋아요0훈훈해요0슬퍼요0화나요0후속기사 원해요0댓글 [머니투데이 하세린 기자] [뉴욕증시 3대 지수 사상 최고가 경신… 코스닥 바이오주 상승중]코스피가 기관 투자자의 순매수에 2480선에 근접했다. 코스닥은 1% 이상 상승중이다. 5일 오전 9시32분 현재 코스피 지수는 전날대비 11.83포인트(0.48%) 오른 2478.29에 거래되고 있다. 간밤 뉴욕증시는 고용지표 호조와 상품가격 상승에 힘입어 새해들어 3거래일 연속 상승세를 이어갔다. 4일(현지시간) 다우존스산업평균지수는 전일대비 152.45포인트(0.6%) 오른 2만5075.13으로 거래를 마쳤다. 사상 처음으로 2만5000 고지에 올라섰다.S&P500지수는 전일대비 10.93포인트(0.4%) 상승하며 종가기준 사상 최고가인 2723.99로 장을 끝냈다. 기술주 중심의 나스닥종합지수는 전일대비 12.38포인트(0.2%) 오르며 종가기준 사상 최고가인 7077.91로 마감했다. 코스피 시장에서는 기관이 121억원 순매수다. 개인과 외국인이 각각 78억원, 96억원 순매도다.프로그램 매매는 차익거래 1억원 순매수, 비차익거래 141억원 순매수 등 전체 142억원 매수 우위다. 지수선물 시장에서는 외국인과 기관이 각각 684계약, 404계약 순매수다. 개인은 828계약 순매도다.업종 가운데 대다수가 상승세다. 화학 의약품이 1% 이상 오르는 가운데 음식료품 섬유의복 종이목재 비금속광물 기계 전기전자 의료정밀 운송장비 건설업 통신업 금융업 은행 증권 보험 등이 강세다. 반면 철강금속 유통업 운수창고가 약세다.시가총액 상위 종목 대부분이 강세다. 삼성전자가 소폭 오르는 가운데 SK하이닉스가 2% 이상 상승중이다. LG화학 KB금융 삼성바이오로직스가 1% 이상 오르고 있다. 반면 NAVER 삼성물산이 약세다. 한화가 한화건설 가치 재평가 기대감에 5%대 강세를 나타내고 있다. 오진환 하나금융투자 연구원은 ""한화가 100% 보유한 한화건설은 현재 펀더멘탈(기초체력) 변곡점을 지나고 있다는 점에서 관심이 필요하다""며 ""수주 규모는 12조원에 육박하고 이익률이 높은 대형 프로젝트나 수금이 지체됐던 이라크 프로젝트는 이라크 내전 종결과 국제 유가 상승으로 사업 재개가 본격화되는 시점""이라고 분석했다.SK케미칼 인적 분할을 통해 재상장한 지주사 SK디스커버리가 15%대 상승세다.지난해 12월 SK케미칼은 인적분할을 통해 지주사 체제로 전환했다. 지주사인 SK디스커버리는 SK가스(45.6%), SK플라즈마(60%), SK건설(28.3%) 등을 자회사로 보유하게 됐다.이달미 SK증권 연구원은 ""SK디스커버리가 보유한 지분 가치는 1조602억원으로 추정되고 순차입금 1747억원을 고려할 경우 NAV(순자산가치)는 8855억원 수준""이라며 ""SK케미칼 실적개선과 SK가스의 안정적인 배당, SK플라즈마 고성장 등 중장기 관점에서 기업가치가 상승할 여지가 높다""고 평가했다. 코스닥 지수는 8.97포인트(1.11%) 상승한 816.98를 기록하고 있다. 코스닥 시장에서는 개인과 외국인이 각각 177억원, 121억원 순매수다. 기관은 276억원 순매도다. 업종 가운데 대다수가 상승중이다. 오락문화 통신방송서비스 음식료담배 비금속 기계장비 운송장비부품 유통 금융이 모두 1% 이상 오르고 있다. 반면 IT소프트웨어가 소폭 하락중이다. 시가총액 상위 종목 가운데 대다수가 강세다. 셀트리온이 3% 이상 상승중이고, 셀트리온헬스케어는 강보합세다. 포스코켐텍이 4% 이상 강세이고, 펄어비스 휴젤 티슈진 메디톡스 바이로메드 코미팜 파라다이스 모두 1~2% 오르고 있다. 신라젠이 문은상 대표이사 등 대주주의 대규모 주식 처분 소식에 7% 넘게 하락한 뒤 상승반전했다. 현재 강보합세다.  전일 신라젠은 장 마감 후 공시를 통해 최대주주인 문은상 대표이사와 특별관계자 9인이 지난달 21일부터 이달 3일까지 장내매도를 통해 보유 지분율이 20.52%에서 16.53%로 3.99%포인트(271만3997주) 감소했다고 장 밝혔다. 지분 변동사유는 \'보유주식 변동 및 담보계약의 변경\'이다. 문 대표이사가 매도한 주식 가운데 32만9575주는 문 대표에게 의결권을 위임한 주주가 신라젠 주식을 매도하면서 발생한 것이다. 하지만 문 대표가 본인 주식을 직접 매도한 것도 156만2844주에 달했다. 이번 매도로 문 대표이사의 지분율은 기존에 비해 2.75%(189만2419주) 감소했다. 지난 11월 제출한 3분기 사업보고서 기준 문 대표의 지분율은 7.84%에 불과했는데 5.09%만 남게 된 것이다.금융당국이 케이프의 SK증권 인수에 \'불승인\' 의견으로 가닥을 잡은 것으로 알려지면서 케이프가 7%대 약세다.한 언론 보도에 따르면 금융당국 관계자는 ""케이프의 SK증권 인수안은 통과가 어려운 상황""이라며 ""대주주적격성 심사과정에서 현재의 자금조달구조나 프라이빗에퀴티(PEF) 형태로는 문제가 있어 불승인 의견 쪽으로 논의가 진행되고 있다""고 밝힌 것으로 알려졌다. 케이프컨소시엄은 지난해 8월 SK가 보유한 SK증권 지분 10%를 약 600억원에 인수하는 내용의 본계약을 체결했다. 한편 원/달러 환율은 서울 외국환시장에서 전장대비 0.70원(0.07%) 내린 1061.50원을 기록하고 있다. ▶돌아본 2017 \'10대 키워드\'▶무료 만화 보고 선물도 받고~ ▶치어리더 vs 레이싱걸 하세린 기자 iwrite@mt.co.kr 머니투데이 관련뉴스해당 언론사에서 선정하며 언론사 페이지(아웃링크)로 이동해 볼 수 있습니다.\'꼬북칩 2300만봉\' 대박..오리온, 개발주역들에 포상\'세계 4위\' 렉시 톰슨, 매혹 \'블랙 비키니\'..모델급 몸매[현장+]""盧의 부엉이 바위"" 언급, 신년사부터 꼬인 환경부2018년 공무원 봉급표… \'1급 공무원\' 월급은?현대차 노조, 새해 벽두부터 파업좋아요0훈훈해요0슬퍼요0화나요0후속기사 원해요0기사제공 :']"
10,삼성전자, 2018-01-0509:29,연합뉴스 ,미국 증시 훈풍에 코스피·코스닥 상승세 되찾아,https://finance.naver.com/news/news_read.nhn?article_id=0009792533&office_id=001&mode=search&query=삼성전자&page=9,"['       미국 증시 훈풍에 코스피·코스닥 상승세 되찾아      기사입력2018-01-05 09:29기사원문좋아요훈훈해요좋아요 평가하기공감좋아요0훈훈해요0슬퍼요0화나요0후속기사 원해요0댓글코스피 상승 (PG)  [제작 조혜인](서울=연합뉴스) 전명훈 기자 = 전날 하루 숨을 고른 코스피·코스닥지수가 상승세를 회복했다.    5일 오전 9시 15분 현재 코스피는 전 거래일보다.11.10포인트(0.45%) 오른 2,477.56을 나타내고 있다.     지수는 전날보다 10.39포인트(0.42%) 오른 2,476.85로 장을 출발한 뒤 2,480선 을 넘나들면서 추가 상승 동력을 찾고 있다.     지난밤 뉴욕증시에서는 주요 3대 지수가 또다시 사상 최고치 기록을 경신했다.    다우존스 산업평균지수는 25,075.13으로 마감해 사상 처음 25,000선을 넘어섰다.    스탠더드 앤드 푸어스(S&P) 500 지수도 0.93포인트(0.4%) 오른 2,723.99에 마감하며 또다시 역대 최고치를 갈아치웠고, 이틀 전 7,000선에 안착했던 기술주 중심의 나스닥지수는 12.38포인트(0.18%) 오르면서 7,077.91까지 고점을 높였다.    이날 유가증권시장에서 외국인은 164억원어치 순매도세를 나타내고 있다. 외국인의 팔자세는 5거래일 만이다.    기관과 개인이 각각 96억원, 21억원어치 순매수로 지수를 밀어올리고 있다.    시가총액 1·2위인 삼성전자(0.31%)와 SK하이닉스(1.69%)는 동반 상승세다.     포스코(0.27%), LG화학(0.38%), KB금융(1.11%), 삼성물산(0.39%), 삼성생명(0.41%) 등도 함께 오르고 있다.코스피는 상승, 원-달러 환율은 하락 출발(서울=연합뉴스) 홍해인 기자 = 5일 오전 서울 을지로 KEB하나은행 딜링룸의 전광판에 상승세를 보이는 코스피 지수와 하락세를 나타내는 원-달러 환율이 표시되고 있다.     hihong@yna.co.kr    반면 현대차(-0.34%), NAVER(-0.11%), 삼성바이오로직스(-0.13%) 등은 약세다.    대부분 업종이 상승세다.    건설업(0.65%), 전기전자(0.64%), 화학(0.59%), 기계(0.56%), 증권(0.54%), 제조업(0.52%), 섬유의복(0.49%), 종이목재(0.42%), 운송장비(0.36%) 등이 오르고 있다. 이 시각 하락하는 업종은 운수창고(-0.16%), 서비스업(-0.06%) 둘 뿐이다.    코스닥도 힘을 되찾았다    코스닥지수는 전 거래일보다 6.54포인트(0.81%) 오른 814.55를 가리키고 있다.    전날보다 4.04포인트(0.50%) 오른 812.05로 출발한 코스닥지수는 제약·바이오 업종 대표주의 상승세를 바탕으로 오름폭을 키우고 있다.    셀트리온(3.40%), 셀트리온헬스케어(1.51%), 셀트리온제약(1.51%) 등 셀트리온 3형제가 함께 오르고, 티슈진(1.88%), 메디톡스(2.13%), 바이로메드(1.46%), 휴젤(1.00%) 등 다른 바이오주도 강세를 띠고 있다.     신라젠(-0.54%), 로엔(-0.09%)은 하락세다.    id@yna.co.kr▶기사제보 및 문의▶기자와 1:1 채팅\xa0\xa0▶최신 트렌드연합뉴스 관련뉴스해당 언론사에서 선정하며 언론사 페이지(아웃링크)로 이동해 볼 수 있습니다.\xa0압구정 아파트 경비원 94명 전원 해고…최저임금 인상탓?\xa0세계적 담배회사 필립모리스의 새해결심은 \'금연\'\xa0비보호 좌회전 몰라도 합격?…운전면허시험 문제없나\xa0""\'제주 호텔 먹튀\' 논란 JYJ 김준수, 38억원 물어내""\xa0동료 엽사가 쏜 총탄에 맞아 사망…""멧돼지로 착각""좋아요0훈훈해요0슬퍼요0화나요0후속기사 원해요0기사제공 :']"
11,삼성전자, 2018-01-0509:25,헤럴드경제 ,롯데하이마트 온라인ㆍ오프라인 동시세일 진행,https://finance.naver.com/news/news_read.nhn?article_id=0001336834&office_id=016&mode=search&query=삼성전자&page=9,"['       롯데하이마트 온라인ㆍ오프라인 동시세일 진행      기사입력2018-01-05 09:25기사원문좋아요훈훈해요좋아요 평가하기공감좋아요0훈훈해요0슬퍼요0화나요0후속기사 원해요0댓글-‘2018 서프라이즈 특가전’, ‘초특가전’ 기획전 선봬-총 1억원 규모의 ‘황금 강아지 골드바 경품 이벤트’ 진행[헤럴드경제=박로명 기자] 롯데하이마트는 5일을 시작으로 1월 29일까지 ‘온라인ㆍ오프라인 동시세일’을 진행한다고 이날 밝혔다. 전국 460여개 하이마트 오프라인 매장과 하이마트쇼핑몰을 통틀어 품목별 대표 인기 상품을 선정해 한정수량 특가에 판매하는 한편, 매주 행사상품을 선정해 초특가에 판매하는 ‘초특가 기획전’을 진행한다. 또 옴니세일즈 대표 인기 상품이나 하이마트 단독상품을 기획가에 선보인다. 총 1억원 규모의 ‘황금 강아지 골드바 경품 행사’도 진행한다.\xa0롯데하이마트가 신년 온라인, 오프라인 동시세일을 진행한다. [사진 제공=롯데하이마트]‘2018 서프라이즈 특가전’에서는 하이마트 온ㆍ오프라인 매장의 인기 품목 10종을 선정해 한정수량 특가판매한다. 냉장고, 김치냉장고, TV, 세탁기, 청소기, 안마의자, 공기청정기, 전기밥솥, 전기레인지, 노트북 등 10가지 품목의 인기 상품을 제품에 따라 최대 15% 할인판매한다. 삼성전자의 공기청정기(60㎡)를 57만9000원에, 바디프랜드 안마의자를 299만원에 판매한다. 또 다이슨 무선청소기를 79만9000원에, 삼성전자의 의류건조기(9kg)를 89만원에 판다. ‘초특가전’도 진행한다. 매주 금요일부터 그 다음주 목요일까지 진행된다. 면도기, 온수매트, 블루투스스피커, 블루투스이어폰, 전기밥솥, 미니믹서, 핸드블렌더 등 다양한 행사 상품을 제품에 따라 최대 60% 할인판매한다. 행사는 첫째 주부터 셋째주까지 지속되며, 주차별로 행사상품은 달라진다. 행사 첫째 주인 1월5일부터 1월11일까지는 위니아 공기청정 에어워셔를 39만9000원에 판매한다. ‘옴니 슈퍼스타 상품전’도 진행한다. 지난 한해동안 판매된 옴니세일즈 상품 가운데 가장 많은 사랑을 받은 가전을 150억원 물량으로 모아 선보인다. 전기밥솥, 전기레인지 등 주방가전에서부터 미러리스, 노트북 등 IT기기와 김치냉장고, 냉장고, TV, 드럼세탁기, 일반세탁기 등 대형가전에 이르기까지 총 60여종을 특가에 판매한다. 다양한 경품 이벤트도 진행한다. 2018년 무술년을 맞아 총 1억원 규모의 ‘황금 강아지 골드바 경품 행사’를 진행한다. 1월 2일부터 1월 31일까지 하이마트 매장을 방문해 응모권을 작성하거나 하이마트쇼핑몰 이벤트 페이지에서 응모한 모든 고객을 대상으로 2018명을 추첨해 총 1억원 규모의 ‘황금 강아지 골드바 경품 행사’를 진행한다. 1등부터 3등까지 황금 강아지가 새겨진 골드바를 증정한다. 1등(1명)에게는 100돈을, 2등(2명)에게는 50돈을, 3등(10명)에게는 20돈을 준다. 4등(500명)과 5등(1505명)에게는 각각 롯데리아 상품권(1만원권), 엔제리너스 상품권(5천원권)을 준다. 롯데하이마트 문주석 마케팅부문장은 “이번 ‘온라인ㆍ오프라인 동시세일’에서는 구매 성향이 다른 온라인, 오프라인 고객 모두의 만족도를 높일 수 있도록 가격, 혜택 등 각각의 장점을 통합해 다양한 혜택을 마련했다“며 “시간과 공간에 구애 받지 않는 다양한 이벤트와 기획전을 마련한 만큼, 구매를 계획한 소비자들에게 좋은 기회가 될 것”이라고 말했다.dodo@heraldcorp.com▶ 생활용품 또 떨어졌어? 마트 가지 말고 한번에 쓱~▶헤럴드경제 채널 설정하기 ▶카카오플러스 친구맺기 - Copyrights ⓒ 헤럴드경제 & heraldbiz.com, 무단 전재 및 재배포 금지 -헤럴드경제 관련뉴스해당 언론사에서 선정하며 언론사 페이지(아웃링크)로 이동해 볼 수 있습니다.류여해 ""홍준표, 내 손 잡고 주물럭…속상했다""류현진·배지현 오늘(5일) 결혼…사회는 유재석이언주 ""장제원, 바른정당 있을때는 샤방샤방""김종석, 시민 문자에 \'ㅁㅊㅅㄲ\',\'ㅅㄱㅂㅊ\' 답문 파문30대 엄마, 아파트서 어린 두자녀 던지고 투신좋아요0훈훈해요0슬퍼요0화나요0후속기사 원해요0기사제공 :']"
12,삼성전자, 2018-01-0509:23,매일경제 ,"현대산업개발, 수지 광교에 시니어주택 짓는다",https://finance.naver.com/news/news_read.nhn?article_id=0004078185&office_id=009&mode=search&query=삼성전자&page=9,"[""       현대산업개발, 수지 광교에 시니어주택 짓는다      기사입력2018-01-05 09:23기사원문좋아요훈훈해요좋아요 평가하기공감좋아요0훈훈해요0슬퍼요0화나요0후속기사 원해요0댓글수지 광교산 아이파크 모델하우스 5일 오픈수지 광교산아이파크 조감도 [자료제공 현대산업개발] 현대산업개발은 5일 경기 용인시 수지구 동천동 901번지(신분당선 동천역 2번 출구 앞) 일대에 '수지 광교산 아이파크' 모델하우스를 열고 공급에 나선다고 밝혔다.경기도 용인시 수지구 풍덕천동 산24-3 일원에 들어서는 이 단지는 지하6층~지상 8층, 18개동,  전용면적 59~84㎡, 537세대 규모다. 시니어주택으로 분양하기 때문에 청약통장이 없어도 만 60세 이상이면 청약할 수 있다. 거주지 제한이 없어 전국 어디에서나 청약이 가능하며, 분양권전매제한의 규제도 적용받지 않는다.582m의 광교산이 단지를 둘러싸고 있으며 단지 남측으로는 약 20만㎡ 규모의 수지생태공원이 있어 주거환경이 쾌적하다. 신분당선 수지구청역을 쉽게 이용할 수 있어, 지하철 이용 시 2호선·신분당선 강남역까지 약 24분이면 도착할 수 있다. 용인 수지지구 남측으로는 광교시도시와 접해 있어 광교테크노밸리와 삼성전자산단 등으로 이동이 쉽고, 북으로는 분당과 판교신도시가 마주해 판교테크노밸리 등으로 출퇴근도 용이하다.용인 수지지구 내 있는 이마트와 롯데마트를 비롯한 상업시설이 인접해 있으며 신세계백화점이 있는 분당선 죽전역이 차량 약 10분 거리에 있다. 현대백화점이 위치한 신분당선 판교역도 지하철로 10분이면 닿을 수 있으며 수지구청을 비롯해 병원과 관공서 등도 인접해 있다.토월초, 성복중, 수지중·고 등 용인 명문학군이 가깝고 용인 수지 상업지구와 분당의 학원시설 이용도 수월하다.단지 내에는 게스트하우스와 헬스장, GX룸, 실내골프연습장이 있는 피트니스센터가 조성될 예정이다. 입주예정일은 2019년 12월이다. [디지털뉴스국 이미연 기자]▶뉴스 이상의 무궁무진한 프리미엄 읽을거리 ▶아나운서가 직접 읽어주는 오늘의 주요 뉴스[ⓒ 매일경제 & mk.co.kr, 무단전재 및 재배포 금지]매일경제 관련뉴스해당 언론사에서 선정하며 언론사 페이지(아웃링크)로 이동해 볼 수 있습니다.실제 결혼 앞둔 '국민불륜녀' 민지영의 반전 미모성병 '콘딜로마' 20~30대 남성 감염 급증서지혜 섹시 수영복…블랙 시스루 완벽몸매플로리다 덮친 한파에 '냉동' 이구아나 속출서지혜, 과감한 비키니 자태…몸매가 다 했네좋아요0훈훈해요0슬퍼요0화나요0후속기사 원해요0기사제공 :""]"
13,삼성전자, 2018-01-0509:23,연합뉴스 ,"삼성카드, 갤럭시 A8 장기할부 서비스",https://finance.naver.com/news/news_read.nhn?article_id=0009792526&office_id=001&mode=search&query=삼성전자&page=9,"['       삼성카드, 갤럭시 A8 장기할부 서비스      기사입력2018-01-05 09:23기사원문좋아요훈훈해요좋아요 평가하기공감좋아요0훈훈해요0슬퍼요0화나요0후속기사 원해요0댓글삼성전자, 영 프로미엄 스마트폰 \'갤럭시 A8\' 출시(서울=연합뉴스) 삼성전자가 2018년형 영 프리미엄 스마트폰 \'갤럭시 A8\'을 출시한다고 5일 전했다. \'갤럭시 A8\'은 32GB 내장 메모리에 블랙, 골드, 블루 세 가지로 색상으로 출시된다. 사진은 갤럭시 A8의 블랙 색상. [삼성전자 제공=연합뉴스]     photo@yna.co.kr(서울=연합뉴스) 박의래 기자 = 삼성카드는 삼성전자 갤럭시 A8 휴대폰 장기할부 서비스와 할인 혜택 등을 내달 말까지 제공한다고 5일 밝혔다.    \'T 삼성카드2 V2\' 카드로 SK텔레콤에서 장기할부 서비스를 이용해 \'갤럭시A8\'을 구매하면 전월 신용카드 이용실적에 따라 최대 월 2만원의 결제일 할인 혜택을 준다.    할부 수수료율은 24개월은 연 5.9%, 36개월은 연 7.0%이다.    삼성카드 관계자는 ""\'T 삼성카드 2 V2\'를 통해 고객들이 \'갤럭시A8\'을 보다 합리적으로 구매할 수 있을 것으로 기대한다""고 밝혔다.    laecorp@yna.co.kr▶기사제보 및 문의▶기자와 1:1 채팅\xa0\xa0▶최신 트렌드연합뉴스 관련뉴스해당 언론사에서 선정하며 언론사 페이지(아웃링크)로 이동해 볼 수 있습니다.\xa0압구정 아파트 경비원 94명 전원 해고…최저임금 인상탓?\xa0세계적 담배회사 필립모리스의 새해결심은 \'금연\'\xa0비보호 좌회전 몰라도 합격?…운전면허시험 문제없나\xa0""\'제주 호텔 먹튀\' 논란 JYJ 김준수, 38억원 물어내""\xa0동료 엽사가 쏜 총탄에 맞아 사망…""멧돼지로 착각""좋아요0훈훈해요0슬퍼요0화나요0후속기사 원해요0기사제공 :']"
14,삼성전자, 2018-01-0509:21,매일경제 ,"삼성전자, 2030세대 겨냥한 `갤럭시A8` 출시",https://finance.naver.com/news/news_read.nhn?article_id=0004078179&office_id=009&mode=search&query=삼성전자&page=9,"[""       삼성전자, 2030세대 겨냥한 `갤럭시A8` 출시      기사입력2018-01-05 09:21기사원문좋아요훈훈해요좋아요 평가하기공감좋아요0훈훈해요0슬퍼요0화나요0후속기사 원해요0댓글[사진 제공 : 삼성전자] 삼성전자는 5일 이동통신 3사를 통해 2018년형 '갤럭시 A8'을 출시했다.갤럭시A8은 언제 어디서나 자신을 자유롭게 표현하고, 일상의 가치와 즐거움을 추구하는 2030세대를 겨냥한 모델이다. 차별화된 카메라 기능과 혁신적인 디자인 등 플래그십 스마트폰의 특장점을 한층 더 젊고 감각적으로 계승했다.우선 젊은 소비자를 위한 강력한 카메라 기능을 갖췄다. 전면에는 각각 1600만 화소, 800만 화소의 듀얼 카메라를 탑재하고 조리개 값 F1.9 렌즈를 적용해 초고화질의 셀피 촬영이 가능하다. 촬영 시는 물론, 촬영 후에도 원하는 만큼 배경을 흐리게 처리할 수 있는 '라이브 포커스' 기능도 지원한다. 후면 카메라는 1600만 화소에 조리개값 F1.7의 렌즈를 탑재해 낮과 밤 모두 보다 선명하고 깨끗한 사진 촬영이 가능하다. 또 VDIS(Video Digital Image Stabilization) 기능으로 동영상 촬영 시의 흔들림을 보정한다.  디스플레이는 프리미엄 스마트폰에만 적용되던 18.5:9의 인피니티 디스플레이다. 이외에 프리미엄 기능들도 대거 탑재했다. 모바일 간편 결제 서비스 '삼성 페이', 지능형 인터페이스 '빅스비(Bixby)' 중 '빅스비 홈'·'빅스비 리마인더'·'빅스비 비전'을 지원한다. IP68 등급의 방수·방진 기능과 함께 갤럭시 A 시리즈 최초로 '기어 VR'과 호환도 가능하다.갤럭시A8은 32GB 내장 메모리에 블랙, 골드, 블루 3가지로 색상으로 출시된다. 출고가는 59만9500원이다.  삼성전자는 다음달 28일까지 갤럭시 A8 출시를 기념해 '5000원의 행복' 이벤트를 진행한다. 개통 후 삼성 멤버스 또는 삼성 페이 애플리케이션에서 이벤트에 참여하면 블루투스 스피커 JBL Go(약 4만4000원), 정품 네온 플립 커버(약 3만3000원), Kick-Tok+Ring Tok 커버 세트 (약 3만9000원)를 5000원에 구입할 수 있는 할인 쿠폰을 증정한다. 할인 사용 기간은 1월19일부터 3월 31일까지다.[디지털뉴스국 박진형 기자]▶뉴스 이상의 무궁무진한 프리미엄 읽을거리 ▶아나운서가 직접 읽어주는 오늘의 주요 뉴스[ⓒ 매일경제 & mk.co.kr, 무단전재 및 재배포 금지]매일경제 관련뉴스해당 언론사에서 선정하며 언론사 페이지(아웃링크)로 이동해 볼 수 있습니다.실제 결혼 앞둔 '국민불륜녀' 민지영의 반전 미모[단독] 복병만난 현대차 GBC…軍, 뒤늦게 비행안전 제기서지혜 섹시 수영복…블랙 시스루 완벽몸매디자인부터 성능까지, 확 젊어진 렉서스 LS서지혜, 과감한 비키니 자태…몸매가 다 했네좋아요0훈훈해요0슬퍼요0화나요0후속기사 원해요0기사제공 :""]"
15,삼성전자, 2018-01-0509:19,매일경제 ,"코스피, 美 증시 훈풍에 상승 출발",https://finance.naver.com/news/news_read.nhn?article_id=0004078176&office_id=009&mode=search&query=삼성전자&page=9,"['       코스피, 美 증시 훈풍에 상승 출발      기사입력2018-01-05 09:19기사원문좋아요훈훈해요좋아요 평가하기공감좋아요0훈훈해요0슬퍼요0화나요0후속기사 원해요0댓글 코스피가 미국 증시 호조에 힘입어 상승 출발하고 있다. 5일 오전 9시 4분 현재 코스피는 전일 대비 10.72포인트(0.43%) 오른 2477.18을 기록 중이다.전날 지수는 일부 종목에 대해 차익매물이 쏟아져나오면서 하락했다. 다만 이날에는 미국 증시 호조에 힘입어 10.39포인트 상승 출발하며 2470선을 오르내리고 있다. 최근 지수에 온기를 불어넣은 외국인은 이날 장 초반 \'팔자\'로 나서며 차익실현에 나서는 모습이다.간밤 뉴욕증시는 미국의 민간고용 호조 등으로 사상 최고치를 찍었다. 특히 다우지수는 사상 처음으로 2만5000포인트 고지를 넘어섰다. ADP 전미고용보고서에 따르면 12월 민간부문 고용 증가는 11월 18만5000명에서 25만명으로 상승했다. 이는 지난해 3월 이후 가장 많은 수준이다. 당초 월스트리트저널(WSJ)이 집계한 시장 전망치는 19만5000명이었다.다음주부터는 본격적으로 지난해 4분기 어닝시즌이 시작된다. 9일 삼성전자의 잠정 실적 발표로 기업들이 실적을 내놓을 예정이다. 삼성전자 4분기 영업이익 추정치는 최근 하향 조정이 지속되며 15조원대를 기록하고 있다.코스피 전체 실적 추정치 역시 전월 추정치 대비 1.15% 가량 감소했다. 4분기 실적의 관건은 원화 강세의 영향과 통상 나타나는 빅배스(누적손실이나 잠재손실을 특정 회계연도에 몰아 한꺼번에 정리하는 회계기법) 증가 여부다. 과거 5년 동안 빅배스의 영향으로 전망치 대비 영업이익과 순이익이 15%, 35% 가량 밑돌았기 때문이다. 다만 아직까지 기업이익의 증가에 따른 인센티브 확대, 비용 과대 계상 가능성 등으로 빅배스 규모는 과거와 유사한 수준으로 관측된다. 김병연 NH투자증권 연구원은 ""시장의 관심은 4분기 보다는 올해 1분기 및 올해 연간 이익 레벨 증가에 존재할 것""이라면서 ""4분기 어닝쇼크 영향은 크지 않을 것으로 예상한다""고 말했다.이밖에 금융당국은 이달 중 코스닥 중심의 자본시장 혁신방안을 발표할 예정이다. 관전포인트는 코스닥 전용 펀드 세제 혜택과 신벤치마크 지수(KRX300(가칭), 코스피·코스닥 혼합지수) 구성 종목이다. 코스닥 전용 펀드 세제 혜택의 강도에 따라 단기 차익실현 욕구 확대, 혹은 추가적 수급 모멘텀 확대 여부가 결정될 전망이다. 다만 9~12일(현지시간) CES2018, 내달 중소 벤처기업 협업 활성화 대책 발표 등 이슈가 다수 존재한다는 점을 감안하면 코스닥 및 중소형주 모멘텀 확대는 지속될 것으로 예상된다.김 연구원은 ""가치주 성향의 소재·산업재의 상승, 바이오 차익실현 등이 나타나고 있지만 정부 정책과 이슈 등을 감안할 때 아직은 성장주의 모멘텀이 지속될 시점""이라면서 ""원화 강세를 감안해 환변동성이 낮은 정책수혜주, 바이오 등의 성장주로 대응하는 것이 바람직하다""고 조언했다.이날 유가증권시장에는 전체적으로 오르는 업종이 많다.종이목재, 기계, 전기전자, 섬유의복, 건설업, 화학 등이 강세를 보이고 있다.매매주체별로 외국인은 89억원 순매도하고 있고 개인과 기관은 각각 24억원, 34억원 순매수하고 있다. 프로그램 매매는 48억원 매수 우위다.시가총액 상위 종목은 대체로 상승세다. 삼성전자, SK하이닉스, POSCO, LG화학, KB금융 등 주요 대형 종목들이 오름세를 나타내고 있다. NAVER, 삼성바이오로직스 등은 하락세다.이날 코스피시장에서는 496개 종목이 상승하고 있고 189개 종목이 하락하고 있다.코스닥은 전일 대비 5.30포인트(0.66%) 오른 813.31을 기록 중이다.[디지털뉴스국 김경택 기자]▶뉴스 이상의 무궁무진한 프리미엄 읽을거리 ▶아나운서가 직접 읽어주는 오늘의 주요 뉴스[ⓒ 매일경제 & mk.co.kr, 무단전재 및 재배포 금지]매일경제 관련뉴스해당 언론사에서 선정하며 언론사 페이지(아웃링크)로 이동해 볼 수 있습니다.실제 결혼 앞둔 \'국민불륜녀\' 민지영의 반전 미모[단독] 복병만난 현대차 GBC…軍, 뒤늦게 비행안전 제기서지혜 섹시 수영복…블랙 시스루 완벽몸매디자인부터 성능까지, 확 젊어진 렉서스 LS서지혜, 과감한 비키니 자태…몸매가 다 했네좋아요0훈훈해요0슬퍼요0화나요0후속기사 원해요0기사제공 :']"
16,삼성전자, 2018-01-0509:19,헤럴드경제 ,배당 늘렸더니...지난해 외국인 몫 4배 급증,https://finance.naver.com/news/news_read.nhn?article_id=0001336827&office_id=016&mode=search&query=삼성전자&page=9,"['       배당 늘렸더니...지난해 외국인 몫 4배 급증      기사입력2018-01-05 09:19기사원문좋아요훈훈해요좋아요 평가하기공감좋아요0훈훈해요0슬퍼요0화나요0후속기사 원해요0댓글11월까지 적자 52.1억 달러한은 “분기배당 확대 영향”[헤럴드경제=신소연 기자]지난해 외국인 배당이 1년 새 4배 이상 확대된 것으로 나타났다.5일 한국은행이 발표한 ‘2017년 11월 국제수지(잠정)’에 따르면, 연초부터 11월까지 본원소득수지 중 투자소득은 2억1000만 달러를 기록했다. 전년 동월(46억4000달러)의 4.5%에 불과할 만큼 쪼그라든 것이다.투자소득이 줄어든 것은 배당 명목으로 외국으로 빠져나간 자금이 급증했기 때문이다. 지난해 1~11월 투자 소득 계정 중 배당소득은 52억1000만 달러 적자를 기록했다. 전년도 같은기간(12억1000만 달러 적자)에 비해 적자폭이 4.3배나 확대된 것이다. 그만큼 외국인에게 지급된 배당이 많다는 게 한은의 설명이다.배당소득 적자폭의 증가는 우선 지난해 국내 기업들의 수익성이 개선되면서 그만큼 배당 여력이 늘어났기 때문이다. 한은에 따르면 지난해 3분기 기준 국내 기업의 매출은 전년보다 13.8% 늘었고, 매출액 영업이익률은 7.6%를 기록했다. 이는 각각 2011년 1분기(16.9%)와 2010년 2분기(7.7%) 이후 가장 높은 수준이다.이와 함께 외국인 보유 주식 수가 늘어 받아갈 수 있는 배당도 그만큼 커졌다는 분석이다. 지난해 외국인이 보유한 상장주식 규모가 처음으로 600조원을 돌파했다. 이는 상장주식 전체의 33.4%에 해당하는 수준이다.이밖에 최근 배당 확대를 원하는 주주들의 요구로 분기 배당이 늘어난 점도 외국인 배당 확대의 원인 중 하나다. 예전에는 배당소득 적자가 1분기에 주로 이뤄졌지만, 삼성전자 등 대형주를 중심으로 연중 배당을 하기로 하면서 배당소득 적자가 연중 이어지고 있다.한편 지난해 11월 경상수지는 74억3000만 달러 흑자로, 2012년 3월 이후 69개월 연속 흑자를 기록했다. 수출(514억8000만 달러)과 수입(400억2000만 달러)의 고른 호조로 상품수지가 18.3% 늘어난 114억6000만 달러를 기록했다. 하지만 해외 여행객 증가와 건설수지 흑자폭 축소 등으로 서비스 수지는 전년 동월(18억1000만 달러 적자)보다 커진 32억7000만 달러의 적자를 기록했다.carrier@heraldcorp.com▶ 생활용품 또 떨어졌어? 마트 가지 말고 한번에 쓱~▶헤럴드경제 채널 설정하기 ▶카카오플러스 친구맺기 - Copyrights ⓒ 헤럴드경제 & heraldbiz.com, 무단 전재 및 재배포 금지 -헤럴드경제 관련뉴스해당 언론사에서 선정하며 언론사 페이지(아웃링크)로 이동해 볼 수 있습니다.류여해 ""홍준표, 내 손 잡고 주물럭…속상했다""류현진·배지현 오늘(5일) 결혼…사회는 유재석이언주 ""장제원, 바른정당 있을때는 샤방샤방""김종석, 시민 문자에 \'ㅁㅊㅅㄲ\',\'ㅅㄱㅂㅊ\' 답문 파문30대 엄마, 아파트서 어린 두자녀 던지고 투신좋아요0훈훈해요0슬퍼요0화나요0후속기사 원해요0기사제공 :']"
17,삼성전자, 2018-01-0509:14,데일리안 ,[개장]코스피 2476.85(10.39p↑)…개인·기관 동반 ‘사자’,https://finance.naver.com/news/news_read.nhn?article_id=0002232048&office_id=119&mode=search&query=삼성전자&page=9,"[""       [개장]코스피 2476.85(10.39p↑)…개인·기관 동반 ‘사자’      기사입력2018-01-05 09:14기사원문좋아요훈훈해요좋아요 평가하기공감좋아요0훈훈해요0슬퍼요0화나요0후속기사 원해요0댓글코스피가 5일 전 거래일보다 10.39p(0.42%) 오른 2476.85에 개장했다.ⓒ게티이미지코스피가 5일 전 거래일보다 10.39p(0.42%) 오른 2476.85에 개장했다. 이날 오전 9시2분 현재 코스피에서 개인과 기관은 각각 24억원, 34억원을 순매수하고 있다. 반면 외국인은 89억원을 순매도 중이다. 시가총액 상위 종목들은 전체적으로 1~2%대 보합세를 보이고 있다. 시총 1위 삼성전자는 전 거래일보다 0.35%오른 256만3000원에 거래를 시작했다. 반면 현대차(0.34%), NAVER(0.67%), 삼성바이오로직(0.13%) 등은 하락세다. 코스닥도 전날보다 4.04p(0.50%) 오른 812.05로 장을 시작했다. 이날 오전 9시4분 현재 코스닥에서 개인과 외국인은 각각 60억원, 47억원을 순매수 중이다. 반면 기관은 103억원을 팔고 있다. 한편 이날 외환시장에서 원달러 환율은 전날보다 0.20원 오른 1062.40원에 거래를 시작했다. 데일리안 배상철 기자 (chulcho@dailian.co.kr)ⓒ (주)데일리안 - 무단전재, 변형, 무단배포 금지데일리안 관련뉴스해당 언론사에서 선정하며 언론사 페이지(아웃링크)로 이동해 볼 수 있습니다.[마감]코스피 2466.46(19.89P↓)…기관 3941억원 순매도[개장]코스피 2502.50(16.15p↑)...외인 나흘 연속 순매수[마감]코스피 2500선 바짝…외인 4000억 규모 '사자'[개장]코스피 2484.63에 개장…전일比 4.98p 상승[Great Korea] '코스피 3000' 희망찬 도전 그 결과는좋아요0훈훈해요0슬퍼요0화나요0후속기사 원해요0기사제공 :""]"
18,삼성전자, 2018-01-0509:14,이데일리 ,"코스피, 하루만에 반등…2480선 회복",https://finance.naver.com/news/news_read.nhn?article_id=0004005732&office_id=018&mode=search&query=삼성전자&page=9,"[""       코스피, 하루만에 반등…2480선 회복      기사입력2018-01-05 09:14기사원문좋아요훈훈해요좋아요 평가하기공감좋아요0훈훈해요0슬퍼요0화나요0후속기사 원해요0댓글- 개인·기관 동반 순매도…외국인 순매도- 건설업, 화학, 전기전자 등 업종 상승[이데일리 윤필호 기자] 코스피지수가 개인과 기관 투자자들의 매수세에 힘입어 상승 출발하며 2480선을 회복했다.5일 오전 9시9분 현재 코스피지수는 전 거래일대비 13.72포인트(0.56%) 오른 2480.18를 기록 중이다. 이날 기관과 개인 투자자 동반 순매수에 상승세로 출발한 지수는 2480선까지 넘어섰다.미국 뉴욕증시의 3대 주요 지수는 민간고용 호조 등으로 사상 최고치를 경신했다. 4일(현지시간) 뉴욕증권거래소(NYSE)에서 다우존스 30 산업평균지수는 전 거래일보다 152.45포인트(0.61%) 상승한 2만5075.13에 거래를 마쳤다. 스탠더드앤드푸어스(S&P) 500 지수는 전 거래일보다 10.93포인트(0.4%) 높은 2723.99에, 기술주 중심의 나스닥 지수는 12.38포인트(0.18%) 오른 7077.91에 장을 마감했다.서상영 키움증권 연구원은 “미국 증시는 견고한 고용지표를 기반으로 금융주가 상승을 주도했다”면서 “유럽 증시 또한 일부 은행주에 대한 실적 개선 기대감을 토대로 투자의견이 상향 조정되며 금융주가 상승을 주도했다”고 설명했다. 그는 “한국 증시 또한 이러한 점을 감안하면 금융주가 상승을 주도할 것으로 예상한다”면서 “최근 실적 개선 기대감이 높아지며 미국 증시 상승을 주도하고 있는 반도체주가 오늘도 상승세를 이어갔다. 이 또한 한국 증시에 우호적”이라고 언급했다.주체별로 외국인 투자자가 83억원 순매도를 기록하고 있다. 반면 개인과 기관은 각각 31억원, 20억원의 순매수를 보이고 있다. 기관 중에서는 사모펀드(33억원), 투신(33억원) 보험(9억원) 은행(3억원) 등이 매수 우위를 기록하고 있다.업종별로 강세를 보이고 있다. 건설업을 비롯해 화학, 전기전자, 운수장비, 기계, 섬유의복, 제조업, 증권, 종이목재, 은행, 금융업, 음식료업, 전기가스업, 통신업, 보험 등이 오름세를 보이고 있다. 다만 유통업, 서비스업, 운수창고는 하락세다.시가총액 상위종목도 대체로 강세다. SK하이닉스(000660)가 1% 넘는 상승세를 보이고 있다. 대장주 삼성전자(005930)를 비롯해 현대차(005380) POSCO(005490) LG화학(051910) KB금융(105560) 삼성바이오로직스(207940) 현대모비스(012330) 한국전력(015760) 신한지주(055550) SK텔레콤(017670) 등이 상승 곡선을 그리고 있다. 반면 NAVER(035420) 삼성물산(028260) 등은 하락세다.같은 시간 코스닥지수는 전날보다 9.23포인트(1.14%) 오른 817.24에 거래되고 있다. 개인과 외국인은 각각 57억원, 98억원 순매수를 기록한 가운데 기관은 143억원 순매도 중이다.윤필호 (nothing@edaily.co.kr)▶네이버 채널에서 ‘이데일리’를 구독해주세요▶[페이스북] 보러가기~ ▶[카카오톡] 플친 맺기~♥＜ⓒ종합 경제정보 미디어 이데일리 - 무단전재 & 재배포 금지＞이데일리 관련뉴스해당 언론사에서 선정하며 언론사 페이지(아웃링크)로 이동해 볼 수 있습니다.난 월 9만원 내고 압구정 50평 아파트에 산다文정부, 제식구 챙기려 공무원 호봉제 바꿨다생사기로 놓인 성동·STX조선해양…골든타임 놓칠까 좌불안석강남 집값 잡으려다 전셋값 놓칠라박근혜 임기중 12억 재산증식 비법은?…'국고의 사유화'좋아요0훈훈해요0슬퍼요0화나요0후속기사 원해요0기사제공 :""]"
19,삼성전자, 2018-01-0509:13,아시아경제 ,"롯데하이마트, 온·오프 동시세일…황금 강아지 골드바 경품",https://finance.naver.com/news/news_read.nhn?article_id=0004152310&office_id=277&mode=search&query=삼성전자&page=9,"['       롯데하이마트, 온·오프 동시세일…황금 강아지 골드바 경품      기사입력2018-01-05 09:13기사원문좋아요훈훈해요좋아요 평가하기공감좋아요0훈훈해요0슬퍼요0화나요0후속기사 원해요0댓글 [아시아경제 지연진 기자] 롯데하이마트는 이달 29일까지 \'온라인 ·오프라인 동시세일\'을 진행한다고 5일 밝혔다. 또 총 1억원 규모의 ‘황금 강아지 골드바 경품 행사’도 진행한다.‘2018 서프라이즈 특가전’에서는 하이마트 온 ·오프라인 매장의 인기 품목 10종을 선정해 한정수량 특가 판매한다. 삼성전자의 공기청정기(60㎡)를 57만9000원에, 바디프랜드 안마의자를 299만원에 판매한다. 또 다이슨 무선청소기는 79만9000원, 삼성전자의 의류건조기(9kg)를 89만원에 구매할 수 있다. 매주 금요일부터 그 다음주 목요일까는 ‘초특가전’도 진행한다. 면도기, 온수매트, 블루투스스피커, 블루투스이어폰, 전기밥솥, 미니믹서, 핸드블렌더 등 다양한 행사 상품을 제품에 따라 최대 60% 할인판매한다.  행사 첫째 주인 이날부터 오는 11일까지는 위니아 공기청정 에어워셔를 39만9000원에 판매한다.이달 31일까지 하이마트 매장을 방문해 응모권을 작성하거나 하이마트쇼핑몰 이벤트 페이지에서 응모한 모든 고객을 대상으로 2018명을 추첨해 총 1억원 규모의 ‘황금 강아지 골드바 경품 행사’를 진행한다. 1등부터 3등까지 황금 강아지가 새겨진 골드바를 증정한다. 1등(1명)에게는 100돈을, 2등(2명)에게는 50돈을, 3등(10명)에게는 20돈을 준다. 지연진 기자 gyj@asiae.co.kr▶ 양낙규의 \'군사이야기\'▶ #아시아경제 채널 구독 ▶ #아시아경제 페이스북아시아경제 관련뉴스해당 언론사에서 선정하며 언론사 페이지(아웃링크)로 이동해 볼 수 있습니다.난 63년생 \'절망 퇴직\' 은행원입니다손석희 사장 1년 만에 또 일냈다…\'대박\'정봉주 ""MB 비리 관련 물증 확보…핵폭탄 준비""문 정부 꾸짖으라는 말에…노회찬의 \'한방\'1000년에 한 번? 일본의 \'초미녀 4인\' 모습이좋아요0훈훈해요0슬퍼요0화나요0후속기사 원해요0기사제공 :']"
0,삼성전자, 2018-01-0509:08,스포츠조선 ,"롯데하이마트, 최초 '온라인·오프라인 동시세일' 진행",https://finance.naver.com/news/news_read.nhn?article_id=0003199456&office_id=076&mode=search&query=삼성전자&page=10,"['       롯데하이마트, 최초 \'온라인·오프라인 동시세일\' 진행      기사입력2018-01-05 09:08기사원문좋아요훈훈해요좋아요 평가하기공감좋아요0훈훈해요0슬퍼요0화나요0후속기사 원해요0댓글 롯데하이마트는 1월 5일부터 1월 29일까지 \'온라인·오프라인 동시세일\'을 진행한다. 전국 460여개 하이마트 오프라인 매장과 하이마트쇼핑몰을 통틀어 품목별 대표 인기 상품을 선정해 한정수량 특가에 판매하는 한편, 매주 행사상품을 선정해 초특가에 판매하는 \'초특가 기획전\'을 진행한다. 또 옴니세일즈 대표 인기 상품이나 하이마트 단독상품을 기획가에 선보인다. 총 1억원 규모의 \'황금 강아지 골드바 경품 행사\'도 진행한다.\'2018 서프라이즈 특가전\'에서는 하이마트 온·오프라인 매장의 인기 품목 10종을 선정해 한정수량 특가판매한다. 냉장고, 김치냉장고, TV, 세탁기, 청소기, 안마의자, 공기청정기, 전기밥솥, 전기레인지, 노트북 등 10가지 품목의 인기 상품을 제품에 따라 최대 15% 할인판매한다. \'초특가전\'도 진행한다. 매주 금요일부터 그 다음주 목요일까지 진행된다. 면도기, 온수매트, 블루투스스피커, 블루투스이어폰, 전기밥솥, 미니믹서, 핸드블렌더 등 다양한 행사 상품을 제품에 따라 최대 60% 할인판매한다. 이외에도 하이마트에서만 만나볼 수 있는 가전제품을 총 100억원 물량으로 모아 선보인다. 하이마트 자체브랜드인 하이메이드 제품을 비롯해 직소싱 브랜드인 벨라, 쿠진아트의 제품을 선보인다. 삼성전자, 대유위니아, 동부대우, 쿠쿠전자, 신일 등 국내외 브랜드 제품 가운데 하이마트 단독상품도 한 자리에 모았다. 다양한 경품 이벤트도 진행한다. 2018년 무술년을 맞아 총 1억원 규모의 \'황금 강아지 골드바 경품 행사\'를 진행한다. 1월 2일부터 1월 31일까지 하이마트 매장을 방문해 응모권을 작성하거나 하이마트쇼핑몰 이벤트 페이지에서 응모한 모든 고객을 대상으로 2018명을 추첨해 총 1억원 규모의 \'황금 강아지 골드바 경품 행사\'를 진행한다. 1등부터 3등까지 황금 강아지가 새겨진 골드바를 증정한다. 롯데하이마트 문주석 마케팅부문장은 ""이번 \'온라인·오프라인 동시세일\'에서는 구매 성향이 다른 온라인, 오프라인 고객 모두의 만족도를 높일 수 있도록 가격, 혜택 등 각각의 장점을 통합해 다양한 혜택을 마련했다.""며, ""시간과 공간에 구애 받지 않는 다양한 이벤트와 기획전을 마련한 만큼, 구매를 계획한 소비자들에게 좋은 기회가 될 것""이라고 말했다.이정혁 기자 jjangga@sportschosun.com[스포츠조선 바로가기] [스포츠조선 페이스북]- Copyrightsⓒ 스포츠조선(http://sports.chosun.com/), 무단 전재 및 재배포 금지좋아요0훈훈해요0슬퍼요0화나요0후속기사 원해요0기사제공 :']"
1,삼성전자, 2018-01-0509:08,아시아경제 ,"삼성카드, 갤럭시 A8 구매 시 카드 이용하면 장기할부·할인 혜택",https://finance.naver.com/news/news_read.nhn?article_id=0004152307&office_id=277&mode=search&query=삼성전자&page=10,"['       삼성카드, 갤럭시 A8 구매 시 카드 이용하면 장기할부·할인 혜택      기사입력2018-01-05 09:08기사원문좋아요훈훈해요좋아요 평가하기공감좋아요0훈훈해요0슬퍼요0화나요0후속기사 원해요0댓글 [아시아경제 정현진 기자] 삼성카드가 삼성전자 갤럭시 A8 구매 시 \'T 삼성카드2 V2\'를 이용하면 휴대폰 장기할부 서비스와 할인 혜택을 제공한다고 5일 밝혔다.삼성카드는 다음달 28일까지 SK텔레콤과 제휴를 맺고 출시한 \'T 삼성카드2 V2\'로 24, 36개월 휴대폰 장기할부 서비스를 제공한다. 이 카드로 SK텔레콤에서 장기할부 서비스를 이용해 \'갤럭시A8\'을 구매할 경우 전월 신용카드 이용실적에 따라 최대 월 2만원의 결제일 할인 혜택이 제공되돼 24개월 장기할부는 최대 48만원, 36개월 장기할부는 최대 72만원까지 혜택을 받을 수 있다. 24개월 장기할부 수수료율은 연 5.9%, 36개월은 연 7.0%가 적용된다.장기할부 서비스 외에도 \'T 삼성카드2 V2\'는 생활밀착형 서비스로 커피전문점과 대중교통/택시 5% 결제일 할인 등 실용적인 혜택을 제공한다.이 카드는 전월 신용카드 이용실적에 세금, 공과금, 통신요금 납부 금액 등이 포함돼 이용실적 달성에 유리하다고 삼성카드는 설명했다. 단 무이자할부 이용금액은 이용실적에서 제외된다.정현진 기자 jhj48@asiae.co.kr▶ 양낙규의 \'군사이야기\'▶ #아시아경제 채널 구독 ▶ #아시아경제 페이스북아시아경제 관련뉴스해당 언론사에서 선정하며 언론사 페이지(아웃링크)로 이동해 볼 수 있습니다.난 63년생 \'절망 퇴직\' 은행원입니다손석희 사장 1년 만에 또 일냈다…\'대박\'정봉주 ""MB 비리 관련 물증 확보…핵폭탄 준비""문 정부 꾸짖으라는 말에…노회찬의 \'한방\'1000년에 한 번? 일본의 \'초미녀 4인\' 모습이좋아요0훈훈해요0슬퍼요0화나요0후속기사 원해요0기사제공 :']"
2,삼성전자, 2018-01-0509:08,이데일리 ,'더 강력한 카메라·대화면 디스플레이'..삼성 '갤럭시A8' 국내 출시,https://finance.naver.com/news/news_read.nhn?article_id=0004005725&office_id=018&mode=search&query=삼성전자&page=10,"[""       '더 강력한 카메라·대화면 디스플레이'..삼성 '갤럭시A8' 국내 출시      기사입력2018-01-05 09:08기사원문좋아요훈훈해요좋아요 평가하기공감좋아요0훈훈해요0슬퍼요0화나요0후속기사 원해요0댓글- 5일 이동통신 3사 동시 출시..출고가 59만9500원- 강력한 카메라 기능..골드·블루·블랙 등 3가지 색- A시리즈 최초 기어VR 호환..2월까지 기념 이벤트[이데일리 김혜미 기자] 삼성전자(005930)가 2018년형 ‘영 프리미엄(Young Premium)’ 스마트폰 갤럭시 A8을 5일 국내 이동통신 3사에서 출시한다고 밝혔다.2030세대를 겨냥한 갤럭시 A8은 차별화된 카메라 기능과 혁신적인 디자인 등 플래그십 스마트폰의 특장점을 더 젊고 감각적으로 계승했다는 점이 특징이다.갤럭시 A8은 우선 셀피를 즐기는 젊은 소비자들을 위해 강력한 카메라 기능을 갖췄다. 전면에 각각 1600만 화소와 800만 화소의 듀얼 카메라를 탑재하고, 조리개값 F1.9 렌즈를 적용해 초고화질의 셀피 촬영이 가능하다. 촬영하는 동안은 물론 촬영 후에도 원하는 만큼 배경을 흐리게 처리할 수 있는 ‘라이브 포커스’ 기능을 지원해 입체감있는 셀피를 촬영할 수 있다.후면 카메라는 1600만화소에 조리개값 F1.7의 렌즈를 탑재했다. 낮과 밤 모두 선명하고 깨끗한 사진 촬영이 가능하다. VDIS(Video Digital Image Stabilization) 기능이 적용돼 동영상 촬영 시 흔들림을 보정해준다.갤럭시 A8은 18.5대 9의 인피니티 디스플레이를 적용했다. 꽉 찬 대화면으로 다양한 크기의 영상 콘텐츠를 즐길 수 있으며 최상의 보는 경험을 선사한다. 유려한 글래스와 메탈 프레임의 부드러운 곡선이 어우러져 고급스럽고 감각적인 디자인을 완성했다. 동시에 스마트폰 이용에 최적화된 편안한 그립감도 제공한다.젊은 층에게 특히 매력있는 프리미엄 기능도 대거 탑재했다. 모바일 간편 결제 서비스 삼성페이는 물론, 지능형 인터페이스 ‘빅스비’ 중 빅스비 홈과 빅스비 리마인더, 빅스비 비전 등을 지원한다. IP68 등급의 방수·방진 기능과 더불어 갤럭시 A시리즈 최초로 기어VR과도 호환된다.갤럭시 A8은 32GB 내장 메모리에 블랙, 골드, 블루 세 가지 색상으로 출시되며 출고가는 59만9500원이다.삼성전자는 갤럭시 A8 출시를 기념해 구매 고객을 대상으로 오는 2월 28일까지 ‘5천원의 행복’ 이벤트를 진행한다. 갤럭시 A8을 개통한 뒤 삼성 멤버스 또는 삼성 페이 애플리케이션에서 이벤트에 참여하면 블루투스 스피커 JBL Go(4만 4천원 상당), 정품 네온 플립 커버(3만 3천원 상당), Kick-Tok+Ring Tok 커버 세트(3만 9천원 상당)를 5000원에 구입할 수 있는 할인 쿠폰을 증정한다. 할인 쿠폰은 1월19일부터 3월31일까지 사용 가능하다.2018년형 갤럭시 A8에 대한 자세한 내용은 삼성전자 홈페이지에서 확인할 수 있다.삼성 갤럭시A8 블루색상. 삼성전자 제공삼성 갤럭시A8 골드색상. 삼성전자 제공김혜미 (pinnster@edaily.co.kr)▶네이버 채널에서 ‘이데일리’를 구독해주세요▶[페이스북] 보러가기~ ▶[카카오톡] 플친 맺기~♥＜ⓒ종합 경제정보 미디어 이데일리 - 무단전재 & 재배포 금지＞이데일리 관련뉴스해당 언론사에서 선정하며 언론사 페이지(아웃링크)로 이동해 볼 수 있습니다.난 월 9만원 내고 압구정 50평 아파트에 산다文정부, 제식구 챙기려 공무원 호봉제 바꿨다생사기로 놓인 성동·STX조선해양…골든타임 놓칠까 좌불안석강남 집값 잡으려다 전셋값 놓칠라박근혜 임기중 12억 재산증식 비법은?…'국고의 사유화'좋아요0훈훈해요0슬퍼요0화나요0후속기사 원해요0기사제공 :""]"
3,삼성전자, 2018-01-0509:07,SBS Biz ,한미FTA 개정 협상 ‘車·철강’ 쟁점…관련주 전략은?,https://finance.naver.com/news/news_read.nhn?article_id=0000148478&office_id=374&mode=search&query=삼성전자&page=10,"['       한미FTA 개정 협상 ‘車·철강’ 쟁점…관련주 전략은?      기사입력2018-01-05 09:07기사원문좋아요훈훈해요좋아요 평가하기공감좋아요0훈훈해요0슬퍼요0화나요0후속기사 원해요0댓글■ 경제와이드 모닝벨 - 김민수 메리츠종금증권 여의도금융센터 부장Q. 새해 들어 이틀 동안 강한 상승세를 나타냈던 코스피-코스닥 양시장이 어제는(4일) 쉬어가는 모습을 보였는데요. 어떻게 판단하고 계십니까?- 상승세 주춤, 쉬어가는 韓증시…판단은- 연초 글로벌 증시 강세ㆍ1월 효과 기대- 코스피, 장중 2500 찍고 하락 전환- 코스닥 새해 들어 820선 고지 돌파- 기관 매도 규모 확대…차익실현 판단- 정책 기대ㆍ남북관계 해빙 긍정적- 1월 수익률 코스닥 상대적 강세- 4분기 실적 관련 낮아진 눈높이 긍정적Q. 연초부터 통상 이슈가 최대 관심입니다. 오늘(5일) 한중 FTA 후속협상 공청회가 열리고 워싱턴에선 한미 FTA 1차 개정협상이 열립니다. 먼저 한중 FTA 후속협상 관련 주목할 종목들이 있다면요?- 한중 FTA 후속협상, 주목할 종목은- 한중 FTA 서비스투자 후속협상 공청회- 서비스 시장 추가 개방 놓고 힘 겨루기- 유통ㆍ관광 원칙적 개방…예외적 제한- 中 2015년 서비스 무역 세계 2위- 中 소비ㆍ엔터ㆍ의료 관련주 주목Q. 한미 FTA 개정협상에서는 자동차, 철강, 농산물이 최대 쟁점이 되고 있는데요. 관련주 접근 어떻게 해야 할까요?- 자동차ㆍ철강 \'쟁점\'…관련주 전략은- 거세지는 보호무역 속 FTA 개정협상- 자동차ㆍ철강 등 수입장벽 강화 예상- 농축수산물 시장 개방폭 확대 요구 예상- 韓, 주요품목 관세 조정 등 요구- FTA 협정외 개별적 압박수단 우려- FTA 관련 철강주, 조정 시 비중확대Q. 새해 들어 대기업들의 지주회사 전환에 속도가 붙고 있습니다. 지난 2일 롯데지주가 롯데그룹 비상장 계열사 6곳의 투자 사업부문을 흡수합병 한 데 이어 효성이 지주회사 체제 전환을 공식화했는데요. 주가는 어떻게 작용할까요?- 새해 \'지주사 전환\' 속도 내는 재벌- 롯데지주ㆍ효성, 상승세 시작될까- 효성 4월 임시주총…회사분할 6월1일- ""효성, 사업별 기업가치 재평가""- 효성, 지주사 전환 결정 후 약세- 롯데지주 순환ㆍ상호출자 완전 해소- ""롯데지주 기업가치 제고 본격화""- 현대차ㆍ우리은행 지주사 전환 활발- 하반기 스튜어드십 코드 적용 긍정적Q. 가상화폐 관련주가 정부의 규제가 무색하게 급등하고 있습니다. 투기 근절을 위한 특별대책에도 소용없는데요. 가상화폐 관련주 어떻게 대응해야 할까요?- 가상화폐 관련주 강세…대응전략은- 다시 널뛰는 가상화폐주…규제 무색- 정부 규제 실효성에 의구심 제기- 직장인 10명 중 3명 가상화폐 투자- 거래소 지분 보유 회사 중심 강세- 거래소 실적ㆍ지분가치 대비 \'고평가\'Q. 오늘 장 투자전략 세워주시고, 연초 강세장이 지속된다고 했을 때 주목할 업종이나 테마가 있다면요?- 연초 강세장 기대, 주목할 업종은- 기대감-차익매물 속 변동성 확대 염두- 9일 삼성전자 4분기 잠정실적 발표- CES 2018ㆍ코스닥 활성화 대책 주목- 연기금, 바이오·中 소비관련주 싹쓸이(자세한 내용은 동영상을 시청하시기 바랍니다.) ☞ 의견 있는 경제채널 SBSCNBC [홈페이지] [뉴스스탠드]☞ 공식 SNS [페이스북] 저작권자 SBS플러스 & SBS I&M 무단전재-재배포 금지SBS Biz 관련뉴스해당 언론사에서 선정하며 언론사 페이지(아웃링크)로 이동해 볼 수 있습니다.2시간 미팅 가진 김동연-이주열…""환율 과도한 쏠림 대응""전국 달걀 반출 \'주 2회 제한\'…포천 농장 1곳, H5N6형 확인[단독] 연금복권 1등 당첨금, 월 700만 원·30년 지급 \'백지화\'차기 금투협회장은 누구?…\'4파전\' 예고\'중대형 아파트\' 다시 뜬다…추세적인 흐름일까?좋아요0훈훈해요0슬퍼요0화나요0후속기사 원해요0기사제공 :']"
4,삼성전자, 2018-01-0509:06,머니S ,"삼성전자, 美 세탁기공장 12일 준공",https://finance.naver.com/news/news_read.nhn?article_id=0000287385&office_id=417&mode=search&query=삼성전자&page=10,"['       삼성전자, 美 세탁기공장 12일 준공      기사입력2018-01-05 09:06기사원문좋아요훈훈해요좋아요 평가하기공감좋아요0훈훈해요0슬퍼요0화나요0후속기사 원해요0댓글본문 이미지 영역/사진=뉴시스삼성전자가 미국 사우스캐롤라이나주 뉴베리에 건설 중인 세탁기 공장을 12일 준공하고 본격적인 가동에 들어간다.존 해링턴 삼성전자 미국법인 선임부사장은 지난 3일(현지시간) 미 무역대표부(USTR) 주재로 열린\xa0세탁기 세이프가드 공청회에 출석해 이 같이 밝혔다.현재 뉴베리 공장에는 504명의 직원이 고용돼 있으며 삼성전자는 올해 말까지 이 공장에 1000명의 직원을 채용할 방침이다. 2교대 체제로 연간 세탁기 100만대 이상을 생산하게 된다.준공식에는 사우스 캐롤라이나 주지사와 김현석 삼성전자 CE(소비자가전)부문장(사장) 등이 참석할 것으로 알려졌다.한편 뉴베리 공장 가동은 당초 삼성전자의 계획보다 한두달 가량 앞당겨진 것이다. 이는 도널드 트럼프 미국 대통령이 세이프가드 발동 여부 및 수위를 최종 결정하는 시한인 2월 초에 앞서 미국 공장을 가동, 충격에 대비하려는 조치로 해석된다.이한듬 기자 mumford@mt.co.kr머니S 관련뉴스해당 언론사에서 선정하며 언론사 페이지(아웃링크)로 이동해 볼 수 있습니다.정주리 남편 ""잔소리 안 들으려 머리 밀어""… 상위 1% 독특한 에피소드스타골든벨 \'정답소녀\' 김수정, 소녀에서 숙녀로""문희옥, 소속사 대표와 사실혼·아들도 있다"" 폭로박유천, 세금체납으로 31억짜리 오피스텔 압류당했다허경영의 호화생활…여성 몸 더듬고 ""치유"" 주장까지좋아요0훈훈해요0슬퍼요0화나요0후속기사 원해요0기사제공 :']"
5,삼성전자, 2018-01-0509:03,한국경제 ,(출발)삼성전자 256만5000원…0.43%↑,https://finance.naver.com/news/news_read.nhn?article_id=0003874766&office_id=015&mode=search&query=삼성전자&page=10,"['       (출발)삼성전자 256만5000원…0.43%↑      기사입력2018-01-05 09:03기사원문좋아요훈훈해요좋아요 평가하기공감좋아요0훈훈해요0슬퍼요0화나요0후속기사 원해요0댓글 한경닷컴[한경닷컴 바로가기] [글방] [모바일한경 구독신청] ⓒ 한국경제 & hankyung.com, 무단전재 및 재배포 금지한국경제 관련뉴스해당 언론사에서 선정하며 언론사 페이지(아웃링크)로 이동해 볼 수 있습니다.삼성·LG, 10년만에 \'로컬디밍\' TV기술 전쟁 재현 조짐시장조사기업 ""삼성, 인텔 제치고 세계최대 반도체 메이커 차지""14억에 거래되던 판교 아파트, 불과 3개월 만에\'신의 직장\' 불리는 중소기업 초봉 어느 정도길래?""1년에 단 2번…"" 유명 명품 70% 세일 예고한 곳이좋아요0훈훈해요0슬퍼요0화나요0후속기사 원해요0기사제공 :']"
6,삼성전자, 2018-01-0509:02,뉴시스 ,"롯데하이마트, '온·오프라인 동시세일'…1억 규모 경품도",https://finance.naver.com/news/news_read.nhn?article_id=0008377411&office_id=003&mode=search&query=삼성전자&page=10,"['       롯데하이마트, \'온·오프라인 동시세일\'…1억 규모 경품도      기사입력2018-01-05 09:02기사원문좋아요훈훈해요좋아요 평가하기공감좋아요0훈훈해요0슬퍼요0화나요0후속기사 원해요0댓글 온라인 쇼핑몰과 오프라인 매장의 가격, 서비스 등 장점을 통합한 동시세일 진행 롯데하이마트, ‘2018 서프라이즈 특가전’, ‘초특가전’ 기획전···제품에 따라 최대 60% 할인판매 총 1억원 규모의 ‘황금 강아지 골드바 경품 이벤트’ 진행···1등 100돈, 2등 50돈, 3등 20돈 증정   【서울=뉴시스】김종민 기자 = 롯데하이마트는 5일부터 29일까지 \'온라인·오프라인 동시세일\'을 진행한다고 밝혔다. 전국 460여개 하이마트 오프라인 매장과 하이마트쇼핑몰을 통틀어 품목별 대표 인기 상품을 선정해 한정수량 특가에 판매한다. 매주 행사상품을 선정해 초특가에 판매하는 ‘초특가 기획전’도 진행한다. 또 옴니세일즈 대표 인기 상품이나 하이마트 단독상품을 기획가에 선보인다. 총 1억원 규모의 ‘황금 강아지 골드바 경품 행사’도 진행한다.‘2018 서프라이즈 특가전’에서는 하이마트 온·오프라인 매장의 인기 품목 10종을 선정해 한정수량 특가판매한다. 냉장고, 김치냉장고, TV, 세탁기, 청소기, 안마의자, 공기청정기, 전기밥솥, 전기레인지, 노트북 등 10가지 품목의 인기 상품을 제품에 따라 최대 15% 할인판매한다. 삼성전자의 공기청정기(60㎡)를 57만9000원에, 바디프랜드 안마의자를 299만원에 판매한다. 또 다이슨 무선청소기를 79만9000원에, 삼성전자의 의류건조기(9㎏)를 89만원에 판다. ‘초특가전’도 진행한다. 매주 금요일부터 그 다음주 목요일까지 진행된다. 면도기, 온수매트, 블루투스스피커, 블루투스이어폰, 전기밥솥, 미니믹서, 핸드블렌더 등 다양한 행사 상품을 제품에 따라 최대 60% 할인판매한다. 행사는 첫째 주부터 셋째주까지 지속되며 주차별로 행사상품은 달라진다. 행사 첫째 주인 5~11일은 위니아 공기청정 에어워셔를 39만9000원에 판매한다. ‘옴니 슈퍼스타 상품전’도 진행한다. 지난 한해동안 판매된 옴니세일즈 상품 가운데 가장 많은 사랑을 받은 가전을 150억원 물량으로 모아 선보인다. 전기밥솥, 전기레인지 등 주방가전에서부터 미러리스, 노트북 등 IT기기와 김치냉장고, 냉장고, TV, 드럼세탁기, 일반세탁기 등 대형가전에 이르기까지 총 60여종을 특가에 판매한다.이외에도 하이마트에서만 만나볼 수 있는 가전제품을 총 100억원 물량으로 모아 선보인다. 하이마트 자체브랜드인 하이메이드 제품을 비롯해 직소싱 브랜드인 벨라, 쿠진아트의 제품을 선보인다. 삼성전자, 대유위니아, 동부대우, 쿠쿠전자, 신일 등 국내외 브랜드 제품 가운데 하이마트 단독상품도 한 자리에 모았다. 다양한 경품 이벤트도 진행한다. 2018년 무술년을 맞아 총 1억원 규모의 ‘황금 강아지 골드바 경품 행사’를 진행한다. 2~31일 하이마트 매장을 방문해 응모권을 작성하거나 하이마트쇼핑몰 이벤트 페이지에서 응모한 모든 고객을 대상으로 2018명을 추첨해 총 1억원 규모의 ‘황금 강아지 골드바 경품 행사’를 진행한다. 1등부터 3등까지 황금 강아지가 새겨진 골드바를 증정한다. 1등(1명)에게는 100돈을, 2등(2명)에게는 50돈을, 3등(10명)에게는 20돈을 준다. 4등(500명)과 5등(1505명)에게는 각각 롯데리아 상품권(1만원권), 엔제리너스 상품권(5000원권)을 준다.   롯데하이마트 문주석 마케팅부문장은 “이번 ‘온라인·오프라인 동시세일’에서는 구매 성향이 다른 온라인, 오프라인 고객 모두의 만족도를 높일 수 있도록 가격, 혜택 등 각각의 장점을 통합해 다양한 혜택을 마련했다“며 “시간과 공간에 구애 받지 않는 다양한 이벤트와 기획전을 마련한 만큼, 구매를 계획한 소비자들에게 좋은 기회가 될 것”이라고 말했다. jmkim@newsis.com▶ 뉴시스 빅데이터 MSI 주가시세표 바로가기 ▶ 네이버 채널에서 뉴시스를 구독해주세요뉴시스 관련뉴스해당 언론사에서 선정하며 언론사 페이지(아웃링크)로 이동해 볼 수 있습니다.골목길 8천만원 뭉칫돈 주인 ""화나서 버려…안 돌려줘도 돼""이별통보 앙심…전 남친 성폭행범 무고 40대女 \'집유\'""장수 연애 비결, 일주일에 2번만 만나라""트럼프 ""남북대화 좋은 결과 희망…文대통령 100% 지지""삼성, 인텔 누르고 세계 최대 반도체 메이커 등극좋아요0훈훈해요0슬퍼요0화나요0후속기사 원해요0기사제공 :']"
7,삼성전자, 2018-01-0509:02,뉴시스 ,삼성 갤럭시 A8 국내 출시,https://finance.naver.com/news/news_read.nhn?article_id=0008377414&office_id=003&mode=search&query=삼성전자&page=10,"['       삼성 갤럭시 A8 국내 출시      기사입력2018-01-05 09:02기사원문좋아요훈훈해요좋아요 평가하기공감좋아요0훈훈해요0슬퍼요0화나요0후속기사 원해요0댓글【서울=뉴시스】 삼성전자는 2018년형 영 프리미엄(Young Premium) 스마트폰 갤럭시 A8을 국내 이동통신 3사를 통해 5일 출시한다고 밝혔다. ‘갤럭시 A8’은 전면에는 각각 1,600만 화소, 800만 화소의 듀얼 카메라를 탑재, 32GB 내장 메모리에 블랙, 골드, 블루 세 가지로 색상으로 출시되며 출고가는 599,500원이다. 2018.01.05. (사진=삼성전자 제공) photo@newsis.com[사진 영상 제보받습니다] 공감언론 뉴시스가 독자 여러분의 소중한 제보를 기다립니다. 뉴스 가치나 화제성이 있다고 판단되는 사진 또는 영상을 뉴시스 사진영상부(n-photo@newsis.com, 02-721-7470)로 보내주시면 적극 반영하겠습니다.뉴시스 관련뉴스해당 언론사에서 선정하며 언론사 페이지(아웃링크)로 이동해 볼 수 있습니다.골목길 8천만원 뭉칫돈 주인 ""화나서 버려…안 돌려줘도 돼""이별통보 앙심…전 남친 성폭행범 무고 40대女 \'집유\'""장수 연애 비결, 일주일에 2번만 만나라""트럼프 ""남북대화 좋은 결과 희망…文대통령 100% 지지""삼성, 인텔 누르고 세계 최대 반도체 메이커 등극좋아요0훈훈해요0슬퍼요0화나요0후속기사 원해요0기사제공 :']"
8,삼성전자, 2018-01-0509:02,뉴시스 ,삼성 갤럭시 A8 국내 출시,https://finance.naver.com/news/news_read.nhn?article_id=0008377410&office_id=003&mode=search&query=삼성전자&page=10,"['       삼성 갤럭시 A8 국내 출시      기사입력2018-01-05 09:02기사원문좋아요훈훈해요좋아요 평가하기공감좋아요0훈훈해요0슬퍼요0화나요0후속기사 원해요0댓글【서울=뉴시스】 삼성전자는 2018년형 영 프리미엄(Young Premium) 스마트폰 갤럭시 A8을 국내 이동통신 3사를 통해 5일 출시한다고 밝혔다. ‘갤럭시 A8’은 전면에는 각각 1,600만 화소, 800만 화소의 듀얼 카메라를 탑재, 32GB 내장 메모리에 블랙, 골드, 블루 세 가지로 색상으로 출시되며 출고가는 599,500원이다. 2018.01.05. (사진=삼성전자 제공) photo@newsis.com[사진 영상 제보받습니다] 공감언론 뉴시스가 독자 여러분의 소중한 제보를 기다립니다. 뉴스 가치나 화제성이 있다고 판단되는 사진 또는 영상을 뉴시스 사진영상부(n-photo@newsis.com, 02-721-7470)로 보내주시면 적극 반영하겠습니다.뉴시스 관련뉴스해당 언론사에서 선정하며 언론사 페이지(아웃링크)로 이동해 볼 수 있습니다.골목길 8천만원 뭉칫돈 주인 ""화나서 버려…안 돌려줘도 돼""이별통보 앙심…전 남친 성폭행범 무고 40대女 \'집유\'""장수 연애 비결, 일주일에 2번만 만나라""트럼프 ""남북대화 좋은 결과 희망…文대통령 100% 지지""삼성, 인텔 누르고 세계 최대 반도체 메이커 등극좋아요0훈훈해요0슬퍼요0화나요0후속기사 원해요0기사제공 :']"
9,삼성전자, 2018-01-0509:02,매일경제 ,"[2018 증권사 톱픽] ②NAVER, 미래 먹거리 투자 성과 가시화",https://finance.naver.com/news/news_read.nhn?article_id=0004078166&office_id=009&mode=search&query=삼성전자&page=10,"['       [2018 증권사 톱픽] ②NAVER, 미래 먹거리 투자 성과 가시화      기사입력2018-01-05 09:02기사원문좋아요훈훈해요좋아요 평가하기공감좋아요0훈훈해요0슬퍼요0화나요0후속기사 원해요0댓글 # 구랍 11일, 독자에게 새로운 경험을 제공하는 웹툰이 공개됐다. 그 주인공은 바로 네이버 모바일웹툰 \'마주쳤다\'. 얼굴인식 등 인공지능(AI) 기술을 활용한 이 웹툰은 스마트폰으로 셀카(본인 사진)를 찍으면 웹툰 속 주인공이 내 얼굴과 같은 캐릭터로 자동 전환된다. 네이버는 지난 2016년에도 증강현실(AR) 기술을 적용한 만화 \'폰령\'을 공개한 바 있다. AI, VR, 사물인터넷(IoT) 등으로 통칭되는 4차 산업혁명 시대를 맞아 네이버는 다양한 미래 기술 분야에 대해 투자를 아끼지 않고 있다.NAVER는 AI, 로봇, 자율주행, 음성인식 등 신규 기술에 대한 투자를 활발하게 진행 중이다. 지난해에는 AI 기반 추천 시스템 에어스(AIRS), 여행지 추천 알고리즘 코나(ConA) 등을 순차적으로 출시하기 시작했고 인공지능 비서 \'클로바\'를 적용한 AI 스피커 웨이브·프렌즈, 이미지 인식 기술을 활용한 쇼핑렌즈 등을 잇따라 내놓는 등 생활 밀착형 서비스를 발빠르게 선보이고 있다. 과거 \'포털공룡\'으로 불리기도 했던 NAVER는 이제 단순히 검색 중심의 시장장악력을 높이는 데 그치지 않고 서비스, 콘텐츠와 기술을 아우르는 종합 플랫폼 기업으로 거듭날 전망이다.차세대 기술이 신성장 동력으로 작용하면서 NAVER의 투자매력을 끌어올릴 것이라는 기대감이 높다. 올해 추천종목 리스트를 내놓은 증권사 15곳 가운데 미래에셋대우, KB증권, 한국투자증권, 삼성증권 등 주요 대형사 4곳이 NAVER를 올해 유망 종목으로 꼽았다. NAVER보다 더 많은 득표수를 얻은 종목은 삼성전자(6곳)가 유일하다. 투자정보업체 에프앤가이드에 따르면 NAVER의 내년 매출액과 영업이익 추정치(연결재무제표 기준)는 각각 5조3400억원, 1조4300억원이다. 지난해 실적(추정) 대비 14.4%, 17.6% 높은 수준이다. 지난해 공격적인 투자를 단행하면서 일시적으로 비용 부담이 커졌지만 선투자에 따른 매출이 온기에 반영되기 시작하면서 점차 실적 안정화 단계에 진입할 것이라는 분석이다.증권사들은 특히 AI 기술 투자 성과 가시화에 주목하고 있다. 문지현 미래에셋대우 연구원은 ""NAVER는 현재 검색광고의 강자이지만 음성 인터페이스와 AI 딥러닝 추천엔진 시대에 대해서도 대비하고 있다""면서 ""AI를 활용해 유통 밸류체인을 지속적으로 강화하고 있으며 검색 서비스는 소비자와의 대표 접점으로 살려두고 커머스 서비스를 네이버 쇼핑·윈도·스토어팜·예약·쇼핑렌즈 등으로 다양화하고 있다""고 말했다.  AI 적용에 따라 인터넷 플랫폼의 지배력이 확대되는 것도 주목할 점이다. NAVER는 O2O(온·오프라인 연계) 침투를 통해 신규 매출 기회를 발굴하고 있다. 실내 소형 및 대형 공간, 야외 공간, 산업 시설, 도로 위 주행 중인 자동차 등에 대해 로보틱스, 자율주행차 연구 등을 통해 접근 중이다. 자회사 네이버랩스를 통해 로봇팔 \'앰비덱스(AMBIDEX)\', 실내 자율주행 서비스 로봇 \'어라운드(AROUND)\', 전동 스케이트보드, 근력증강 웨어러블 로봇 기술을 응용한 \'에어카트(AIRCART)\', 바퀴 달린 로봇 \'터스크봇(Tuskbot)\' 등을 개발하고 있어 향후 적용되는 분야도 다양할 것으로 관측된다.이동륜 KB증권 연구원은 ""올해에는 NAVER의 신사업 투자 성과를 순차적으로 확인할 수 있을 전망""이라면서 ""마케팅비용 증가로 지난해 이익성장률 둔화는 불가피하나 이에 대한 우려는 현 주가에 상당 부분 반영돼 있다""고 진단했다. 지난해 AI등 관련 기술투자를 본격화하면서 수익성이 다소 부진하겠지만 올해 다시 이익 성장을 보여줄 수 있을 것이라는 평가다.국내 증시에서 정보기술(IT)업종 대표주로 꼽히는 NAVER이지만 지난해에는 재미를 못봤다. NAVER는 지난해 초 77만5000원에 출발해 연말 87만원에 마감했다. 주가가 97만5000원까지 치솟았던 6월에는 시가총액 상위 4위까지 올라서기도 했지만 이후 꾸준히 조정을 받았다. 지난해 주가 수익률은 12.3%다. 같은 기간 코스피 수익률이 21.8% 기록했다는 점을 고려하면 다소 부진한 수준이다. 주가가 부진한 탓에 밸류에이션 매력은 높아졌다. 현재 주가는 지난 4년간의 주가수익비율(PER) 밴드 하단에 위치하고 있다. 오동환 삼성증권 연구원은 ""매출 성장을 이끌 수 있는 신사업 모멘텀이 발생하거나 혹은 비용 절감으로 수익성이 개선되는 등 긍정적인 이슈가 발생할 경우 밸류에이션 상승에 따른 큰 폭의 주가 상승이 가능하다""면서 ""올해 하반기 이후 AI 스피커 등 신규 서비스의 안정화가 이뤄지면 마케팅비용이 다소 누그러질 수 있으며 이는 곧 영업이익의 레벨업으로 이어질 것""이라고 분석했다. 과거 NAVER의 주가가 이익 성장률과 높은 상관관계를 갖는다는 점을 미뤄볼 때 올해 유의미한 반등을 점쳐볼 수 있다는 얘기다.이밖에 주력사업인 광고 부문 역시 모바일 포털의 개편과 동영상 광고 도입 확대로 성장성 강화가 가능할 전망이다. 한국투자증권은 광고 매출 성장에 따른 라인(LINE)의 회복기 진입, 기존 사업과 신규 AI 사업간 시너지 등으로 실적 둔화 우려를 씻어낼 것이라고 내다봤다.[디지털뉴스국 김경택 기자]▶뉴스 이상의 무궁무진한 프리미엄 읽을거리 ▶아나운서가 직접 읽어주는 오늘의 주요 뉴스[ⓒ 매일경제 & mk.co.kr, 무단전재 및 재배포 금지]매일경제 관련뉴스해당 언론사에서 선정하며 언론사 페이지(아웃링크)로 이동해 볼 수 있습니다.실제 결혼 앞둔 \'국민불륜녀\' 민지영의 반전 미모[단독] 복병만난 현대차 GBC…軍, 뒤늦게 비행안전 제기서지혜 섹시 수영복…블랙 시스루 완벽몸매디자인부터 성능까지, 확 젊어진 렉서스 LS서지혜, 과감한 비키니 자태…몸매가 다 했네좋아요0훈훈해요0슬퍼요0화나요0후속기사 원해요0기사제공 :']"
10,삼성전자, 2018-01-0509:02,뉴시스 ,삼성 갤럭시 A8 국내 출시,https://finance.naver.com/news/news_read.nhn?article_id=0008377412&office_id=003&mode=search&query=삼성전자&page=10,"['       삼성 갤럭시 A8 국내 출시      기사입력2018-01-05 09:02기사원문좋아요훈훈해요좋아요 평가하기공감좋아요0훈훈해요0슬퍼요0화나요0후속기사 원해요0댓글【서울=뉴시스】 삼성전자는 2018년형 영 프리미엄(Young Premium) 스마트폰 갤럭시 A8을 국내 이동통신 3사를 통해 5일 출시한다고 밝혔다. ‘갤럭시 A8’은 전면에는 각각 1,600만 화소, 800만 화소의 듀얼 카메라를 탑재, 32GB 내장 메모리에 블랙, 골드, 블루 세 가지로 색상으로 출시되며 출고가는 599,500원이다. 2018.01.05. (사진=삼성전자 제공) photo@newsis.com[사진 영상 제보받습니다] 공감언론 뉴시스가 독자 여러분의 소중한 제보를 기다립니다. 뉴스 가치나 화제성이 있다고 판단되는 사진 또는 영상을 뉴시스 사진영상부(n-photo@newsis.com, 02-721-7470)로 보내주시면 적극 반영하겠습니다.뉴시스 관련뉴스해당 언론사에서 선정하며 언론사 페이지(아웃링크)로 이동해 볼 수 있습니다.골목길 8천만원 뭉칫돈 주인 ""화나서 버려…안 돌려줘도 돼""이별통보 앙심…전 남친 성폭행범 무고 40대女 \'집유\'""장수 연애 비결, 일주일에 2번만 만나라""트럼프 ""남북대화 좋은 결과 희망…文대통령 100% 지지""삼성, 인텔 누르고 세계 최대 반도체 메이커 등극좋아요0훈훈해요0슬퍼요0화나요0후속기사 원해요0기사제공 :']"
11,삼성전자, 2018-01-0509:01,연합뉴스 ,"삼성전자, 2018년형 '갤럭시 A8' 국내 출시",https://finance.naver.com/news/news_read.nhn?article_id=0009792495&office_id=001&mode=search&query=삼성전자&page=10,"['       삼성전자, 2018년형 \'갤럭시 A8\' 국내 출시      기사입력2018-01-05 09:01기사원문좋아요훈훈해요좋아요 평가하기공감좋아요0훈훈해요0슬퍼요0화나요0후속기사 원해요0댓글    (서울=연합뉴스) 삼성전자가 2018년형 영 프리미엄 스마트폰 \'갤럭시 A8\'을 출시한다고 5일 전했다. \'갤럭시 A8\'은 32GB 내장 메모리에 블랙, 골드, 블루 세 가지로 색상으로 출시된다. 모델들이 삼성전자의 갤럭시 A8로 셀카를 촬영하고 있다. 2018.1.5 [삼성전자 제공=연합뉴스]     photo@yna.co.kr▶기사제보 및 문의▶기자와 1:1 채팅\xa0\xa0▶최신 트렌드연합뉴스 관련뉴스해당 언론사에서 선정하며 언론사 페이지(아웃링크)로 이동해 볼 수 있습니다.\xa0압구정 아파트 경비원 94명 전원 해고…최저임금 인상탓?\xa0""여자 9세면 결혼 가능"" 터키정부 율법해석 \'논란\'\xa0비보호 좌회전 몰라도 합격?…운전면허시험 문제없나\xa0""\'제주 호텔 먹튀\' 논란 JYJ 김준수, 38억원 물어내""\xa0동료 엽사가 쏜 총탄에 맞아 사망…""멧돼지로 착각""좋아요0훈훈해요0슬퍼요0화나요0후속기사 원해요0기사제공 :']"
12,삼성전자, 2018-01-0509:01,머니투데이 ,"[스팟]삼성전자, 1만1000원(0.43%) 오른 256만5000원 출발",https://finance.naver.com/news/news_read.nhn?article_id=0003988713&office_id=008&mode=search&query=삼성전자&page=10,"['       [스팟]삼성전자, 1만1000원(0.43%) 오른 256만5000원 출발      기사입력2018-01-05 09:01기사원문좋아요훈훈해요좋아요 평가하기공감좋아요0훈훈해요0슬퍼요0화나요0후속기사 원해요0댓글 [머니투데이 하세린 기자] 5일 삼성전자 출발.▶돌아본 2017 \'10대 키워드\'▶무료 만화 보고 선물도 받고~ ▶치어리더 vs 레이싱걸 하세린 기자 iwrite@mt.co.kr 머니투데이 관련뉴스해당 언론사에서 선정하며 언론사 페이지(아웃링크)로 이동해 볼 수 있습니다.\'꼬북칩 2300만봉\' 대박..오리온, 개발주역들에 포상\'세계 4위\' 렉시 톰슨, 매혹 \'블랙 비키니\'..모델급 몸매[현장+]""盧의 부엉이 바위"" 언급, 신년사부터 꼬인 환경부2018년 공무원 봉급표… \'1급 공무원\' 월급은?현대차 노조, 새해 벽두부터 파업좋아요0훈훈해요0슬퍼요0화나요0후속기사 원해요0기사제공 :']"
13,삼성전자, 2018-01-0509:01,한국경제 ,"삼성전자, 2018년형 '갤럭시A8' 국내 출시…32GB·59만9500원",https://finance.naver.com/news/news_read.nhn?article_id=0003874764&office_id=015&mode=search&query=삼성전자&page=10,"['       삼성전자, 2018년형 \'갤럭시A8\' 국내 출시…32GB·59만9500원      기사입력2018-01-05 09:01기사원문좋아요훈훈해요좋아요 평가하기공감좋아요0훈훈해요0슬퍼요0화나요0후속기사 원해요0댓글1600·800만 화소의 전면 ‘듀얼 카메라’로 초고화질 셀피 촬영삼성전자가 2018년형 영 프리미엄 스마트폰 ‘갤럭시A8’을 국내 이동통신 3사를 통해 5일 출시한다.2030세대를 겨냥한 2018년형 갤럭시A8은 차별화된 카메라 기능과 혁신적인 디자인 등 플래그십 스마트폰의 특장점을 한층 더 젊고 감각적으로 계승했다는게 삼성전자 측 설명이다.갤럭시A8은 셀피를 즐기는 젊은 소비자를 위한 강력한 카메라 기능이 눈에 띈다. 전면에는 각각 1600만 화소, 800만 화소의 듀얼 카메라를 탑재하고 조리개 값 F1.9 렌즈를 적용해 초고화질의 셀피 촬영이 가능할 뿐만 아니라, 촬영 시는 물론 촬영 후에도 원하는 만큼 배경을 흐리게 처리할 수 있는 ‘라이브 포커스’ 기능을 지원해 더욱 입체감 있는 셀피를 촬영할 수 있다.후면 카메라는 1600만 화소에 조리개값 F1.7의 렌즈를 탑재해 낮과 밤 모두 보다 선명하고 깨끗한 사진 촬영이 가능하다. 또 VDIS(Video Digital Image Stabilization) 기능으로 동영상 촬영 시의 흔들림을 보정해 안정적이고 선명한 촬영이 가능하다.갤럭시A8은 디스플레이의 한계를 확장한 18.5:9의 인피니티 디스플레이를 적용했다. 꽉 찬 대화면은 다양한 크기의 영상 콘텐츠를 더욱 시원하게 즐길 수 있어 사용자에게 최상의 보는 경험을 선사한다.유려한 글래스와 메탈 프레임의 부드러운 곡선이 어우러져 고급스럽고 감각적인 디자인을 완성했을 뿐만 아니라, 스마트폰 이용에 최적화된 편안한 그립감도 제공한다.갤럭시A8은 젊은 층에게 특히 매력 있는 프리미엄 기능들도 대거 탑재했다. 모바일 간편 결제 서비스 ‘삼성 페이’ 사용이 가능할 뿐 아니라 지능형 인터페이스 ‘빅스비(Bixby)’ 중 ‘빅스비 홈’·‘빅스비 리마인더’ ·‘빅스비 비전’을 지원한다. IP68 등급의 방수·방진 기능과 함께 ‘갤럭시 A’ 시리즈 최초로 ‘기어 VR’과도 호환된다.갤럭시A8은 32GB 내장 메모리에 블랙, 골드, 블루 세 가지로 색상으로 출시되며 출고가는 59만9500원이다.한편 삼성전자는 2018년형 갤럭시A8 출시를 기념해 구매 고객을 대상으로 오는 2월 28일까지 ‘5천원의 행복’ 이벤트를 진행한다.제품 개통 후 삼성 멤버스 또는 삼성 페이 애플리케이션에서 이벤트에 참여한 고객에게는 블루투스 스피커 JBL Go(4만4000원 상당), 정품 네온 플립 커버(3만3000원 상당), Kick-Tok+Ring Tok 커버 세트 (3만9000원 상당)를 5000원에 구입할 수 있는 할인 쿠폰을 증정한다. 할인 쿠폰은 1월 19일부터 3월 31일까지 사용 가능하다.이진욱 한경닷컴 기자 showgun@hankyung.com기사제보 및 보도자료 open@hankyung.com[한경닷컴 바로가기] [글방] [모바일한경 구독신청] ⓒ 한국경제 & hankyung.com, 무단전재 및 재배포 금지한국경제 관련뉴스해당 언론사에서 선정하며 언론사 페이지(아웃링크)로 이동해 볼 수 있습니다.14억에 거래되던 판교 아파트, 불과 3개월 만에\'신의 직장\' 불리는 중소기업 초봉 어느 정도길래?""1년에 단 2번…"" 유명 명품 70% 세일 예고한 곳이입주 한 달 새 전세가 8000만원 뚝 떨어진 아파트가""올해 \'이것\'에 투자하면 돈 번다""…전문가 조언좋아요0훈훈해요0슬퍼요0화나요0후속기사 원해요0기사제공 :']"
14,삼성전자, 2018-01-0509:00,연합뉴스 ,"삼성전자, 2018년형 '갤럭시 A8' 국내 출시",https://finance.naver.com/news/news_read.nhn?article_id=0009792483&office_id=001&mode=search&query=삼성전자&page=10,"['       삼성전자, 2018년형 \'갤럭시 A8\' 국내 출시      기사입력2018-01-05 09:00기사원문좋아요훈훈해요좋아요 평가하기공감좋아요0훈훈해요0슬퍼요0화나요0후속기사 원해요0댓글    (서울=연합뉴스) 삼성전자가 2018년형 영 프리미엄 스마트폰 \'갤럭시 A8\'을 출시한다고 5일 전했다. \'갤럭시 A8\'은 32GB 내장 메모리에 블랙, 골드, 블루 세 가지로 색상으로 출시된다. 모델들이 삼성전자의 갤럭시 A8로 셀카를 촬영하고 있다. 2018.1.5 [삼성전자 제공=연합뉴스]     photo@yna.co.kr▶기사제보 및 문의▶기자와 1:1 채팅\xa0\xa0▶최신 트렌드연합뉴스 관련뉴스해당 언론사에서 선정하며 언론사 페이지(아웃링크)로 이동해 볼 수 있습니다.\xa0압구정 아파트 경비원 94명 전원 해고…최저임금 인상탓?\xa0""여자 9세면 결혼 가능"" 터키정부 율법해석 \'논란\'\xa0비보호 좌회전 몰라도 합격?…운전면허시험 문제없나\xa0""\'제주 호텔 먹튀\' 논란 JYJ 김준수, 38억원 물어내""\xa0동료 엽사가 쏜 총탄에 맞아 사망…""멧돼지로 착각""좋아요0훈훈해요0슬퍼요0화나요0후속기사 원해요0기사제공 :']"
15,삼성전자, 2018-01-0509:00,연합뉴스 ,"삼성전자, 영 프로미엄 스마트폰 '갤럭시 A8' 출시",https://finance.naver.com/news/news_read.nhn?article_id=0009792482&office_id=001&mode=search&query=삼성전자&page=10,"['       삼성전자, 영 프로미엄 스마트폰 \'갤럭시 A8\' 출시      기사입력2018-01-05 09:00기사원문좋아요훈훈해요좋아요 평가하기공감좋아요0훈훈해요0슬퍼요0화나요0후속기사 원해요0댓글    (서울=연합뉴스) 삼성전자가 2018년형 영 프리미엄 스마트폰 \'갤럭시 A8\'을 출시한다고 5일 전했다. \'갤럭시 A8\'은 32GB 내장 메모리에 블랙, 골드, 블루 세 가지로 색상으로 출시된다. 사진은 갤럭시 A8의 블랙 색상. 2018.1.5 [삼성전자 제공=연합뉴스]     photo@yna.co.kr▶기사제보 및 문의▶기자와 1:1 채팅\xa0\xa0▶최신 트렌드연합뉴스 관련뉴스해당 언론사에서 선정하며 언론사 페이지(아웃링크)로 이동해 볼 수 있습니다.\xa0압구정 아파트 경비원 94명 전원 해고…최저임금 인상탓?\xa0""여자 9세면 결혼 가능"" 터키정부 율법해석 \'논란\'\xa0비보호 좌회전 몰라도 합격?…운전면허시험 문제없나\xa0""\'제주 호텔 먹튀\' 논란 JYJ 김준수, 38억원 물어내""\xa0동료 엽사가 쏜 총탄에 맞아 사망…""멧돼지로 착각""좋아요0훈훈해요0슬퍼요0화나요0후속기사 원해요0기사제공 :']"
16,삼성전자, 2018-01-0509:00,헤럴드경제 ,삼성전자 ‘갤럭시A8 2018년형’ 출시…59만9500원,https://finance.naver.com/news/news_read.nhn?article_id=0001336810&office_id=016&mode=search&query=삼성전자&page=10,"['       삼성전자 ‘갤럭시A8 2018년형’ 출시…59만9500원      기사입력2018-01-05 09:00기사원문좋아요훈훈해요좋아요 평가하기공감좋아요0훈훈해요0슬퍼요0화나요0후속기사 원해요0댓글- 32GB 메모리…블랙, 골드, 블루 세 가지 색상- 2월28일까지 출시기념 ‘5000원의 행복’ 이벤트 진행[헤럴드경제=박세정 기자] 삼성전자는 2018년형 ‘갤럭시A8’을 국내 이동통신 3사를 통해 5일 출시한다고 밝혔다. 20~30대 소비자를 겨냥한 2018년형 ‘갤럭시A8’은 플래그십 스마트폰의 카메라, 디자인 등의 성능을 계승한 것이 특징이다. ‘갤럭시A8’은 전면에 각각 1600만 화소, 800만 화소의 듀얼 카메라를 탑재하고 조리개 값 F1.9 렌즈를 적용했다. 촬영 시는 물론, 촬영 후에도 원하는 만큼 배경을 흐리게 처리할 수 있는 ‘라이브 포커스’ 기능을 지원한다. 후면 카메라는 1600만 화소에 조리개값 F1.7의 렌즈를 탑재해 낮과 밤 모두 선명하고 깨끗한 사진 촬영이 가능하다. 프리미엄폰에 담겼던 18.5대9의 ‘인피니티 디스플레이’를 적용했다.\xa0 삼성전자 모델이 2018년형 ‘갤럭시A’를 사용하고 있다. [제공=삼성전자]모바일 간편 결제 서비스 ‘삼성페이’ 사용이 가능하고 지능형 인터페이스 ‘빅스비’ 중 ‘빅스비 홈’, ‘빅스비 리마인더’, ‘빅스비 비전’을 지원한다. IP68 등급의 방수방진 기능이 적용됐고 ‘갤럭시A’ 시리즈 최초로 ‘기어VR’과도 호환된다.‘갤럭시A8’은 32GB 내장 메모리에 블랙, 골드, 블루 세 가지로 색상으로 출시된다. 출고가는 59만9500원이다.삼성전자는 출시를 기념해 구매 고객을 대상으로 오는 2월 28일까지 ‘5000원의 행복’ 이벤트를 진행한다.2018년형 ‘갤럭시A8’ 개통 후, 삼성 멤버스 또는 삼성페이 애플리케이션에서 이벤트에 참여한 고객에게 블루투스 스피커 JBL Go(4만4000원 상당), 정품 네온 플립 커버(3만3000원 상당) 등을 5000원에 구입할 수 있는 할인 쿠폰을 증정한다. 할인 쿠폰은 1월 19일부터 3월 31일까지 사용 가능하다.기타 자세한 내용은 삼성전자 홈페이지에서 확인할 수 있다.sjpark@heraldcorp.com▶ 생활용품 또 떨어졌어? 마트 가지 말고 한번에 쓱~▶헤럴드경제 채널 설정하기 ▶카카오플러스 친구맺기 - Copyrights ⓒ 헤럴드경제 & heraldbiz.com, 무단 전재 및 재배포 금지 -헤럴드경제 관련뉴스해당 언론사에서 선정하며 언론사 페이지(아웃링크)로 이동해 볼 수 있습니다.류여해 ""홍준표, 내 손 잡고 주물럭…속상했다""류현진·배지현 오늘(5일) 결혼…사회는 유재석이언주 ""장제원, 바른정당 있을때는 샤방샤방""김종석, 시민 문자에 \'ㅁㅊㅅㄲ\',\'ㅅㄱㅂㅊ\' 답문 파문30대 엄마, 아파트서 어린 두자녀 던지고 투신좋아요0훈훈해요0슬퍼요0화나요0후속기사 원해요0기사제공 :']"
17,삼성전자, 2018-01-0509:00,머니투데이 ,"삼성, 셀피 특화 스마트폰 '갤럭시A8' 출시",https://finance.naver.com/news/news_read.nhn?article_id=0003988710&office_id=008&mode=search&query=삼성전자&page=10,"['       삼성, 셀피 특화 스마트폰 \'갤럭시A8\' 출시      기사입력2018-01-05 09:00기사원문좋아요훈훈해요좋아요 평가하기공감좋아요0훈훈해요0슬퍼요0화나요0후속기사 원해요0댓글 [머니투데이 서진욱 기자] 삼성전자가 스마트폰 2018년형 \'갤럭시A8\'을 국내 이동통신 3사를 통해 출시했다고 5일 밝혔다.갤럭시A8은 20~30대를 겨냥한 제품으로 갤럭시 스마트폰 중 최초로 전면 듀얼카메라를 탑재했다. 1600만 화소, 800만 화소 듀얼 카메라는 조리개값 F.19 렌즈를 적용해 초고화질 셀피 촬영이 가능하다. 배경 흐림 처리가 가능한 \'라이브 포커스\' 기능도 지원한다. 후면 카메라는 1600만 화소, 조리개값 F1.7로 선명한 사진 촬영이 가능하다. 아울러 VDIS(Video Digital Image Stabilization) 기능으로 동영상 촬영 시 흔들림을 보정한다.갤럭시A8은 18.5대 9 비율의 인피니티 디스플레이를 탑재했다. 글래스와 메탈 프레임으로 뛰어난 그립감을 제공한다. 모바일 간편결제 \'삼성 페이\', AI(인공지능) 비서 \'빅스비\'(홈·리마인더·비전), IP68 등급 방수·방진 기능, VR(가상현실)기기 \'기어 VR\' 호환 등 프리미엄급 기능을 대거 탑재했다.갤럭시A8은 32GB 내장 메모리에 \'블랙\', \'골드\', \'블루\' 등 3가지 색상으로 출시된다. 출고가는 59만9500원이다.삼성전자는 갤럭시A8 출시를 기념해 구매 고객을 대상으로 오는 2월 28일까지 \'5000원의 행복\' 이벤트를 진행한다. 갤럭시A8 개통 후 \'삼성 멤버스\' 또는 \'삼성 페이\' 앱에서 블루투스 스피커 \'JBL Go\'(4만4000원 상당), 정품 네온 플립 커버(3만3000원 상당), Kick-Tok+Ring Tok 커버 세트(3만9000원 상당)를 5000원에 구매할 수 있는 할인 쿠폰을 증정한다. 쿠폰은 1월 19일부터 3월 31일까지 사용할 수 있다.▶돌아본 2017 \'10대 키워드\'▶무료 만화 보고 선물도 받고~ ▶치어리더 vs 레이싱걸 서진욱 기자 sjw@ 머니투데이 관련뉴스해당 언론사에서 선정하며 언론사 페이지(아웃링크)로 이동해 볼 수 있습니다.\'꼬북칩 2300만봉\' 대박..오리온, 개발주역들에 포상\'세계 4위\' 렉시 톰슨, 매혹 \'블랙 비키니\'..모델급 몸매[현장+]""盧의 부엉이 바위"" 언급, 신년사부터 꼬인 환경부2018년 공무원 봉급표… \'1급 공무원\' 월급은?현대차 노조, 새해 벽두부터 파업좋아요0훈훈해요0슬퍼요0화나요0후속기사 원해요0기사제공 :']"
18,삼성전자, 2018-01-0509:00,뉴스1 ,"삼성전자, 2018년형 '갤럭시 A8' 국내 출시",https://finance.naver.com/news/news_read.nhn?article_id=0003133944&office_id=421&mode=search&query=삼성전자&page=10,"[""       삼성전자, 2018년형 '갤럭시 A8' 국내 출시      기사입력2018-01-05 09:00기사원문좋아요훈훈해요좋아요 평가하기공감좋아요0훈훈해요0슬퍼요0화나요0후속기사 원해요0댓글삼성전자가 2018년형 영 프리미엄(Young Premium) 스마트폰 ‘갤럭시 A8(Galaxy A8)’을 국내 이동통신 3사를 통해 5일 출시했다. 사진은 모델들이 갤럭시 A8로 촬영하는 모습. 언제 어디서나 자신을 자유롭게 표현하고, 일상의 가치와 즐거움을 추구하는 2030세대를 겨냥한 2018년형 ‘갤럭시 A8’은 차별화된 카메라 기능과 혁신적인 디자인 등 플래그십 스마트폰의 특장점을 한층 더 젊고 감각적으로 계승했다. (삼성전자 제공) 2018.1.5/뉴스1sowon▶ '평창2018' 관련 뉴스·포토 보기▶ 네이버메인에 ‘뉴스1채널’ 설정하기!▶ 여러분의 제보를 기다립니다.제보하기![© 뉴스1코리아(news1.kr), 무단 전재 및 재배포 금지]뉴스1 관련뉴스해당 언론사에서 선정하며 언론사 페이지(아웃링크)로 이동해 볼 수 있습니다.영화 '1987' 1000만 돌파?…文대통령이 끌어줄까애플 국내소송자 32만명…'승소 가능성'은?조현병 30대 엄마, 자녀 2명과 아파트 투신여교사 세워놓고 '활 쏜' 교감…승진 물거품태아 손가락 자르고 연구동의서 내민 병원좋아요0훈훈해요0슬퍼요0화나요0후속기사 원해요0기사제공 :""]"
19,삼성전자, 2018-01-0509:00,뉴스1 ,"삼성전자, 2018년형 '갤럭시 A8' 국내 출시",https://finance.naver.com/news/news_read.nhn?article_id=0003133942&office_id=421&mode=search&query=삼성전자&page=10,"[""       삼성전자, 2018년형 '갤럭시 A8' 국내 출시      기사입력2018-01-05 09:00기사원문좋아요훈훈해요좋아요 평가하기공감좋아요0훈훈해요0슬퍼요0화나요0후속기사 원해요0댓글삼성전자가 2018년형 영 프리미엄(Young Premium) 스마트폰 ‘갤럭시 A8(Galaxy A8)’을 국내 이동통신 3사를 통해 5일 출시했다. 사진은 모델들이 갤럭시 A8로 촬영하는 모습. 언제 어디서나 자신을 자유롭게 표현하고, 일상의 가치와 즐거움을 추구하는 2030세대를 겨냥한 2018년형 ‘갤럭시 A8’은 차별화된 카메라 기능과 혁신적인 디자인 등 플래그십 스마트폰의 특장점을 한층 더 젊고 감각적으로 계승했다. (삼성전자 제공) 2018.1.5/뉴스1sowon▶ '평창2018' 관련 뉴스·포토 보기▶ 네이버메인에 ‘뉴스1채널’ 설정하기!▶ 여러분의 제보를 기다립니다.제보하기![© 뉴스1코리아(news1.kr), 무단 전재 및 재배포 금지]뉴스1 관련뉴스해당 언론사에서 선정하며 언론사 페이지(아웃링크)로 이동해 볼 수 있습니다.영화 '1987' 1000만 돌파?…文대통령이 끌어줄까애플 국내소송자 32만명…'승소 가능성'은?조현병 30대 엄마, 자녀 2명과 아파트 투신여교사 세워놓고 '활 쏜' 교감…승진 물거품태아 손가락 자르고 연구동의서 내민 병원좋아요0훈훈해요0슬퍼요0화나요0후속기사 원해요0기사제공 :""]"
0,삼성전자, 2018-01-0509:00,뉴스1 ,셀피 세대를 위한 갤럭시 A8 출시,https://finance.naver.com/news/news_read.nhn?article_id=0003133943&office_id=421&mode=search&query=삼성전자&page=11,"[""       셀피 세대를 위한 갤럭시 A8 출시      기사입력2018-01-05 09:00기사원문좋아요훈훈해요좋아요 평가하기공감좋아요0훈훈해요0슬퍼요0화나요0후속기사 원해요0댓글삼성전자가 2018년형 영 프리미엄(Young Premium) 스마트폰 ‘갤럭시 A8(Galaxy A8)’을 국내 이동통신 3사를 통해 5일 출시했다. 사진은 모델들이 갤럭시 A8로 촬영하는 모습. 언제 어디서나 자신을 자유롭게 표현하고, 일상의 가치와 즐거움을 추구하는 2030세대를 겨냥한 2018년형 ‘갤럭시 A8’은 차별화된 카메라 기능과 혁신적인 디자인 등 플래그십 스마트폰의 특장점을 한층 더 젊고 감각적으로 계승했다. (삼성전자 제공) 2018.1.5/뉴스1sowon▶ '평창2018' 관련 뉴스·포토 보기▶ 네이버메인에 ‘뉴스1채널’ 설정하기!▶ 여러분의 제보를 기다립니다.제보하기![© 뉴스1코리아(news1.kr), 무단 전재 및 재배포 금지]뉴스1 관련뉴스해당 언론사에서 선정하며 언론사 페이지(아웃링크)로 이동해 볼 수 있습니다.영화 '1987' 1000만 돌파?…文대통령이 끌어줄까애플 국내소송자 32만명…'승소 가능성'은?조현병 30대 엄마, 자녀 2명과 아파트 투신여교사 세워놓고 '활 쏜' 교감…승진 물거품태아 손가락 자르고 연구동의서 내민 병원좋아요0훈훈해요0슬퍼요0화나요0후속기사 원해요0기사제공 :""]"
1,삼성전자, 2018-01-0509:00,뉴스1 ,"삼성전자, 2018년형 '갤럭시 A8' 국내 출시",https://finance.naver.com/news/news_read.nhn?article_id=0003133944&office_id=421&mode=search&query=삼성전자&page=11,"[""       삼성전자, 2018년형 '갤럭시 A8' 국내 출시      기사입력2018-01-05 09:00기사원문좋아요훈훈해요좋아요 평가하기공감좋아요0훈훈해요0슬퍼요0화나요0후속기사 원해요0댓글삼성전자가 2018년형 영 프리미엄(Young Premium) 스마트폰 ‘갤럭시 A8(Galaxy A8)’을 국내 이동통신 3사를 통해 5일 출시했다. 사진은 모델들이 갤럭시 A8로 촬영하는 모습. 언제 어디서나 자신을 자유롭게 표현하고, 일상의 가치와 즐거움을 추구하는 2030세대를 겨냥한 2018년형 ‘갤럭시 A8’은 차별화된 카메라 기능과 혁신적인 디자인 등 플래그십 스마트폰의 특장점을 한층 더 젊고 감각적으로 계승했다. (삼성전자 제공) 2018.1.5/뉴스1sowon▶ '평창2018' 관련 뉴스·포토 보기▶ 네이버메인에 ‘뉴스1채널’ 설정하기!▶ 여러분의 제보를 기다립니다.제보하기![© 뉴스1코리아(news1.kr), 무단 전재 및 재배포 금지]뉴스1 관련뉴스해당 언론사에서 선정하며 언론사 페이지(아웃링크)로 이동해 볼 수 있습니다.영화 '1987' 1000만 돌파?…文대통령이 끌어줄까애플 국내소송자 32만명…'승소 가능성'은?조현병 30대 엄마, 자녀 2명과 아파트 투신여교사 세워놓고 '활 쏜' 교감…승진 물거품태아 손가락 자르고 연구동의서 내민 병원좋아요0훈훈해요0슬퍼요0화나요0후속기사 원해요0기사제공 :""]"
2,삼성전자, 2018-01-0508:57,매일경제 ,"[Hot-Line] ""인텔 `멜트다운` 버그는 D램 업체에 호재""",https://finance.naver.com/news/news_read.nhn?article_id=0004078158&office_id=009&mode=search&query=삼성전자&page=11,"['       [Hot-Line] ""인텔 `멜트다운` 버그는 D램 업체에 호재""      기사입력2018-01-05 08:57기사원문좋아요훈훈해요좋아요 평가하기공감좋아요0훈훈해요0슬퍼요0화나요0후속기사 원해요0댓글 세계 최대 마이크로프로세서 업체 인텔의 대부분 제품에서 치명적인 보안 취약점이 발견됐다는 사실이 알려지면서 D램 업체에는 호재가 될 수 있다는 분석이 나왔다.국내 대표적인 기업으로는 삼성전자와 SK하이닉스가 있다.유진투자증권은 5일 인텔의 \'멜트다운\' 버그는 개인용 컴퓨터(PC)나 스마트폰 같은 개별 제품의 성능에는 악영향이 미미하지만 클라우드 서비스 등 데이터센터에서는 최소한 성능을 맞추기 위해 오히려 서버 투자를 늘릴 가능성이 크다고 진단했다.최근 공개된 인텔의 멜트다운 버그를 이용하면 해커들이 CPU의 캐시(Cache) 메모리에 접근해 중요 정보를 훔쳐볼 수 있다. 그러나 보안 업데이트를 통해 이 버그 악용을 차단할 수는 있다.이승우 연구원은 ""보안 업데이트를 통한 차단은 캐시 메모리 접근을 일부 제한하는 방식이어서 CPU 성능이 저하될 수 있다는 우려가 있다""며 ""캐시 메모리는 속도가 매우 빠른 메모리로 데이터센터들은 보안 업데이트로 느려진 속도를 보완하려고 D램을 더 사들일 가능성이 있다""고 말했다.이 연구원은 ""따라서 서버용 D램은 수급이 더욱 빠듯해질 것""이라며 ""D램 비중이 높은 업체에는 긍정적인 것으로 판단한다""고 덧붙였다.[디지털뉴스국 이상규 기자]▶뉴스 이상의 무궁무진한 프리미엄 읽을거리 ▶아나운서가 직접 읽어주는 오늘의 주요 뉴스[ⓒ 매일경제 & mk.co.kr, 무단전재 및 재배포 금지]매일경제 관련뉴스해당 언론사에서 선정하며 언론사 페이지(아웃링크)로 이동해 볼 수 있습니다.실제 결혼 앞둔 \'국민불륜녀\' 민지영의 반전 미모[단독] 복병만난 현대차 GBC…軍, 뒤늦게 비행안전 제기서지혜 섹시 수영복…블랙 시스루 완벽몸매디자인부터 성능까지, 확 젊어진 렉서스 LS서지혜, 과감한 비키니 자태…몸매가 다 했네좋아요0훈훈해요0슬퍼요0화나요0후속기사 원해요0기사제공 :']"
3,삼성전자, 2018-01-0508:42,머니투데이 ,5일 코스피 시초가 약보합 예상-동시호가,https://finance.naver.com/news/news_read.nhn?article_id=0003988698&office_id=008&mode=search&query=삼성전자&page=11,"['       5일 코스피 시초가 약보합 예상-동시호가       기사입력2018-01-05 08:42기사원문좋아요훈훈해요좋아요 평가하기공감좋아요0훈훈해요0슬퍼요0화나요0후속기사 원해요0댓글 [머니투데이 송선옥 기자] 5일 코스피 시초가 출발은 약보합이 예상된다. 미래에셋대우에 따르면 오전 8시39분 동시호가 현재 코스피 시가총액 상위종목에 매수 우위의 종목이 다수다. 업종별로는 전기전자 기계 제조업이 상대적인 강세다. 시총 상위종목 중에서는 삼성전자 LG화학 KB금융 등으로 매수세가 유입되고 있다. 미국 뉴욕증시는 상승마감했다. 다우존스 산업평균 지수는 4일(현지시간) 전일대비 0.6% 오른 2만5075.13으로 사상 처음으로 2만5000선을 돌파했다. 지난해 11월30일 2만4000을 돌파한지 23거래일만이다. S&P(스탠다드앤푸어스)500 지수는 0.4% 상승한 2723.99로, 나스닥종합지수는 0.2% 올라 7077.91로 마감했다. 양 지수 모두 종가기준 사상 최고가를 기록했다. ▶돌아본 2017 \'10대 키워드\'▶무료 만화 보고 선물도 받고~ ▶치어리더 vs 레이싱걸 송선옥 기자 oops@mt.co.kr 머니투데이 관련뉴스해당 언론사에서 선정하며 언론사 페이지(아웃링크)로 이동해 볼 수 있습니다.\'꼬북칩 2300만봉\' 대박..오리온, 개발주역들에 포상\'세계 4위\' 렉시 톰슨, 매혹 \'블랙 비키니\'..모델급 몸매[현장+]""盧의 부엉이 바위"" 언급, 신년사부터 꼬인 환경부2018년 공무원 봉급표… \'1급 공무원\' 월급은?현대차 노조, 새해 벽두부터 파업좋아요0훈훈해요0슬퍼요0화나요0후속기사 원해요0기사제공 :']"
4,삼성전자, 2018-01-0508:42,연합뉴스 ,"유진투자 ""인텔 CPU 버그 파장, D램 생산업체엔 호재""",https://finance.naver.com/news/news_read.nhn?article_id=0009792438&office_id=001&mode=search&query=삼성전자&page=11,"['       유진투자 ""인텔 CPU 버그 파장, D램 생산업체엔 호재""      기사입력2018-01-05 08:42기사원문좋아요훈훈해요좋아요 평가하기공감좋아요0훈훈해요0슬퍼요0화나요0후속기사 원해요0댓글 ""CPU 성능저하 D램으로 보완할 것""(서울=연합뉴스) 전명훈 기자 = 세계 최대 마이크로프로세서 업체 인텔의 대부분 제품에서 치명적인 보안 취약점이 발견됐다는 사실이 D램 업체에는 호재가 될 수 있다는 분석이 나왔다. 삼성전자, SK하이닉스 등은 대표적인 D램 생산업체다.    이승우 유진투자증권 연구원은 ""인텔의 \'멜트다운\' 버그는 개인용 컴퓨터(PC)나 스마트폰 같은 개별 제품의 성능에는 악영향이 미미하다""며 ""다만 클라우드 서비스 등 데이터센터에서는 최소한 성능을 맞추기 위해 오히려 서버 투자를 늘릴 가능성이 크다""고 전망했다.    최근 공개된 인텔의 멜트다운 버그를 이용하면 해커들이 CPU의 캐시(Cache) 메모리에 접근해 중요 정보를 훔쳐볼 수 있다.     보안 업데이트를 통해 이 버그를 악용할 가능성을 차단할 수는 있다.    그러나 캐시 메모리 접근을 일부 제한하는 방식이어서 CPU 성능이 저하될 수 있다는 우려가 나온다. 캐시 메모리는 속도가 매우 빠른 메모리다.     즉 데이터센터들은 보안 업데이트로 느려진 속도를 보완하려고 D램을 더 사들일 가능성이 있다는 것이 이 연구원의 분석이다.    그는 ""서버용 D램은 수급이 더욱 빠듯해질 것""이라며 ""D램 비중이 높은 업체에는 긍정적인 것으로 판단한다""고 강조했다.    이 연구원은 ""보안에 대한 불확실성으로 데이터센터 관련 투자가 위축될 가능성을 배제할 수는 없다""며 ""그러나 이미 이에 대한 대비가 수개월 전부터 이뤄지고 있었다""고 덧붙였다.    id@yna.co.kr▶기사제보 및 문의▶기자와 1:1 채팅\xa0\xa0▶최신 트렌드연합뉴스 관련뉴스해당 언론사에서 선정하며 언론사 페이지(아웃링크)로 이동해 볼 수 있습니다.\xa0압구정 아파트 경비원 94명 전원 해고…최저임금 인상탓?\xa0""여자 9세면 결혼 가능"" 터키정부 율법해석 \'논란\'\xa0비보호 좌회전 몰라도 합격?…운전면허시험 문제없나\xa0""\'제주 호텔 먹튀\' 논란 JYJ 김준수, 38억원 물어내""\xa0동료 엽사가 쏜 총탄에 맞아 사망…""멧돼지로 착각""좋아요0훈훈해요0슬퍼요0화나요0후속기사 원해요0기사제공 :']"
5,삼성전자, 2018-01-0508:41,머니투데이 ,"삼성전자, 25년 인텔 왕좌 탈환…세계 반도체 1위 기업으로",https://finance.naver.com/news/news_read.nhn?article_id=0003988695&office_id=008&mode=search&query=삼성전자&page=11,"['       삼성전자, 25년 인텔 왕좌 탈환…세계 반도체 1위 기업으로      기사입력2018-01-05 08:41기사원문좋아요훈훈해요좋아요 평가하기공감좋아요0훈훈해요0슬퍼요0화나요0후속기사 원해요0댓글 [머니투데이 김성은 기자] [인텔, 1992년 이후 처음으로 1위 자리 삼성전자에 내줘…SK하이닉스도 매출액 79% 성장해 4위→3위로 ]삼성전자가 지난해 인텔을 제치고 글로벌 반도체 매출액 기준 1위 기업에 올랐다. 인텔은 1992년 1위 기록 후 25년 만에 처음으로 삼성전자에 반도체 왕좌를 내줬다. 5일 시장조사업체 가트너(Gartner)에 따르면 삼성전자는 지난해 글로벌 반도체 매출액 612억 1500만달러를 기록했다. 이는 전년(401억400만달러) 대비 52.6% 성장한 수치다. 이에 반해 인텔은 지난해 577억1200만달러의 매출액을 올렸으며 이는 전년(540억9100억달러) 대비 6.7% 증가한 수치다. SK하이닉스의 성장세도 매서웠다. SK하이닉스는 지난해 전년(147억달러) 대비 79% 증가한 263억900만달러의 매출액을 올렸다. 매출액 순위도 4위에서 3위로 올라섰다. 지난해 전세계 반도체 매출액은 4197억2000만달러로 집계됐다. 반도체 초호황기를 맞아 전년(3435억1400만달러) 대비 22.2% 성장했다. 지난해 삼성전자의 반도체 시장 점유율은 14.6%를 기록했으며 인텔은 13.8%, SK하이닉스는 6.3%, 마이크론은 5.5%, 퀄컴은 4.1% 순으로 조사됐다. 다만 가트너 측은 ""중국이 메모리 생산량을 늘려나갈 경우 메모리 가격 상승세는 2018년에 둔화될 수 있다""며 ""이 경우 삼성전자의 매출액은 줄어들 수 있다""고 지적했다. 또 ""싱가포르의 브로드컴이 미국 퀄컴을 인수하는데 성공한다면 세계 반도체 업체 순위는 바뀔 수 있다""며 ""삼성전자 순위가 3위로 내려앉을 수도 있다""고 덧붙였다.▶돌아본 2017 \'10대 키워드\'▶무료 만화 보고 선물도 받고~ ▶치어리더 vs 레이싱걸 김성은 기자 gttsw@mt.co.kr 머니투데이 관련뉴스해당 언론사에서 선정하며 언론사 페이지(아웃링크)로 이동해 볼 수 있습니다.\'꼬북칩 2300만봉\' 대박..오리온, 개발주역들에 포상\'세계 4위\' 렉시 톰슨, 매혹 \'블랙 비키니\'..모델급 몸매[현장+]""盧의 부엉이 바위"" 언급, 신년사부터 꼬인 환경부2018년 공무원 봉급표… \'1급 공무원\' 월급은?현대차 노조, 새해 벽두부터 파업좋아요0훈훈해요0슬퍼요0화나요0후속기사 원해요0기사제공 :']"
6,삼성전자, 2018-01-0508:39,매일경제 ,"D램익스체인지 ""낸드플래시, 2019년부터 공급 초과 우려""",https://finance.naver.com/news/news_read.nhn?article_id=0004078141&office_id=009&mode=search&query=삼성전자&page=11,"['       D램익스체인지 ""낸드플래시, 2019년부터 공급 초과 우려""      기사입력2018-01-05 08:39기사원문좋아요훈훈해요좋아요 평가하기공감좋아요0훈훈해요0슬퍼요0화나요0후속기사 원해요0댓글[사진 출처 : D램익스체인지] 반도체 업체들이 낸드 플래시 생산능력 증대 계획을 연이어 발표하면서 내년부터 공급 초과가 발생할 수 있다는 전망이 나왔다.5일 업계에 따르면 반도체 시장조사업체 D램익스체인지는 지난 3일 ""도시바와 삼성, 인텔, 양쯔 메모리테크놀로지 코퍼레이션(YMTC) 등 주요 낸드플래시 제조업체들의 생산능력 증대가 반도체 산업에 점차 영향을 미치며 2019년 이후에는 낸드플래시 시장에 공급 초과가 나타날 수 있다""고 밝혔다.지난해 도시바 메모리 매각을 둘러싸고 법적 분쟁을 벌인 도시바와 웨스턴 디지털(WD)이 지난해 12월 현재의 조인트 벤처 합의를 오는 2029년까지 연장하기로 했다. 이 합의 뒤 도시바는 \'팹 7\' 건설 계획을 발표했다.D램익스체인지는 도시바 팹 7의 경우 2020년까지는 낸드플래시 생산량에 큰 영향을 미치지 않을 수 있다고 내다봤다.업계의 관심이 집중된 곳은 중국이다. 칭화유니그룹 자회사인 양쯔메모리테크놀로지컴퍼니(YMTC)는 올해 하반기 중국 우한, 둥후의 새 공장 가동을 시작한다. 인텔도 올해 말까지 중국 다롄 공장의 3D 낸드플래시 생산능력을 2배로 증설할 계획이다.낸드 플래시 1위인 삼성전자도 중국 시안 공장을 확장할 예정이다. SK하이닉스도 새 공장인 청주의 M15 공장에 투자 중이다.[디지털뉴스국 박진형 기자]▶뉴스 이상의 무궁무진한 프리미엄 읽을거리 ▶아나운서가 직접 읽어주는 오늘의 주요 뉴스[ⓒ 매일경제 & mk.co.kr, 무단전재 및 재배포 금지]매일경제 관련뉴스해당 언론사에서 선정하며 언론사 페이지(아웃링크)로 이동해 볼 수 있습니다.실제 결혼 앞둔 \'국민불륜녀\' 민지영의 반전 미모[단독] 복병만난 현대차 GBC…軍, 뒤늦게 비행안전 제기서지혜 섹시 수영복…블랙 시스루 완벽몸매디자인부터 성능까지, 확 젊어진 렉서스 LS서지혜, 과감한 비키니 자태…몸매가 다 했네좋아요0훈훈해요0슬퍼요0화나요0후속기사 원해요0기사제공 :']"
7,삼성전자, 2018-01-0508:39,뉴시스 ,[빅데이터MSI]5일 빅데이터 '핫 키워드'…매수·유지·기관·투자의견·시장,https://finance.naver.com/news/news_read.nhn?article_id=0008377372&office_id=003&mode=search&query=삼성전자&page=11,"[""       [빅데이터MSI]5일 빅데이터 '핫 키워드'…매수·유지·기관·투자의견·시장      기사입력2018-01-05 08:39기사원문좋아요훈훈해요좋아요 평가하기공감좋아요0훈훈해요0슬퍼요0화나요0후속기사 원해요0댓글【서울=뉴시스】김형섭 기자 = 5일 빅데이터 시장심리지수(MSI)의 핫 키워드는 매수·유지·기관·투자의견·시장 등인 것으로 나타났다.  뉴시스와 코스콤(구 한국증권전산)이 공동 분석한 MSI(http://m.newsis.com/stock.html, 모바일 전용)에 따르면 전 거래일 오후 4시부터 이날 오전 8시까지 온라인과 소셜네트워크서비스(SNS), 블로그, 증권 관련 사이트에서 집계된 주요 상위 키워드는 이같이 조사됐다.코스피와 코스닥이 차익실현 매물로 동반 하락한 가운데 매수(2만2649건·1위), 유지(1만4477건·2위), 기관(1만1981건·3위), 투자의견(1만1418건·4위), 시장(9370건·5위) 등 주식 투자와 관련한 키워드가 상위권에 올랐다.전날 코스피 지수는 전 거래일(2486.35) 대비 18.17포인트(0.73%) 내린 2468.18로 마감하며 지난 나흘간 이어졌던 상승세에 마침표를 찍었다. 지수는 간밤 뉴욕 증시에서 3대 지수가 모두 사상 최고치를 기록한데 힘입어 2500선으로 출발했지만 기관 투자자를 중심으로 차익실현 매물이 쏟아지면서 하락세로 돌아섰다. 개인과 외국인이 각각 444억원, 3305억원씩을 순매수한 반면 기관은 3941억원을 순매도하며 지수를 끌어내렸다.시가총액 상위 20개 종목들도 대부분 하락했다. '대장주' 삼성전자가 전 거래일 대비 1.05%(2만7000원) 내린 255만4000원에 장을 마쳤다. 시총 2위 SK하이닉스도 0.77%(600원) 떨어진 7만7100원에 거래가 종료됐다. 현대차(-2.66%), LG화학(-3.42%), KB금융(-0.16%), 삼성바이오로직스(-2.05%), 삼성생명(-1.63%), 현대모비스(-3.90%), 한국전력(-0.93%), 신한지주(-1.10%), SK텔레콤(-0.95%), SK이노베이션(-1.98%), LG생활건강(-1.77%), 아모레퍼시픽(-4.01%), LG전자(-3.20%) 등도 하락했으며 상위 20개 가운데 상승한 종목은 POSCO(2.80%), NAVER(2.53%), 삼성물산(1.19%), SK(0.36%) 등 4개 뿐이었다.코스닥 지수도 전 거래일(822.31)보다 14.30포인트(1.74%) 내린 808.01로 마감했다. 지수는 전 거래일(822.31)보다 2.80포인트(0.34%) 오른 825.11으로 출발했지만 이내 약보합으로 돌아섰으며 장 마감이 다가오면서 낙폭이 크게 확대됐다.기관이 4212억원을 순매도하며 지수 하락을 이끌었고 외국인도 34억원의 매도 우위를 보였다. 개인만 홀로 4484억원 어치를 순매수했지만 역부족이었다.한편 8월1일부터 선보인 빅데이터 MSI 모바일 전용 버전은 구글플레이 또는 애플 앱스토어에서 '뉴시스'앱을 내려받거나 뉴시스 모바일 홈페이지(m.newsis.com)에 접속한 뒤 메인화면의 '빅데이터 MSI'를 클릭해 이용하면 된다. ephites@newsis.com ※ 빅데이터MSI는 투자 참고용이며, 투자 결과에 책임을 지지 않습니다. 주식시장에서는 다양한 국내외 변수가 존재하기 때문에 한 지표로만 판단하면 뜻하지 않은 결과를 초래할 수 있습니다.▶ 뉴시스 빅데이터 MSI 주가시세표 바로가기 ▶ 네이버 채널에서 뉴시스를 구독해주세요뉴시스 관련뉴스해당 언론사에서 선정하며 언론사 페이지(아웃링크)로 이동해 볼 수 있습니다.[빅데이터MSI]주식시장 심리 7→7→7→7단계 '매우 좋음'빅데이터 '핫 키워드'…상승·매수·기업·지수·회장시장심리 톱5…POSCO·부광약품·OCI·현대중공업·대한항공무술년 코스닥 '장밋빛 전망' 일색...'다수설' 문제는 없나지난해 증시 불공정거래, 전통적 시세조종→ '기획화·대형화'좋아요0훈훈해요0슬퍼요0화나요0후속기사 원해요0기사제공 :""]"
8,삼성전자, 2018-01-0508:39,SBS Biz ,"인텔, ‘반도체 게이트’ 확산…보안 결함 발견",https://finance.naver.com/news/news_read.nhn?article_id=0000148471&office_id=374&mode=search&query=삼성전자&page=11,"['       인텔, ‘반도체 게이트’ 확산…보안 결함 발견      기사입력2018-01-05 08:39기사원문좋아요훈훈해요좋아요 평가하기공감좋아요0훈훈해요0슬퍼요0화나요0후속기사 원해요0댓글■ 경제와이드 모닝벨 \'외신 종합\'한편, 최근 미국의 대형 IT 기업들이 논란에 휩싸이고 있는데요.애플에 이어 이번엔 인텔인데 반도체 칩에서 치명적인 보안 결함이 발견됐다고요?인텔 프로세스 칩에서 근본적인 설계 결함이 발견됐습니다.해커들이 메모리칩에 침투해 이용자들의 정보를 유출할 수 있는 것으로 파악됩니다.인텔은 세계 PC 중앙처리장치(CPU)의 70%를 차지하고 있어 이번 논란의 타격이 큽니다.거의 대부분의 노트북에 인텔의 코어 프로세서를 사용하고 있어 보안 구조가 통째로 무너질 수 있는 위기입니다.브라이언 크르자니크 인텔 CEO는 CNBC와의 단독 인터뷰를 통해 긴급 해명에 나섰습니다.""이번 결함 고치는데 문제 해결에 나섰으며 당장 다음주부터 개선될 것""라고 이야기 했습니다.들어보시죠.[브라이언 크르자니크 / 인텔 CEO : 인텔에서는 이번 결함을 고치는 데 필요한 적절한 조치를 마련했습니다. 그동안 이 패치가 제대로 작동하는지 실험하고 잘 적용될 수 있는지 확인했고 앞으로 OEM 제조사에 배포될 것입니다. 패치가 적용된 제품은 제조사 일정별로 다음주부터 제조가 시작됩니다.]이런 가운데 삼성전자가 반도체 시장에서 처음으로 인텔을 제쳤다고요?시장조사업체 가트너에 따르면, 지난해 삼성전자는 인텔이 1992년 이후 무려 24년간 독점해 온 반도체 시장 점유율 1위 자리를 차지했습니다.스마트폰의 보급에 따른 메모리칩 수요 증가로 시장 규모 자체가 커졌다는 분석입니다.그런데 올해 싱가포르의 브로드컴이 미국의 퀄컴을 인수하게 되면, 그때 또 시장 점유율이 또 바뀌게 될 전망입니다.이승희 기자, 수고했습니다.이승희 기자(heeya@sbs.co.kr) ☞ 의견 있는 경제채널 SBSCNBC [홈페이지] [뉴스스탠드]☞ 공식 SNS [페이스북] 저작권자 SBS플러스 & SBS I&M 무단전재-재배포 금지SBS Biz 관련뉴스해당 언론사에서 선정하며 언론사 페이지(아웃링크)로 이동해 볼 수 있습니다.2시간 미팅 가진 김동연-이주열…""환율 과도한 쏠림 대응""전국 달걀 반출 \'주 2회 제한\'…포천 농장 1곳, H5N6형 확인[단독] 연금복권 1등 당첨금, 월 700만 원·30년 지급 \'백지화\'차기 금투협회장은 누구?…\'4파전\' 예고\'중대형 아파트\' 다시 뜬다…추세적인 흐름일까?좋아요0훈훈해요0슬퍼요0화나요0후속기사 원해요0기사제공 :']"
9,삼성전자, 2018-01-0508:33,머니투데이 ,"""삼성전자, 세계 반도체시장 1위…美인텔 제쳐""",https://finance.naver.com/news/news_read.nhn?article_id=0003988691&office_id=008&mode=search&query=삼성전자&page=11,"['       ""삼성전자, 세계 반도체시장 1위…美인텔 제쳐""      기사입력2018-01-05 08:33기사원문좋아요훈훈해요좋아요 평가하기공감좋아요0훈훈해요0슬퍼요0화나요0후속기사 원해요0댓글 [머니투데이 김신회 기자] [가트너 보고서…삼성전자 지난해 점유율 14.6%, 인텔 13.8%]/AFPBBNews=뉴스1삼성전자가 미국 인텔을 제치고 세계 최대 반도체업체로 부상했다. 인텔이 업계 1위 자리를 놓친 건 시장을 장악한 1992년 이후 처음이다.4일(현지시간) 미국 IT(정보기술) 매체 지디넷 등에 따르면 시장조사업체 가트너는 이날 낸 예비 보고서에서 삼성전자의 지난해 세계 반도체시장 점유율이 14.6%로 13.8%에 그친 인텔을 앞섰다고 밝혔다. 가트너는 인텔이 1992년 시장을 장악한 이후 처음으로 수위에서 밀렸다고 지적했다.인텔 다음으로는 SK하이닉스가 점유율 6.3%로 3위, 미국 퀄컴과 싱가포르 브로드컴이 각각 4.1%, 3.7%로 뒤를 이었다.가트너는 스마트폰 등 모바일 기기의 보급에 따른 강력한 반도체 수요가 매출 급증으로 이어졌다고 지적했다. 지난해 전 세계 반도체 매출은 4197억 달러로 전년대비 22.2% 증가했다. 삼성전자는 지난해 반도체 매출이 52.6% 늘었지만 인텔은 6.7% 증가하는 데 그쳤다.가트너는 다만 삼성전자가 세계 반도체시장 1위 자리를 오래 유지하지 못할 수 있다고 봤다. 주력인 메모리칩 가격이 중국의 설비확충 등의 여파로 올해 약세를 띨 것으로 보이는 데다 브로드컴이 퀄컴 인수를 추진하고 있어 시장 구도가 바뀔 수 있다는 이유에서다.▶돌아본 2017 \'10대 키워드\'▶무료 만화 보고 선물도 받고~ ▶치어리더 vs 레이싱걸 김신회 기자 raskol@mt.co.kr 머니투데이 관련뉴스해당 언론사에서 선정하며 언론사 페이지(아웃링크)로 이동해 볼 수 있습니다.\'꼬북칩 2300만봉\' 대박..오리온, 개발주역들에 포상\'세계 4위\' 렉시 톰슨, 매혹 \'블랙 비키니\'..모델급 몸매[현장+]""盧의 부엉이 바위"" 언급, 신년사부터 꼬인 환경부2018년 공무원 봉급표… \'1급 공무원\' 월급은?현대차 노조, 새해 벽두부터 파업좋아요0훈훈해요0슬퍼요0화나요0후속기사 원해요0기사제공 :']"
10,삼성전자, 2018-01-0508:28,파이낸셜뉴스 ,[파이낸셜뉴스 오늘의 1면] 韓 스타트업 57곳 세계무대 동반출격 外,https://finance.naver.com/news/news_read.nhn?article_id=0003937354&office_id=014&mode=search&query=삼성전자&page=11,"['       [파이낸셜뉴스 오늘의 1면] 韓 스타트업 57곳 세계무대 동반출격 外      기사입력2018-01-05 08:28기사원문좋아요훈훈해요좋아요 평가하기공감좋아요0훈훈해요0슬퍼요0화나요0후속기사 원해요0댓글뇌졸중에 걸린 어머니와 함께 사는 브라질 사업가 A씨는 미국 라스베이거스에서 열린 \'CES 2018\'에서 어머니에게 꼭 맞는 치료기기를 발견했다. 국내 스타트업(창업초기기업)인 네오펙트가 만든 \'라파엘 스마트 페그보드\'는 페그를 꽂을 부분을 불빛으로 알려주고 내장 스피커를 통해 게임 진행 내용을 음성과 효과음으로 알려준다. A씨는 ""스마트 페그보드 이외에도 네오펙트의 게임화된 재활기구들은 병원에서 재활치료가 힘든 어머니에게 꼭 맞는다""고 감탄했다.  미국과 멕시코 등지에서 탐사보도를 하는 미국 언론인 B씨는 \'CES 2018\'에 참가해 넥밴드 타입의 카메라에 매료됐다. 삼성전자 \'C랩\'을 통해 창업한 링크플로우가 만든 이 카메라는 목에 거는 넥밴드 타입으로 360도로 고화질(Full HD) 영상을 촬영해 실시간으로 볼 수 있다. B씨는 ""탐사보도를 하다 보면 두 손으로 카메라를 들기 어려울 뿐 아니라 다양한 각도의 영상을 찍고 싶을 때가 많았다""며 ""링크플로우의 360도 카메라는 나의 수요에 꼭 맞는다""고 전했다.  오는 9일부터 12일까지 미국 라스베이거스에서 열리는 세계 최대 규모 국제전자제품박람회인 \'CES 2018\'에 출사표를 던진 한국의 스타트업들이 그리는 모습들이다. \'제2의 벤처붐\'을 이끌고 있는 국내 스타트업들이 세계시장에 함께 나가 기술력을 선보인다.  4일 KOTRA에 따르면 CES 2018 한국관에선 57개 회사가 62개 부스를 운영한다. 한국관에는 삼성전자나 LG전자 등과 달리 개별적으로 해외 바이어를 공략하기 어려운 중소기업과 스타트업들이 참가한다.               ▶ 세상의 모든 골 때리는 이야기 \'fn파스\'▶ 속보이는 연예뉴스 fn스타  ※ 저작권자 ⓒ  파이낸셜뉴스. 무단 전재-재배포 금지파이낸셜뉴스 관련뉴스해당 언론사에서 선정하며 언론사 페이지(아웃링크)로 이동해 볼 수 있습니다.먹다보니, 지방간.. 당뇨 등 만성질환자 더 위험새해 통신비 절감 원한다면...이것만은 체크해보세요2018년 4대기업 운세는? 재미로 보는 \'기업 토정비결\'\'청와대 오역 논란\' 확인해보니…""청와대 해석 맞다"" 더디플로맷유방암 진단받고 가슴절제했는데...알고보니 오진좋아요0훈훈해요0슬퍼요0화나요0후속기사 원해요0기사제공 :']"
11,삼성전자, 2018-01-0508:25,SBS Biz ,한미 FTA 개정 협상 열려…자동차·농산물 지키나,https://finance.naver.com/news/news_read.nhn?article_id=0000148465&office_id=374&mode=search&query=삼성전자&page=11,"['       한미 FTA 개정 협상 열려…자동차·농산물 지키나      기사입력2018-01-05 08:25기사원문좋아요훈훈해요좋아요 평가하기공감좋아요0훈훈해요0슬퍼요0화나요0후속기사 원해요0댓글■ 경제와이드 모닝벨두 정상의 대화 분위기는 훈훈했지만 통상문제를 둘러싸고 양국은 치열한 기 싸움을 시작합니다.우리 시간으로 오늘(5일) 밤부터 한미자유무역협정, FTA개정협상이 시작됩니다.취재기자와 쟁점과 전망 짚어보겠습니다.김혜민 기자 나와 있습니다.김혜민 기자, 이번 협상의 최대 쟁점부터 짚어보죠?우리 시간으로 오늘 밤 11시쯤부터 미국 워싱턴DC에서 우리나라와 미국이 한미FTA 개정협상을 공식 시작합니다.최대 쟁점은 미국이 가장 적자를 보고 있다고 주장하는 자동차 분야가 될 것으로 보입니다.미국은 트럼프 대통령의 지지지역의 중요한 품목인 자동차의 원산지 기준 강화와 현대기아차에 미국산 부품 사용 비율을 높이라는 요구를 할 것으로 보입니다.한미FTA 발효 이후 지난 5년 동안 우리나라의 대미 승용차 수출은 연간 평간 12.4%, 자동차 부품 수출은 6.1% 증가했습니다.이렇게 자동차를 지렛대 삼아서 다른 분야의 추가 양보를 얻어내려는 시도가 있을 수도 있겠죠?미국은 쌀을 포함한 농축산물 시장 추가 개방을 요구할 가능성도 높습니다.자동차와 철강 등에서 확대된 무역적자를 농축산물로 만회해 줘야 한다는 주장을 펼칠 것으로 보입니다.우리 정부는 농축산물 추가개방은 원칙적으로 불가하다며 농업부문은 넘어서는 안 되는 \'레드라인\'이라는 입장입니다.[김형주 / LG경제연구원 연구위원 : (미국이) 자동차를 앞세우고 있지만 실제로는 농산물이나 의약품, 서비스 같은 다른 제품을 노린 것 아니냐는 우려가 있습니다. 특정 제품을 집중적으로 방어하다 다른 시장을 놓치는 우를 범하지 않도록….]미국측의 공세가 상당할 것으로 보이는데, 이에 맞설 우리 정부의 반격카드는 뭔가요?우리 정부는 투자자 국가분쟁해결제도인, ISDS 개선을 요구할 것으로 보입니다.ISDS는 외국에 투자한 기업이 상대방 국가의 정책 등으로 불이익을 봤을 때 해당 국가를 상대로 직접 소송을 제기할 수 있는 분쟁 해결 제도인데요.정부의 공공 정책 기능이 상실되거나 거액의 민사소송 대상이 될 수 있다는 점에서 대표적인 독소 조항으로 지목돼 왔습니다.한미 양국은 오늘 1차 협상을 시작으로 앞으로 3, 4주 간격으로 후속 협상을 이어갈 예정입니다.미국의 통상압박이 거세지면 미국에서 사업을 하는 우리 기업들은 불안해 질 수밖에 없겠군요?네, 그렇습니다.삼성전자는 미국 사우스 캐롤라이나의 뉴베리에 짓는 세탁기 공장을 조기 준공하고 오는 12일 가동에 들어갑니다.삼성전자는 올해 말까지 천명의 직원을 고용해 연간 100만대 이상의 세탁기를 생산할 예정인데요.삼성전자는 미국의 통상 압박을 피하기 위해 지난해 6월 약 4천억원을 들여 이 공장을 건설하기로 했습니다.미국이 최근 120만대를 초과해 수입되는 세탁기에 대해 최대 50%의 관세를 물리려 하자 이렇게 가동을 당초 계획보다 한, 두 달 정도 서두르는 것으로 해석됩니다.네, 김 기자 잘 들었습니다.김혜민 기자(joy@sbs.co.kr) ☞ 의견 있는 경제채널 SBSCNBC [홈페이지] [뉴스스탠드]☞ 공식 SNS [페이스북] 저작권자 SBS플러스 & SBS I&M 무단전재-재배포 금지SBS Biz 관련뉴스해당 언론사에서 선정하며 언론사 페이지(아웃링크)로 이동해 볼 수 있습니다.2시간 미팅 가진 김동연-이주열…""환율 과도한 쏠림 대응""전국 달걀 반출 \'주 2회 제한\'…포천 농장 1곳, H5N6형 확인[단독] 연금복권 1등 당첨금, 월 700만 원·30년 지급 \'백지화\'차기 금투협회장은 누구?…\'4파전\' 예고\'중대형 아파트\' 다시 뜬다…추세적인 흐름일까?좋아요0훈훈해요0슬퍼요0화나요0후속기사 원해요0기사제공 :']"
12,삼성전자, 2018-01-0508:19,매일경제 ,"가트너 ""삼성전자 반도체 시장점유율 14.6%…인텔 꺾어""",https://finance.naver.com/news/news_read.nhn?article_id=0004078134&office_id=009&mode=search&query=삼성전자&page=11,"['       가트너 ""삼성전자 반도체 시장점유율 14.6%…인텔 꺾어""      기사입력2018-01-05 08:19기사원문좋아요훈훈해요좋아요 평가하기공감좋아요0훈훈해요0슬퍼요0화나요0후속기사 원해요0댓글삼성전자가 지난해 인텔을 꺾고 세계 반도체 시장 점유율 1위 자리를 꿰찼다. 5일 시장조사업체 가트너에 따르면 삼성전자의 지난해 반도체 매출은 전년 동기 대비 52.6% 성장한 612억 달러(약 65조1400억원)을 기록해 시장 점유율 14.6%를 기록했다.기존 반도체 시장 1위였던 인텔의 매출은 6.7% 성장해 577억 달러(약 61조4200억원)에 그쳤다. 시장 점유율은 13.8%로 삼성전자보다 0.8% 포인트 낮다는 게 가트너의 분석이다.전체 세계 반도체 시장 규모는 스마트폰 확대 보급에 따른 메모리칩 수요 증가로 22% 성장해 4197억 달러로 커졌다고 설명했다. 아울러 반도체 업체들의 순위가 또 바뀔 수 있다고 내다봤다. 우선 싱가포르의 브로드컴이 미국의 퀄컴을 인수를 추진 중이다. 가트너는 브로드컴이 퀄컴을 인수하고 메모리 반도체 가격이 떨어진다면 삼성전자의 시장 점유율 순위가 3위로 밀려날 수 있다고 전망했다.[디지털뉴스국 박진형 기자]▶뉴스 이상의 무궁무진한 프리미엄 읽을거리 ▶아나운서가 직접 읽어주는 오늘의 주요 뉴스[ⓒ 매일경제 & mk.co.kr, 무단전재 및 재배포 금지]매일경제 관련뉴스해당 언론사에서 선정하며 언론사 페이지(아웃링크)로 이동해 볼 수 있습니다.실제 결혼 앞둔 \'국민불륜녀\' 민지영의 반전 미모[단독] 복병만난 현대차 GBC…軍, 뒤늦게 비행안전 제기서지혜 섹시 수영복…블랙 시스루 완벽몸매디자인부터 성능까지, 확 젊어진 렉서스 LS서지혜, 과감한 비키니 자태…몸매가 다 했네좋아요0훈훈해요0슬퍼요0화나요0후속기사 원해요0기사제공 :']"
13,삼성전자, 2018-01-0508:12,서울경제 ,"""삼성, 인텔 제치고 세계최대 반도체 메이커 차지""",https://finance.naver.com/news/news_read.nhn?article_id=0003189930&office_id=011&mode=search&query=삼성전자&page=11,"['       ""삼성, 인텔 제치고 세계최대 반도체 메이커 차지""      기사입력2018-01-05 08:12기사원문좋아요훈훈해요좋아요 평가하기공감좋아요0훈훈해요0슬퍼요0화나요0후속기사 원해요0댓글 시장조사기업 가트너 발표1992년부터 줄곧 1위 인텔, 첫 왕좌 내줘[서울경제] 삼성전자가 24년 만에 처음으로 인텔을 제치고 세계 최대 반도체 메이커 자리를 차지했다.4일(현지시간) AFP통신에 따르면 IT시장조사기업 가트너는 삼성전자가 인텔이 1992년 이래 독점해온 반도체 시장 점유율 1위 자리를 차지했다고 밝혔다.2017년 삼성전자의 반도체 매출은 52.6% 성장해 612억 달러(약 65조1,400억원)를 기록했으며 세계 시장 점유율은 14.6%로 나타났다.반면 인텔의 매출은 6.7% 성장하는 데 그쳐 577억 달러였으며 시장 점유율은 13.8%로 쳐졌다.다만 가트너는 싱가포르의 브로드컴이 미국의 퀄컴을 인수하는 데 성공하면 세계 반도체 메이커 랭킹은 또 한 번 급변할 수 있다고 전망했다. 가트너는 “브로드컴이 퀄컴 인수에 성공하고 삼성의 메모리칩 수익이 떨어질 경우 내년에 삼성의 시장 점유율이 3위로 미끄러질 수도 있다”고 설명했다.한편 지난해 글로벌 반도체 시장은 스마트폰의 보급에 따른 메모리칩 수요 증가로 전년도보다 22% 성장해 4,197억 달러 규모로 커진 것으로 조사됐다./연유진기자 economicus@sedaily.com[서울경제 바로가기]이제 주식시세도 서울경제에서 확인하세요 [바로가기▶]서울경제의 모든 연재물!... 서경Cube [바로가기▶]저작권자 ⓒ 서울경제, 무단 전재 및 재배포 금지서울경제 관련뉴스해당 언론사에서 선정하며 언론사 페이지(아웃링크)로 이동해 볼 수 있습니다.""냉정히 생각해봤는데···"" 제명 당한 류여해 \'대반격\'추자도 전복어선 선장, 배 기우는 것 알면서도 작업했다\'라디오스타\' 정주리 남편 비포 앤 애프터 공개...""사기 결혼""태양 집 매입 가격 42억, 티비만 3700만 원 ""승리가 음악 크게 틀어 독립"" 민효린과 신혼집은?\'라디오스타\' 김지우 ""남편 레이먼킴, TV에 내 전 남친 나오면 한숨""좋아요0훈훈해요0슬퍼요0화나요0후속기사 원해요0기사제공 :']"
14,삼성전자, 2018-01-0508:10,이데일리 ,"“증시, 차익실현 매물 출회로 투자 위축…美 증시 상승세는 우호적”",https://finance.naver.com/news/news_read.nhn?article_id=0004005666&office_id=018&mode=search&query=삼성전자&page=11,"[""       “증시, 차익실현 매물 출회로 투자 위축…美 증시 상승세는 우호적”      기사입력2018-01-05 08:10기사원문좋아요훈훈해요좋아요 평가하기공감좋아요0훈훈해요0슬퍼요0화나요0후속기사 원해요0댓글[이데일리 윤필호 기자] 국내 증시가 전날 차익실현 매물 출회로 인해 하락하면서 투자심리 위축이 부담으로 떠올랐다. 하지만 연일 최고치를 찍고 있는 미국 증시의 상승세가 국내에도 우호적 영향을 미칠 것이라는 전망이 나왔다.서상영 키움증권 연구원은 5일 “한국 증시는 일부 종목에 대한 차익실현 매물이 출회되며 하락했다”면서 “특히 장 막판 코스닥의 바이오주에 대한 매물 출회로 투자심리가 위축된 점이 부담이었다”고 분석했다. 그러면서도 “오늘 한국 증시는 이러한 일시적인 차익실현 매물을 뒤로하고 상승할 것”이라고 예상했다.간밤 미국 뉴욕증시는 민간고용 호조 등에 영향으로 3대지수가 사상 최고치를 찍었다. 서 연구원은 “미국 증시는 견고한 고용지표를 기반으로 금융주가 상승을 주도했다”면서 “유럽 증시 또한 일부 은행주에 대한 실적 개선 기대감을 토대로 투자의견이 상향 조정되며 금융주가 상승을 주도했다”고 설명했다. 그는 “한국 증시 또한 이러한 점을 감안하면 금융주가 상승을 주도할 것으로 예상한다”면서 “최근 실적 개선 기대감이 높아지며 미국 증시 상승을 주도하고 있는 반도체주가 오늘도 상승세를 이어갔다. 이 또한 한국 증시에 우호적”이라고 언급했다.서 연구원은 “제임스 블라드 세인트루이스 연방은행 총재가 ‘최근 주식시장 상승은 기업이익 전망 개선과 연관이 있다’라고 주장하며 일부에서 제기하고 있는 버블논란을 완화시킨 점 또한 투자심리에 우호적”이라면서도 “9일 삼성전자 잠정실적 발표와 ‘코스닥 활성화 대책’ 발표를 앞두고 있어 여전히 관련주들에 대한 기대감과 우려감이 혼재되어 있어 시장 참여자들의 적극적인 대응을 제한할 것”이라고 판단했다.윤필호 (nothing@edaily.co.kr)▶네이버 채널에서 ‘이데일리’를 구독해주세요▶[페이스북] 보러가기~ ▶[카카오톡] 플친 맺기~♥＜ⓒ종합 경제정보 미디어 이데일리 - 무단전재 & 재배포 금지＞이데일리 관련뉴스해당 언론사에서 선정하며 언론사 페이지(아웃링크)로 이동해 볼 수 있습니다.난 월 9만원 내고 압구정 50평 아파트에 산다文정부, 제식구 챙기려 공무원 호봉제 바꿨다생사기로 놓인 성동·STX조선해양…골든타임 놓칠까 좌불안석강남 집값 잡으려다 전셋값 놓칠라박근혜 임기중 12억 재산증식 비법은?…'국고의 사유화'좋아요0훈훈해요0슬퍼요0화나요0후속기사 원해요0기사제공 :""]"
15,삼성전자, 2018-01-0508:10,이데일리 ,"4분기 실적 하향 조정폭 예년보다 적어..""실적 믿어도 된다""",https://finance.naver.com/news/news_read.nhn?article_id=0004005667&office_id=018&mode=search&query=삼성전자&page=11,"['       4분기 실적 하향 조정폭 예년보다 적어..""실적 믿어도 된다""      기사입력2018-01-05 08:10기사원문좋아요훈훈해요좋아요 평가하기공감좋아요0훈훈해요0슬퍼요0화나요0후속기사 원해요0댓글- 올해 실적은 상향 조정..9월말대비 3% 증가[이데일리 최정희 기자] 국내 기업들의 4분기 실적 발표를 기점으로 그동안 코스피 지수 상승에 부담으로 작용해 온 실적 불확실성이 완화될 것이란 전망이 나온다. 내년 이익 전망은 오히려 상향 조정되고 있단 평가다.박춘영 대신증권 연구원은 5일 보고서에서 “9일 삼성전자(005930)의 잠정실적 발표가 중요한 전환점이 될 것”이라며 “삼성전자의 4분기 영업이익 전망치는 작년 11월말 16조4000억원에서 3일 현재 15조9000억원으로 하락했는데 이는 코스피 4분기 영업이익 전망 하향금액의 약 39%를 차지한다”고 말했다. 반면 삼성전자는 올해 영업이익 전망 상향금액의 66.4%는 차지한다. 4분기 실적 확인 이후에 실적 불확실성에 대한 우려가 빠르게 완화될 것이란 분석이다. 4분기 실적이 하향 조정되고 있지만 예년보다 하향 조정폭이 적다. 박 연구원은 “작년 11월말 이후 코스피 4분기 실적 전망 하향으로 인해 코스피 상승 동력이었던 실적에 대한 신뢰가 약화됐던 것이 사실”이라면서도 “경험적으로 4분기 실적 전망이 5년 평균 10% 이상 하향 조정된 것과 비교할 때 이번 하향 조정폭은 크지 않다”고 설명했다. 올해 코스피 이익 전망은 상향 조정되고 있다. 작년 9월말보다 3% 넘게 상향 조정돼 영업이익 전망치가 210조원을 넘어섰다. 박 연구원은 “4분기 실적 불안심리를 높였던 반도체 업종의 올해 이익 상향 기여도가 100%에 달한다는 점에서 실적 불안이 일시적일 가능성에 무게가 실린다”고 말했다. 또 실적 안정성이 높아질 전망이다. 박 연구원은 “작년엔 과도하게 반도체로 쏠렸던 이익증가 기여도가 올해 완화된다”며 “반도체 이익 기여도는 작년 70%대에서 올해 50%로 낮아질 것”이라고 설명했다.최정희 (jhid0201@edaily.co.kr)▶네이버 채널에서 ‘이데일리’를 구독해주세요▶[페이스북] 보러가기~ ▶[카카오톡] 플친 맺기~♥＜ⓒ종합 경제정보 미디어 이데일리 - 무단전재 & 재배포 금지＞이데일리 관련뉴스해당 언론사에서 선정하며 언론사 페이지(아웃링크)로 이동해 볼 수 있습니다.난 월 9만원 내고 압구정 50평 아파트에 산다文정부, 제식구 챙기려 공무원 호봉제 바꿨다생사기로 놓인 성동·STX조선해양…골든타임 놓칠까 좌불안석강남 집값 잡으려다 전셋값 놓칠라박근혜 임기중 12억 재산증식 비법은?…\'국고의 사유화\'좋아요0훈훈해요0슬퍼요0화나요0후속기사 원해요0기사제공 :']"
16,삼성전자, 2018-01-0508:00,연합뉴스 ,[증권가 신년인터뷰] 이채원 한국투자밸류자산운용 대표이사,https://finance.naver.com/news/news_read.nhn?article_id=0009792392&office_id=001&mode=search&query=삼성전자&page=11,"['       [증권가 신년인터뷰] 이채원 한국투자밸류자산운용 대표이사      기사입력2018-01-05 08:00기사원문좋아요훈훈해요좋아요 평가하기공감좋아요0훈훈해요0슬퍼요0화나요0후속기사 원해요0댓글 ""중소형 가치주 시대 온다…종목별 차별화 장세 가능성""""소외 업종 내 저평가주 주목…많이 오른 성장주는 유의""(서울=연합뉴스) 유현민 기자 = 한국투자밸류자산운용의 최고운용책임자(CIO)를 겸직하는 이채원 대표이사는 5일 ""올해는 중소형 가치주의 시대가 올 것""이라고 밝혔다.    이 대표는 이날 연합뉴스와 한 신년인터뷰에서 ""올해는 업종과 무관하게 종목별로 차별화한 장세가 펼쳐질 가능성이 크다""며 ""하반기로 갈수록 업종 내에서 저평가된 종목의 성과가 좋아질 것""이라고 말했다. 이채원 한국투자밸류자산운용 대표이사(서울=연합뉴스) 유현민 기자 = 이채원 한국투자밸류자산운용 대표이사가 여의도 본사 집무실에서 연합뉴스와 신년 인터뷰를 하고 있다. 2018.1.5 hyunmin623@yna.co.kr(끝)이 대표는 2009∼2010년을 대형 성장주의 시대, 2011∼2013년은 중소형 가치주, 2014년 대형 성장주, 2015년 중소형 성장주, 2016∼2017년은 대형 가치주의 시대로 각각 규정했다.     그는 ""기업의 내재가치는 쉽게 바뀌지 않지만, 시장 참여자의 인식에 따라 주도주가 바뀌었다""면서 ""중소형 가치주가 4년 동안 움직이지 않았다는 점에서 과거 경험상 올해 중반 이후부터 중소형 가치주가 움직일 것""이라고 분석했다.     이 대표는 또 ""작년까지는 바이오나 정보기술(IT) 등 일정 테마별로 군을 이뤄서 오르는 현상이 이어졌지만, 올해는 특정 섹터가 시장을 주도하기 쉽지 않을 것""이라며 ""철저한 종목별 차별화 장세가 나타날 것""이라고 예상했다.     그러면서 그는 ""많이 오른 업종보다는 소외된 업종이 나을 것""이라며 ""업종 내에서도 배수(멀티플)가 낮은 종목이 유망하다""고 강조했다.    올해 미국을 비롯한 글로벌 금융시장에서 금리 상승이 예견되는 점도 가치주의 시대가 올 것이라고 전망하는 이유 중 하나다.     이 대표는 ""올해는 금리상승과 함께 완만한 경기회복이 기대된다""면서 ""금리가 오르면 주가수익비율(PER) 배수가 높은 성장주보다는 배수가 낮은 가치주의 시대가 올 수밖에 없다""고 설명했다.    그는 ""금리가 올라가면 고배수 종목은 불리해져서 배수가 낮은 주에 시장이 주목하게 될 것""이라며 ""올해 경기가 본격적으로 회복하기는 쉽지 않더라도 완만한 회복세를 보이면 추가로 금리가 올라갈 것""이라고 덧붙였다.     이 대표는 올해의 유망한 투자자산으로 전통적인 중소형 가치주나 그런 주식을 담은 펀드를 추천하며 ""주가가 많이 오른 성장주 투자에는 유의해야 할 때가 왔다""고 조언했다.     그는 또 \'연구하지 않고 주식투자를 하는 것은 자신의 패를 보지 않고 포커를 하는 것과 같다\'는 투자가 피터 린치의 발언을 소개하며 ""주식투자를 하려면 하루에 2∼3시간은 공부하고 연구해야 한다""고 강조했다.이채원 한국투자밸류자산운용 대표이사(서울=연합뉴스) 유현민 기자 = 이채원 한국투자밸류자산운용 대표이사가 여의도 본사 집무실에서 연합뉴스와 신년 인터뷰를 하고 있다. 2018.1.5 hyunmin623@yna.co.kr(끝)2006년 한국투자밸류자산운용 창립 당시부터 13년째 CIO를 지내온 이 대표는 올해부터는 대표이사까지 맡게 됐다.     그는 ""가치투자라는 원칙과 철학이 생활화하고 일상화할 수 있도록 힘을 쏟을 것""이라며 ""궁극적으로는 모든 조직 구성원과 가치투자의 일체화가 목표""라고 신임 대표로서의 포부를 밝혔다.     그는 ""정말 중요한 것은 운용""이라며 ""중요한 의사 결정은 내가 하겠지만, CIO의 책무도 있기에 가능하면 대외업무는 줄이는 쪽으로 할 생각""이라고 말했다.    이 대표는 특히 ""좋은 성과를 달성해 우리를 믿어주고 기다려주며 마음고생 하신 고객에게 좋은 성과를 돌려드리는 게 올해의 유일한 목표""라고 했다.     2016년 하반기 포트폴리오에 담았던 삼성전자를 대거 팔아치운 결과 지난해 성과가 저조했기 때문이다.      그는 ""지나치게 보수적이고 방어적인 운용 방식으로 삼성전자를 조기에 매각해서 많이 아쉽다""며 ""반도체 업황이 이렇게까지 좋아질 줄 예상하지 못했다""고 토로했다.     그러면서도 이 대표는 ""우리의 목표는 코스피 수익률이 아니라 \'금리+α\'""라며 ""가치투자의 철학과 원칙을 지키며 저평가 주식에 투자한다면 반드시 좋은 결과가 나올 것이라고 믿는다""고 힘주어 말했다.    hyunmin623@yna.co.kr▶기사제보 및 문의▶기자와 1:1 채팅\xa0\xa0▶최신 트렌드연합뉴스 관련뉴스해당 언론사에서 선정하며 언론사 페이지(아웃링크)로 이동해 볼 수 있습니다.\xa0정두언 ""MB, 자신이 다스 만들었다고 말해""\xa0""\'제주 호텔 먹튀\' 논란 JYJ 김준수, 38억원 물어내""\xa0""여성질환 상담해 줄께"" 신체사진 보냈다가 \'황당\'\xa0""2층 진입 했어야…"" 소방청, 제천화재 대응에 유감표명\xa0삼겹살집에 나타난 멧돼지…아연실색, 혼비백산, 아수라장좋아요0훈훈해요0슬퍼요0화나요0후속기사 원해요0기사제공 :']"
17,삼성전자, 2018-01-0507:45,조선비즈 ,[투자노트] 작년말 짐쌌던 왕개미의 귀환을 기대하며,https://finance.naver.com/news/news_read.nhn?article_id=0000395012&office_id=366&mode=search&query=삼성전자&page=11,"['       [투자노트] 작년말 짐쌌던 왕개미의 귀환을 기대하며      기사입력2018-01-05 07:45기사원문좋아요훈훈해요좋아요 평가하기공감좋아요0훈훈해요0슬퍼요0화나요0후속기사 원해요0댓글 지난해 12월 증시의 특징 중 하나는 개인 투자자의 이탈이다. 개인은 지난 12월 한달에만 유가증권시장에서 3조6645억원, 코스닥시장에서 1조4672억원 팔았다. 개인이 연말에 파는 것은 오랜 기간 지속된 동향 중 하나인데, 작년 말은 그 규모가 유독 컸다. 찾아보니 월별 매매 동향 정보가 제공되기 시작한 2000년대 들어 가장 큰 규모였다. 2000년 이전은 증시 규모가 지금에 비해 작았으니 아마도 5조원이 넘는 매도 금액은 역대 최대였을 가능성이 높다.왜 이렇게 팔아댔을까. 일각에선 “투자금이 가상화폐로 옮겨간 것 아니냐”는 관측이 나왔다. 하지만 이는 사실에 근거하지는 않은 추측으로 보인다. 기획재정부나 금융위원회, 경제 전문가들은 “가상화폐가 열풍이라고는 하지만 아직은 기존 금융시장을 뒤흔들 정도는 아니다”라고 일관된 평가를 내놓고 있다.증권가에선 개인에 대한 양도세 강화 때문이란 분석이 나왔다. 2018년부터는 대주주 양도세 기준이 주식 지분가치 15억원(현재는 25억원)으로 하향 조정된다. 그전에는 20억원어치 주식을 팔면 수수료와 0.3%의 매도세만 내면 됐는데, 이제는 양도차익에 대한 20%대 고율의 세금 또한 내게 된 것이다. 더구나 양도세가 22%에서 27.5%로 인상됐다(3억원 초과분). 지난해 증시가 활황이었다 보니 평가액이 늘면서 팔만한 유인이 생겼을 것이라는 얘기다.조선DB문제는 외부 변수 때문에 증시를 떠났던 이들이 돌아오는지 여부다. 일부에선 “반드시 돌아올 것”이라고 했지만, 아직까지는 기대치를 밑돌고 있다. 2일 개장 이래 사흘간 추이만 보면 코스닥시장은 7000억원 넘게 유입된 반면, 유가증권시장은 1월 들어서도 67억원 매도했다.다만 매도 강도 자체는 꾸준히 줄어들고 있다. 오늘 증시에서 개인 동향을 살펴봐야 할 이유다.좀 더 지켜봐야겠지만, 아직은 그래도 기대해볼만 하다는 것이 전문가들의 평가다. 당장 큰손들이 투자처로 선택할만한 선택지가 별로 없어서다. 한동안 자금을 흡수했던 해외 펀드나, 주가연계증권(ELS), 수익형부동산 등 부동산 또한 당장은 개인 자금을 끌어모으는 징후가 보이지 않고 있다. 특히 최근 수년 간 큰손들의 자금을 끌어 모았던 사모 ELS가 예전같지 않은 모습을 보여주고 있다.KB증권은 “떠났던 이들은 돌아온다”에 손을 들어줬다. 12월 들어 갑작스럽게 개인투자자들이 매도를 늘렸던 업종들에 주목해야 한다는 것이 KB증권의 입장이다. 지난 한해 꾸준히 개인들이 관심을 가져오다가 12월 들어 매도로 전환된 업종은 반도체와 소프트웨어, 은행, 철강 등이다. KB증권은 삼성전자(005930)와 한국타이어(161390). 대한항공(003490), 신한지주(055550), 하나금융지주(086790), POSCO(005490)등을 관련주로 꼽았다. 왕개미의 귀환을 믿는다면, 해당 종목을 유념해 살펴보는 전략이 유효할 듯 싶다.[안재만 기자 hoonpa@chosunbiz.com]chosunbiz.com조선비즈 관련뉴스해당 언론사에서 선정하며 언론사 페이지(아웃링크)로 이동해 볼 수 있습니다.""역시 한국""…베트남 인구 절반이 매료된 \'이것\'""10년 만에 돈 벌 기회 왔다""…들뜬 부동산 업계""4억에 내 집 물론 상가까지""…젊은부부 열광""정부 때문에 50조 날릴 판""…건설사들 사색환골탈태 현대차…""벌써부터 전화통에 불났다""좋아요0훈훈해요0슬퍼요0화나요0후속기사 원해요0기사제공 :']"
18,삼성전자, 2018-01-0507:34,한국경제 ,"""다음주 코스피 2450~2500 전망…수출자본재株 주목""",https://finance.naver.com/news/news_read.nhn?article_id=0003874712&office_id=015&mode=search&query=삼성전자&page=11,"['       ""다음주 코스피 2450~2500 전망…수출자본재株 주목""      기사입력2018-01-05 07:34기사원문좋아요훈훈해요좋아요 평가하기공감좋아요0훈훈해요0슬퍼요0화나요0후속기사 원해요0댓글 하나금융투자는 5일 다음주 코스피지수가 2450~2500 구간에서 움직일 전망이라며 변동성 확대 구간을 주식 매수 기회로 삼을 것을 주문했다.김용구 하나금융투자 연구원은 ""다음주 코스피지수가 2450선 하방지지를 시험하는 중립수준의 주가 흐름을 나타낼 전망""이라며 ""단기 주가 변동성 확대 구간을 매수의 기회로 활용할 것을 권한다""고 밝혔다.국내 증시가 프로그램 매매 등 현·선물 연계 수급 파장에 발목 잡혀 상승 추세의 연속성에 균열이 발생했지만, 단기 수급 노이즈에 불과하다고 평가했다.삼성전자를 중심으로 한 4분기 기업실적 의구심이 남아있지만, 현재 주가와 밸류에이션(실적 대비 주가 수준) 여건을 고려하면 기반영된 리스크로 해석하는 것이 타당하다고 진단했다.그는 ""국내외 업종 로테이션 주도권과 관련해, 산업재를 위시한 수출 자본재(씨클리컬)로 결집할 가능성을 염두에 둘 필요가 있다""며 ""화학, 철강, 조선, 기계, 건설 등 씨클리컬 대표주 옥석 가리기에 주력할 것""이라고 조언했다.오정민 한경닷컴 기자 blooming@hankyung.com[한경닷컴 바로가기] [글방] [모바일한경 구독신청] ⓒ 한국경제 & hankyung.com, 무단전재 및 재배포 금지한국경제 관련뉴스해당 언론사에서 선정하며 언론사 페이지(아웃링크)로 이동해 볼 수 있습니다.코스피·코스닥, 기관 차익실현 매물에 상승 행진 \'스톱\'(마감)코스피, 19.89p 하락 2466.4614억에 거래되던 판교 아파트, 불과 3개월 만에\'신의 직장\' 불리는 중소기업 초봉 어느 정도길래?""1년에 단 2번…"" 유명 명품 70% 세일 예고한 곳이좋아요0훈훈해요0슬퍼요0화나요0후속기사 원해요0기사제공 :']"
19,삼성전자, 2018-01-0507:27,한국경제 ,"""4분기 실적 발표, 불확실성 완화될 전망""-대신",https://finance.naver.com/news/news_read.nhn?article_id=0003874710&office_id=015&mode=search&query=삼성전자&page=11,"['       ""4분기 실적 발표, 불확실성 완화될 전망""-대신      기사입력2018-01-05 07:27기사원문좋아요훈훈해요좋아요 평가하기공감좋아요0훈훈해요0슬퍼요0화나요0후속기사 원해요0댓글 대신증권은 5일 국내 기업들의 4분기 실적 발표를 기점으로 그 동안 KOSPI 상승에 부담으로 작용해 온 실적 불확실성이 점차 완화될 것으로 예상했다.박춘영 대신증권 연구원은 ""작년 11월 말 이후 KOSPI 4분기 실적 전망 하향으로 인해 KOSPI 상승동력이었던 실적에 대한 신뢰가 약화됐던 게 사실""이라며 ""하지만 경험적으로 4분기 실적전망이 10% 이상(5년 평균) 하향조정 된 것과 비교했을 때 이번 4분기 실적 전망 하향 조정폭은 크지 않다""고 설명했다.연말 일회성 요인으로 4분기 실적이 낮아진 기대치를 하회하더라도 분기와 연간 이익개선 흐름은 유지될 것이라는 전망이다.박 연구원은 ""올해 KOSPI 이익 전망이 오히려 상향됐다는 점도 실적에 대한 신뢰회복 가능성을 높인다""며 ""작년 9월말 대비 ‘18년 영업이익 전망치는 3% 넘게 상향되며 210조원을 넘어섰다""고 전했다.그는 특히 4분기 실적 불안심리를 높였던 반도체 업종의 ‘18년 이익 상향 기여도가 100%에 달한다는 점에서 실적 불안이 일시적일 가능성에 무게를 둔다며 4분기 실적발표가 국내 기업들의 실적 불확실성 해소의 계기가 될 것이라고 기대했다.오는 9일 삼성전자의 잠정실적 발표가 중요한 전환점이 될 것이라는 전망이다. 삼성전자의 4분기 영업이익 전망치는 작년 11월말 16조3000억원에서 지난 3일 15조9000억원까지 하락했다. 이는 KOSPI 4분기 영업이익 전망 하향금액의 약 39%에 해당한다.박 연구원은 ""삼성전자가 KOSPI ‘18년 실적전망 상향을 이끌었다""며 ""삼성전자 4분기 실적 확인 이후 실적 불확실성 우려가 빠르게 완화될 가능성이 높다""고 봤다.정형석 한경닷컴 기자 chs8790@hankyung.com[한경닷컴 바로가기] [글방] [모바일한경 구독신청] ⓒ 한국경제 & hankyung.com, 무단전재 및 재배포 금지한국경제 관련뉴스해당 언론사에서 선정하며 언론사 페이지(아웃링크)로 이동해 볼 수 있습니다.LG전자, 실적 발표 앞두고 \'약세\'14억에 거래되던 판교 아파트, 불과 3개월 만에\'신의 직장\' 불리는 중소기업 초봉 어느 정도길래?""1년에 단 2번…"" 유명 명품 70% 세일 예고한 곳이입주 한 달 새 전세가 8000만원 뚝 떨어진 아파트가좋아요0훈훈해요0슬퍼요0화나요0후속기사 원해요0기사제공 :']"
0,삼성전자, 2018-01-0507:27,연합뉴스 ,"D램익스체인지 ""낸드플래시, 내년부터 공급 초과될 수도""",https://finance.naver.com/news/news_read.nhn?article_id=0009792366&office_id=001&mode=search&query=삼성전자&page=12,"['       D램익스체인지 ""낸드플래시, 내년부터 공급 초과될 수도""      기사입력2018-01-05 07:27기사원문좋아요훈훈해요좋아요 평가하기공감좋아요0훈훈해요0슬퍼요0화나요0후속기사 원해요0댓글낸드플래시 반도체[연합뉴스TV 제공]""삼성·SK·도시바·인텔·YMTC 일제히 증설""(서울=연합뉴스) 정성호 기자 = 메모리 반도체의 슈퍼 사이클(장기 호황)이 이어지고 있는 가운데 주요 낸드플래시 업체들이 잇따라 생산능력 증대 계획을 발표하면서 내년에는 공급 초과가 나타날 수 있다는 전망이 나왔다.    5일 반도체 시장조사업체 D램익스체인지에 따르면 지난해 도시바 메모리 매각을 두고 법적 분쟁을 벌였던 도시바와 웨스턴 디지털이 지난해 12월 현재의 조인트 벤처 합의를 2029년까지 연장하기로 합의했다.    이 합의 뒤 도시바는 \'팹 7\' 건설 계획을 발표했다.    이 공장은 기존 공장이 있는 욧카이치(四日市)가 아닌 이와테(岩手)현 기타카미(北上)에 들어서며 2019년 하반기 양산에 들어가 96단, 또는 그 이상의 첨단 3차원(3D) 낸드플래시를 주요 제품으로 생산할 것으로 분석되고 있다.    D램익스체인지는 ""도시바와 삼성, 인텔, 양쯔 메모리테크놀로지 코퍼레이션(YMTC) 등 주요 낸드플래시 제조업체들의 생산능력 증대가 반도체 산업에 점차 영향을 미치며 2019년 이후에는 낸드플래시 시장에 공급 초과가 나타날 수 있다""고 전망했다.    이는 곧 낸드플래시 가격의 하락 가능성을 뜻한다.    D램익스체인지는 오히려 도시바 팹 7의 경우 2020년까지는 낸드플래시 생산량에 큰 영향을 미치지 않을 것으로 봤다.    YMTC는 반도체 산업계의 새 관심사다. 우한(武漢) 둥후(東湖) 첨단기술개발구에 들어설 YMTC의 새 공장은 올해 하반기 가동에 들어간다.    폭증하는 서버용 SSD(솔리드 스테이트 드라이브) 수요에 발맞춰 인텔은 올해 말까지 중국 다롄 공장의 3D 낸드플래시 생산능력을 2배로 증설할 계획이다.    삼성전자 역시 중국 시안의 낸드플래시 공장을 확장할 계획이며, SK하이닉스도 새 공장인 청주의 M15 공장에 투자하고 있다고 D램익스체인지는 분석했다.    96단 혹은 그 이상의 3D 낸드를 생산할 M15 공장은 내년께 가동에 들어갈 것으로 예상되고 있다.    sisyphe@yna.co.kr▶기사제보 및 문의▶기자와 1:1 채팅\xa0\xa0▶최신 트렌드연합뉴스 관련뉴스해당 언론사에서 선정하며 언론사 페이지(아웃링크)로 이동해 볼 수 있습니다.\xa0압구정 아파트 경비원 94명 전원 해고…최저임금 인상탓?\xa0""여자 9세면 결혼 가능"" 터키정부 율법해석 \'논란\'\xa0비보호 좌회전 몰라도 합격?…운전면허시험 문제없나\xa0""\'제주 호텔 먹튀\' 논란 JYJ 김준수, 38억원 물어내""\xa0동료 엽사가 쏜 총탄에 맞아 사망…""멧돼지로 착각""좋아요0훈훈해요0슬퍼요0화나요0후속기사 원해요0기사제공 :']"
1,삼성전자, 2018-01-0507:27,한국경제 ,"""한국 증시, 금융주 상승 주도로 반등 예상""-키움",https://finance.naver.com/news/news_read.nhn?article_id=0003874709&office_id=015&mode=search&query=삼성전자&page=12,"['       ""한국 증시, 금융주 상승 주도로 반등 예상""-키움      기사입력2018-01-05 07:27기사원문좋아요훈훈해요좋아요 평가하기공감좋아요0훈훈해요0슬퍼요0화나요0후속기사 원해요0댓글 키움증권은 5일 한국 증시에 대해 금융주가 상승을 주도하면서 반등할 것으로 예상했다. 서상영 연구원은 ""전날 한국 증시는 일부 종목에 대한 차익실현 매물이 출회되며 하락했다""며 ""코스닥은 바이오주 매물 출회로 투자심리가 위축된 점이 부담이었지만 오늘은 상승할 것""이라고 전망했다. 미국 증시 영향으로 한국도 금융주가 상승을 이끌어갈 것이라는 예상이다. 서 연구원은 ""미국 증시는 양호한 고용지표 발표에 힘입어 국채금리가 상승하자 금융주가 상승을 주도했다""며 ""유럽 증시도 일부 은행주에 대한 실적 개선 기대감으로 금융주가 상승을 주도한 만큼 한국 증시도 비슷한 현상을 보일 것""이라고 내다봤다. 서 연구원은 ""미 증시 상승을 주도한 반도체가 상승세를 이어간 것도 한국 증시에 우호적""이라고 진단했다. 다만 시장 참여자들의 적극적 대응은 제한될 것으로 판단했다. 그는 ""9일 삼성전자 잠정실적 발표와 코스닥 활성화 대책 발표를 앞두고 있어 관련주들에 대한 기대감과 우려감이 혼재돼 시장 참여자들은 적극적 대응을 제한할 것""이라고 분석했다. 고은빛 한경닷컴 기자 silverlight@hankyung.com[한경닷컴 바로가기] [글방] [모바일한경 구독신청] ⓒ 한국경제 & hankyung.com, 무단전재 및 재배포 금지한국경제 관련뉴스해당 언론사에서 선정하며 언론사 페이지(아웃링크)로 이동해 볼 수 있습니다.""한국 증시, FOMC 결과로 안도랠리 기대""-키움""한국 증시, 반도체·금융주 중심 상승 예상""-키움14억에 거래되던 판교 아파트, 불과 3개월 만에\'신의 직장\' 불리는 중소기업 초봉 어느 정도길래?""1년에 단 2번…"" 유명 명품 70% 세일 예고한 곳이좋아요0훈훈해요0슬퍼요0화나요0후속기사 원해요0기사제공 :']"
2,삼성전자, 2018-01-0507:14,서울경제 ,원高에 미끄러진 삼성전자,https://finance.naver.com/news/news_read.nhn?article_id=0003189914&office_id=011&mode=search&query=삼성전자&page=12,"['       원高에 미끄러진 삼성전자      기사입력2018-01-05 07:14기사원문좋아요훈훈해요좋아요 평가하기공감좋아요0훈훈해요0슬퍼요0화나요0후속기사 원해요0댓글 환율 악재에 1%대 하락세지난해 \'사자\' 기관마저 매도[서울경제] 지난해 연말부터 이어진 삼성전자(005930)의 상승세가 환율에 발목이 잡혔다. 여전히 반도체 업황에 대한 우려의 목소리도 나오는 상황에서 최근 곤두박질치고 있는 환율이 주가에 악재로 작용하고 있다. 4일 삼성전자는 전 거래일 대비 1.05% 하락한 255만4,000원으로 장을 마쳤다. 삼성전자의 하락은 환율이 생각보다 큰 폭으로 떨어진 데 따른 것으로 분석된다. 일각에서는 삼성전자 같은 초우량 기업은 환율에 크게 영향을 받지 않는다는 목소리도 내놓고 있지만 환율이 예상보다 큰 폭으로 떨어지면서 불안감을 느낀 투자자들이 매물을 내놓고 있다. 김재홍 신영증권 센터장은 “전날 뉴욕증시의 주요 3대 지수는 기술주 강세 등에 힘입어 사상 최고치를 경신했다”며 “삼성전자의 하락은 업황에 대한 우려보다는 최근 들어 떨어지고 있는 환율 때문인 것으로 보인다”고 말했다. 원·달러 환율은 새해 첫 거래일인 지난 2일 1,061원20전에 거래를 마쳤다. 1,060원대 환율은 장중 저가 기준으로 2015년 4월30일(달러당 1,068원) 이후 처음이다. 장중 전저점인 달러당 1,066원60전(2015년 4월29일)도 하향 돌파했다. 종가 기준으로도 달러당 1,055원50전(2014년 10월30일) 이후 가장 낮아 3년 2개월 만의 최저 수준의 환율을 보이고 있다.환율에 대한 걱정 때문인지 지난해 삼성전자 ‘사자’에 나섰던 기관들도 삼성전자 주식을 팔기 시작했다. 기관들의 매도세에 2일부터 3일까지 삼성전자는 기관 순매도 종목 1위에 올랐다. 이 기간 기관들은 삼성전자 주식 1,829억원어치를 팔았다. 원화 강세 지속에 증권사들도 삼성전자 실적을 하향 조정하기 시작했다. 이승우 유진투자증권 연구원은 “현실적으로 1,060원대까지 하락한 상황을 반영해 2018년 연평균 환율 가정치를 1,110원에서 1,075원으로 약 3% 하향 조정한다”며 “이 같은 변수 등을 반영해 2018년 예상 실적을 매출 277조8,000억원에서 262조7,000억원으로, 영업이익은 67조3,000억원에서 64조7,000억원으로 4~5% 하향 조정한다”고 밝혔다.다만 반도체 고점 논란으로 떠났던 외국인들이 다시 돌아오고 있고 반도체 호황이 올해에도 이어질 것으로 예상되면서 삼성전자 주가 상승세는 계속될 것이라는 전망에 힘이 실린다. 이 연구원은 “제한적인 공급증가 여력과 안정적인 서버·데이터센터 수요를 감안할 때 D램 수급이 뒤집어질 가능성은 거의 없어 보이고 낸드 상황도 우려할 만한 정도는 아닐 것으로 판단된다”며 “삼성전자의 EPS 증가율과 연평균 주가변화율 사이의 관계를 고려하면 올해 삼성전자의 연평균 주가 상승률은 대략 19%로 계산된다”고 설명했다./박성규기자 exculpate2@sedaily.com[서울경제 바로가기]이제 주식시세도 서울경제에서 확인하세요 [바로가기▶]서울경제의 모든 연재물!... 서경Cube [바로가기▶]저작권자 ⓒ 서울경제, 무단 전재 및 재배포 금지서울경제 관련뉴스해당 언론사에서 선정하며 언론사 페이지(아웃링크)로 이동해 볼 수 있습니다.""냉정히 생각해봤는데···"" 제명 당한 류여해 \'대반격\'추자도 전복어선 선장, 배 기우는 것 알면서도 작업했다\'라디오스타\' 정주리 남편 비포 앤 애프터 공개...""사기 결혼""태양 집 매입 가격 42억, 티비만 3700만 원 ""승리가 음악 크게 틀어 독립"" 민효린과 신혼집은?\'라디오스타\' 김지우 ""남편 레이먼킴, TV에 내 전 남친 나오면 한숨""좋아요0훈훈해요0슬퍼요0화나요0후속기사 원해요0기사제공 :']"
3,삼성전자, 2018-01-0507:04,이데일리 ,[재송]4일 장마감 후 주요 종목 뉴스,https://finance.naver.com/news/news_read.nhn?article_id=0004005649&office_id=018&mode=search&query=삼성전자&page=12,"[""       [재송]4일 장마감 후 주요 종목 뉴스      기사입력2018-01-05 07:04기사원문좋아요훈훈해요좋아요 평가하기공감좋아요0훈훈해요0슬퍼요0화나요0후속기사 원해요0댓글 [이데일리 김관용 기자] 다음은 4일 장 마감 후 주요 종목 뉴스다.△LIG넥스원(079550)=방위사업청으로부터 고정형 장거리레이더 체계개발사업 중단 공문을 수령했다고 공시. 계약금액은 372억6000만원의 반환으로 2017년 연결재무제표 기준 영업실적 전망을 매출액 1조8369억원, 영업이익 468억원에서 매출액 1조7700억원, 영업이익 15억원으로 정정.△코스맥스(192820)=천연 식물 추출물을 유효성분으로 하는 미세먼지 흡착방지 및 염증반응 억제 겸용 화장료 조성물 특허를 취득했다고 공시.△한라(014790)=유동성 확보를 목적으로 전자단기사채를 발행해 단기차입금 500억원을 늘렸다고 공시△신세계(004170)=보세판매 및 무역사업을 하는 ㈜신세계면세점글로벌을 계열회사로 편입한다고 공시△현대약품(004310)=결산배당으로 보통주 1주당 50원을 현금배당한다고 공시. 시가배당율은 1.33%로 배당금 총액은 약 11억7900만원.△웅진에너지(103130)=태양전지 생산업체인 현대중공업그린에너지에 12월31일까지 태양전지용 단결정 실리콘 웨이퍼 3600만장을 공급하는 계약을 체결했다고 공시. 현재 판매가격 및 환율을 적용한 공급규모는 약 280억원으로 2016년 매출액 대비 약 16.1%에 해당한다. △현대산업(012630)개발=김대철 대표이사 신규선임에 따라 종전 정몽규·김재식 대표체제에서 정몽규·김대철 대표체제로 전환했다고 공시 △현대산업(012630)개발=부동산114 인수에 참여키로 결정했다고 공시. 투자지분율 한도는 보통주 80.5%이며 투자금액 한도는 약 513억원.△팬엔터테인먼트(068050)=문화방송과 MBC 수목드라마 ‘병원선’ 제작 공급 계약을 체결했다고 공시. 계약금액은 56억원으로 2016년 연결 매출액의 15% 수준.△에프엔씨엔터(173940)테인먼트=현재 한성호 대표이사 체제에서 안석준, 한승훈 공동대표 체제로 변경될 예정이라고 공시. 안석준, 한승훈 취임 예정자는 각각 에프엔씨에드컬쳐의 대표이사와 부대표를 맡고 있음.△바이온(032980)=관계회사인 미래셀바이오의 주식 18만주를 9억원에 취득키로 결정했다고 공시. 취득 후 지분율은 15.97%(104만8700주).△씨씨에스(066790)=현 경영진의 횡령 혐의에 따른 피고발설 관련 한국거래소의 조회고시 요구에 대해 피고발 사실은 확인했지만 혐의 사실 여부는 확인된 사항이 없다고 공시△우정비에스씨(215380)=안전보호복 자동탈의 기능을 갖춘 멸균시스템에 대한 특허를 취득했다고 공시.△유니셈(036200)=삼성전자와 약 84억2900만원 규모 반도체 장비 공급 계약을 체결했다고 공시. △넥스지(081970)=금융서비스·핀테크 솔루션 사업을 영위하는 자회사 넥스코인 신규 설립에 20억원 출자를 결정했다고 공시△레고켐바이오(141080)=자가-희생 기를 포함하는 화합물에 대한 미국 특허를 취득했다고 공시. 이번 특허를 활용해 여러 적응증을 대상으로 차세대 항체-약물 복합체(ADC) 치료제를 개발할 예정.△매직마이크로(127160)=경기도 안산시 신원로133번길 15(성곡동) 토지에 대한 자산재평가를 결정했다고 공시. 현재 장부가액은 약 60억7400만원. △에임하이(043580)=오스트레일리아에 위치한 엔터테인먼트 캐시 파운데이션 인코퍼레이티드(ENTERTAINMENT CASH FOUNDATION INCORPORATED)와 가상화폐 ENT캐시 상장용역과 글로벌 운영대행 계약을 체결했다고 공시. 계약금액은 100억원으로 2016년 연결 매출액의 225.25% 규모. △폭스브레인(039230)=주권 관련 사채권 취득과 자금 운용 목적으로 바이오써포트의 무기명식 이권부 무보증 사모 교환사채 양수를 결정했다고 공시. 사채 권면 총액은 40억원.△이디(033110)=케이티와 아제르바이잔 직업기술대학 정보통신기술(ICT) 구축사업 계약을 체결했다고 공시. 계약금액은 약 68억4000만원으로 2016년 연결 매출액의 19.60% 수준. △라이트론(069540)=신규 사업 진출을 통한 사업 다각화를 위해 자동차·전자부품 제조판매업을 영위하는 이젠텍의 지분 17.86%를 약 80억원에 양수키로 결정했다고 공시. △에스아이티글로벌(050320)=운영자금 조달을 위해 개인 4명 대상으로 약 5억원 규모의 제3자배정 유상증자를 결정했다고 공시. 발행 신주는 기명식 종류주식(전환우선주식) 47만6190주. △이에스에이(052190)=운용자금 조달을 위해 약 52억원 규모의 제3자배정 유상증자를 결정했다고 공시. 발행 대상자는 제이콘투자조합.△폭스브레인(039230)=제3자배정 유상증자 납입에 따라 최대주주가 기존 준파투자조합에서 바이오써포트로 변경됐다고 공시. 변경 후 최대주주 지분율은 8.58%.△엔알케이(054340)=운영자금 조달을 위해 약 10억원 규모의 제3자배정 유상증자를 결정했다고 공시. 발행신주는 보통주 44만8430주로 발행가액 2230원. 배정 대상자는 경진기술투자.△차바이오텍(085660)=최근 주가 급등 관련 한국거래소의 조회공시 요구에 대해 별도로 공시할 중요한 정보가 없다고 공시.△대아티아이(045390)=칸서스자산운용 경영권 참여를 위한 PEF(웨일제일호 기업재무안정 사모투자 합자회사), SPC(칸서스홀딩스 주식회사) 각각 120억원, 100억원 출자를 결정하고 대주주 변경 승인 절차를 진행했지만 금융위원회의 대주주 변경 승인 보류와 칸서스자산운용의 신주 인수 계약 해제 통보로 해당 주식·출자증권 취득을 더 이상 진행할 수 없게 됐다고 공시. △녹원씨아이(065560)=단일판매·공급계약 체결 정정 공시 내용의 거짓 또는 잘못 기재(공시불이행)와 단일판매·공급계약 해지(공시번복)을 이유로 불성실공시법인으로 지정됐다고 공시. △MP그룹(065150)=타법인 주식 및 출자증권 양도결정 취소(공시번복)를 이유로 불성실공시법인으로 지정됐다고 공시.△고려반도체(089890)=소송등의 제기·신청 지연공시(공시 불이행)를 이유로 불성실공시법인으로 지정됐다고 공시.△시너지이노베이션(048870)=주권 관련 사채권의 취득결정 정정공시의 지연공시(공시 불이행)를 이유로 불성실공시법인으로 지정됐다고 공시.△신라젠(215600)=최대주주인 문은상 대표이사와 특별관계자 9인은 지난달 21일부터 이달 3일까지 장내매도를 통해 보유 지분율이 20.52%에서 16.53%로 3.99%포인트(271만3997주) 감소했다고 공시.△샘표식품(248170)=박진선 사장의 부인 고계원씨가 장녀 박용주씨 등 6명에게 3만주씩 모두 18만주를 증여했다고 공시.김관용 (kky1441@edaily.co.kr)▶네이버 채널에서 ‘이데일리’를 구독해주세요▶[페이스북] 보러가기~ ▶[카카오톡] 플친 맺기~♥＜ⓒ종합 경제정보 미디어 이데일리 - 무단전재 & 재배포 금지＞이데일리 관련뉴스해당 언론사에서 선정하며 언론사 페이지(아웃링크)로 이동해 볼 수 있습니다.가상화폐 '대장' 자리 넘보는 리플…주역은 또 한국인?'신의 직장' 한국은행 신입 입행식 참관해보니박지원, '바른정당 빚더미' 사과하면서도 김관영은 유승민 아들예측이 안 된다…韓 경제 덮치는 '환율·유가 쇼크'박근혜, 국정원서 36.5억 상납받아 기치료 받고, 옷 샀다좋아요0훈훈해요0슬퍼요0화나요0후속기사 원해요0기사제공 :""]"
4,삼성전자, 2018-01-0506:05,연합뉴스 ,[코스피·코스닥 전 거래일(4일) 주요 공시],https://finance.naver.com/news/news_read.nhn?article_id=0009792320&office_id=001&mode=search&query=삼성전자&page=12,"['       [코스피·코스닥 전 거래일(4일) 주요 공시]      기사입력2018-01-05 06:05기사원문좋아요훈훈해요좋아요 평가하기공감좋아요0훈훈해요0슬퍼요0화나요0후속기사 원해요0댓글 ▲ 레이젠 ""법원, 파산신청 기각""    ▲ 녹원씨아이등 4개사, 불성실공시법인 지정    ▲ 케이에스피 ""전 대표이사 배임 혐의로 불구속 기소""    ▲ 엔알케이, 10억원 규모 3자배정 유상증자 결정    ▲ 웅진에너지 280억원 규모 태양전지용 웨이퍼 공급계약    ▲ 대아티아이 ""칸서스자산운용 주식 취득 절차 중단""    ▲ 차바이오텍 ""주가급등 관련 중요 공시정보 없어""    ▲ 폭스브레인 최대주주 바이오써포트로 변경    ▲ 이에스에이, 52억원 규모 3자배정 유상증자 결정    ▲ 아이콘트롤스, 부동산114 지분 19.5% 취득    ▲  라이트론, 자동차 부품 제조사 이젠텍 지분 19% 양수    ▲ LIG넥스원 ""작년 영업익 전망치 468억원→15억원""    ▲ 이디, KT와 68억원 아제르바이잔 ICT 구축사업 계약    ▲ 한라, 회계처리기준 위반 혐의로 검찰에 기소    ▲ 현대로보틱스 ""현대오일뱅크 2조4천억원 수출계약""    ▲ 현대약품, 주당 50원 현금배당    ▲ 원익, 새 대표이사에 최화영 씨 선임    ▲ 신세계, 신세계면세점글로벌 계열사로 추가    ▲ 레고켐바이오 ""항체·약물 결합 기술로 미국 특허""    ▲ 에임하이 ""100억원 규모 가상화폐 운영대행 계약""    ▲ 넥스지, 가상화폐 거래소 설립…20억원 출자    ▲ 유니셈, 삼성전자와 84억원 규모 반도체장비 공급계약    ▲ 씨씨에스 ""현 대표이사 횡령혐의 피고발 사실 확인""    ▲ 바이온, 줄기세포 치료제 개발 관계사 지분 추가 취득    ▲ LIG넥스원 ""장거리레이더 개발사업 중단 공문 수령""    ▲ 젬백스테크놀러지, 유엠에너지 지분 240억원에 양수    (서울=연합뉴스)▶기사제보 및 문의▶기자와 1:1 채팅\xa0\xa0▶최신 트렌드연합뉴스 관련뉴스해당 언론사에서 선정하며 언론사 페이지(아웃링크)로 이동해 볼 수 있습니다.\xa0정두언 ""MB, 자신이 다스 만들었다고 말해""\xa030대 여성, 아파트서 2살·4살 자녀 던지더니…\xa0""\'제주 호텔 먹튀\' 논란 JYJ 김준수, 38억원 물어내""\xa0""여성질환 상담해 줄께"" 신체사진 보냈다가 \'황당\'\xa0삼겹살집에 나타난 멧돼지…아연실색, 혼비백산, 아수라장좋아요0훈훈해요0슬퍼요0화나요0후속기사 원해요0기사제공 :']"
5,삼성전자, 2018-01-0506:01,연합뉴스 ,"삼성·LG, 10년만에 '로컬디밍' TV기술 전쟁 재현 조짐",https://finance.naver.com/news/news_read.nhn?article_id=0009792318&office_id=001&mode=search&query=삼성전자&page=12,"['       삼성·LG, 10년만에 \'로컬디밍\' TV기술 전쟁 재현 조짐      기사입력2018-01-05 06:01기사원문좋아요훈훈해요좋아요 평가하기공감좋아요0훈훈해요0슬퍼요0화나요0후속기사 원해요0댓글 \'CES 2018\'서 삼성 QLED·LG 나노셀 격돌 \'주목\'(서울=연합뉴스) 이승관 기자 = 글로벌 가전 메이커인 삼성전자와 LG전자가 TV 화질 기술인 \'로컬 디밍(Local Dimming)\'을 놓고 10년만에 다시 정면대결 조짐을 보이고 있다.    \'화면 분할 구동\'을 의미하는 로컬 디밍은 TV 영상을 구현하는 백라이트를 여러 영역으로 구분해 어두운 부분은 끄거나 줄이고, 밝은 부분은 높이는 방식으로 자동으로 명암비를 개선하는 기술이다.    5일 업계에 따르면 삼성전자는 지난해 말 미국과 유럽에서 \'다이렉트 풀 어레이 엘리트(Direct Full Array Elite)\'라는 이름으로 상표권을 등록한 데 이어 국내에서도 \'삼성 퀀텀 다이렉트 디밍(SAMSUNG Quantum Direct Dimming)\', \'삼성 퀀텀 디밍\' 등으로 상표권을 출원했다.    전문가들은 이에 대해 삼성전자가 올해 QLED 시리즈에 이른바 \'직하형\' 로컬 디밍 기술을 채택하려는 움직임을 본격화하려는 신호로 해석했다.    삼성전자는 최근 몇년간 프리미엄 제품에 화면 좌우측 혹은 상하단에 발광다이오드(LED)를 배치하는 \'에지형\' 로컬 디밍 기술을 적용했으나 앞으로는 LED 광원을 화면 전체에 고루 배치하는 \'직하형\'으로 바꾸려는 시도라는 것이다.    LG전자도 최근 마케팅을 강화하고 있는 프리미엄 LCD TV인 \'나노셀 TV\'의 최상위 모델에 에지형 로컬 디밍을 채택한 데 이어 올해는 직하형을 적용한다는 방침인 것으로 알려졌다.    실제로 LG전자는 이달초 나노셀 기술에 \'풀 어레이 로컬 디밍\' 기술을 추가한 슈퍼 울트라 HD TV를 출시할 계획이라고 밝혔다.    삼성전자와 LG전자는 지난 2007년을 전후로 로컬 디밍 기술을 놓고 치열한 자존심 경쟁을 벌인 바 있는데, 10년만에 올해 또 한번의 양보할 수 없는 대결을 예고한 셈이다.    10년전에는 슬림한 디자인과 낮은 생산원가 등의 장점을 살린 에지형이 화질 경쟁력을 주장한 직하형을 눌렀으나 이번에는 승부를 장담할 수 없다는 게 업계의 관측이다.    특히 두 회사는 이달초 미국 라스베이거스에서 열리는 \'CES 2018\'에서 직하형 로컬 디밍을 적용한 프리미엄 TV 신제품을 나란히 공개할 가능성이 있는 것으로 알려지면서 글로벌 가전업계가 주목하고 있다.    지난해 9월 유럽 최대 가전전시회인 독일 \'IFA 2017\'에서 HDR(하이다이내믹레인지) 화질 기술 경쟁을 펼친 데 이어 4개월만에 새로운 전선이 구축되는 셈이다.    업계 관계자는 ""최근 올레드(OLED·유기발광다이오드) TV가 프리미엄 TV시장에서 입지를 서서히 넓히는 가운데 LCD TV 진영에서도 이에 대항하기 위한 화질 기술 경쟁이 가속화하는 분위기""라면서 ""올초에는 \'로컬 디밍\' 경쟁이 다시 불 붙을 가능성이 있다""고 말했다.     humane@yna.co.kr▶기사제보 및 문의▶기자와 1:1 채팅\xa0\xa0▶최신 트렌드연합뉴스 관련뉴스해당 언론사에서 선정하며 언론사 페이지(아웃링크)로 이동해 볼 수 있습니다.\xa0압구정 아파트 경비원 94명 전원 해고…최저임금 인상탓?\xa0""여자 9세면 결혼 가능"" 터키정부 율법해석 \'논란\'\xa0비보호 좌회전 몰라도 합격?…운전면허시험 문제없나\xa0""\'제주 호텔 먹튀\' 논란 JYJ 김준수, 38억원 물어내""\xa0동료 엽사가 쏜 총탄에 맞아 사망…""멧돼지로 착각""좋아요0훈훈해요0슬퍼요0화나요0후속기사 원해요0기사제공 :']"
6,삼성전자, 2018-01-0505:30,머니투데이 ,조선소 떠나 石化·반도체에 새 둥지 찾는 근로자들,https://finance.naver.com/news/news_read.nhn?article_id=0003988653&office_id=008&mode=search&query=삼성전자&page=12,"['       조선소 떠나 石化·반도체에 새 둥지 찾는 근로자들      기사입력2018-01-05 05:30기사원문좋아요훈훈해요좋아요 평가하기공감좋아요0훈훈해요0슬퍼요0화나요0후속기사 원해요0댓글 [머니투데이 강기준 기자] [올해 일감 바닥나는 조선소 떠나 호황기 맞은 석유화학·반도체 공장에 구직줄]지난 2일 오전 울산석유화학공단 전경. /사진=뉴스1.""새해에는 재취업이 소망입니다."" 거제의 한 조선소 현장에서 일하던 A씨(38)는 구조조정으로 회사를 떠나고 지난해말 울산으로 이사했다. 10년 넘게 몸담았던 회사 유니폼을 벗은 그의 새해 소망은 멀지 않은 곳에 일자리를 얻는 것. 구직이 우선이지만, 가족들과 멀리 떨어지는 것도 부담스럽기 때문이다. 4일 산업계에 따르면 올해 최악의 일감 공백이 예상되는 조선소를 떠나 사상 최대 호황을 맞은 석유화학이나 반도체 업계에 취업 문을 두드리는 이가 늘고 있다. 특히 거제나 울산 등 조선업 기반 도시에서 근무하던 이들이 가까운 울산 석유화학공장 단지를 찾아 구직 줄을 서는 풍경이 벌어지고 있다. 울산의 구직자들에게 제일 인기가 많은 곳은 에쓰오일이다. 회사가 5조원에 가까운 금액을 투자해 고도화 설비를 짓는 초대형 프로젝트인 만큼 상대적으로 일자리가 많아서다. A씨는 ""가족들과 멀리 떨어질 수 없고, 설비 유지보수가 주로 발생하는 석유화학공장에서 이만한 거대 프로젝트는 찾기 힘들다""고 이유를 댔다. 프로젝트에 참여하려면 우선 플랜트노조에 가입해야 한다. 이후 자신의 차례가 올 때까지 임시거처에 머물며 무한정 기다리는 일이 반복된다. 조선소에서 인력 수급을 담당하던 협력업체가 통째로 이전해 일감을 찾기도 한다. 이 같은 최근 변화는 울산내 인구수 통계로도 비교가 가능하다. 통계청에 따르면 지난해 11월 기준 현대중공업 울산조선소가 위치한 울산 동구 인구수는 17만4635명에서 지난해 11월 17만65명으로 1년새 4570명이 감소한 것으로 나타났다. 반대로 같은 기간 에쓰오일의 고도화시설이 지어지고 있는 울산 울주군 인구수는 21만9308명에서 22만588명으로 1280명 늘어나는 모습을 보였다. 현대중공업은 실제 지난해 3분기까지 9개월동안 정규직만 1556명이 회사를 떠났다. 거제에 위치한 삼성중공업, 대우조선해양까지 합치면 그 수는 3000여명으로 늘어난다. 2016년부터 조선 3사를 떠난 인력은 1만여명에 달한다.특히 올해는 2016년 수주부진 여파를 직격으로 맞는 해라 남은 직원들의 불안감도 커지고 있다. 강환구 현대중공업 사장도 이러한 실정을 고백했다. 그는 지난 3일 신년사에서 ""올해는 지금까지 우리가 한 번도 겪어본 적 없는 엄중한 상황에 직면하게 될 것""이라며 ""특히 해양사업은 몇 달 후면 일감이 완전히 바닥을 드러낸다""고 밝혔다.실제 직원들 사이에선 상반기 내로 현대중공업 해양 일감이 바닥나면 최소한의 정규직 인력만 남기고 협력업체 직원은 모두 철수시킨다는 얘기가 돌고 있다. 울산 일부 지역은 인구수 유입이 늘고 있지만 조선업 부진과 맞물려 전반적인 수는 감소세다. 한때 120만명에 달했던 울산 인구수는 2016년엔 117만명 수준으로, 지난해에는 11월 기준 116만명 규모로 줄었다. 아예 울산을 벗어나 대규모 반도체 공장 증설 계획이 잡힌 평택, 청주 등으로 발길을 옮기는 이도 늘고 있다. 한 구직자는 ""삼성전자, SK하이닉스 등 반도체업체들이 대거 공장 증설을 계획하고 있어 앞으로 10년간은 일자리 걱정은 없겠다는 생각이 들어 반도체 쪽으로 일자리를 찾고 있다""고 했다. 반대로 거제와 울산 조선소는 한때 돈과 사람이 넘쳐나던 곳에서 썰렁함만 남은 곳으로 변했다. 점심시간 때 한시간 가량 걸리는 대기줄을 피하기 위해 뛰던 모습은 이제 볼 수 없게 됐다. 거제 조선소에서 일하는 근로자는 ""한때는 거리에 지나가는 개도 만원 짜리를 입에 물고 다닌다는 곳이 거제였지만, 이제는 일주일에 2~3일 쉬는 것은 기본이고, 무급휴가, 특근 통제 등으로 돈도 줄고, 사람도 없는 곳이 됐다""고 했다.▶돌아본 2017 \'10대 키워드\'▶무료 만화 보고 선물도 받고~ ▶치어리더 vs 레이싱걸 강기준 기자 standard@ 머니투데이 관련뉴스해당 언론사에서 선정하며 언론사 페이지(아웃링크)로 이동해 볼 수 있습니다.\'꼬북칩 2300만봉\' 대박..오리온, 개발주역들에 포상\'세계 4위\' 렉시 톰슨, 매혹 \'블랙 비키니\'..모델급 몸매[현장+]""盧의 부엉이 바위"" 언급, 신년사부터 꼬인 환경부2018년 공무원 봉급표… \'1급 공무원\' 월급은?현대차 노조, 새해 벽두부터 파업좋아요0훈훈해요0슬퍼요0화나요0후속기사 원해요0기사제공 :']"
7,삼성전자, 2018-01-0505:13,이데일리 ,"마지막 총력전 ""세탁기 세이프가드, 美경제 외려 위협""(종합)",https://finance.naver.com/news/news_read.nhn?article_id=0004005607&office_id=018&mode=search&query=삼성전자&page=12,"['       마지막 총력전 ""세탁기 세이프가드, 美경제 외려 위협""(종합)      기사입력2018-01-05 05:13기사원문좋아요훈훈해요좋아요 평가하기공감좋아요0훈훈해요0슬퍼요0화나요0후속기사 원해요0댓글- 트럼프 결정 앞두고 3일 마지막 공청회- 삼성 “美공장 운영에 악영향…일자리 문제”- LG ""美 일자리 창출 의지…세이프가드 불필요""[이데일리 경계영 기자] 삼성전자와 LG전자가 도널드 트럼프 미국 대통령의 세탁기 세이프가드(긴급수입제한) 결정을 앞두고 열린 마지막 공청회에서 미국 현지에 짓는 공장을 근거로 관세 부과가 부당하다고 주장했다. 관세가 부과된다면 현지에 짓는 공장이 제대로 가동되기 어렵고 결국 미국 내 일자리까지 위협할 수 있다는 얘기다. 이미 미국 국제무역위원회(ITC)가 지난해 11월 120만대 이상의 세탁기와 5만개 이상의 부품에 각각 관세를 매기는 저율관세할당량(TRQ) 방식의 권고안을 내놓은 만큼 현지에서의 공장 건설, 고용 등 노력을 최대한 호소하겠다는 의지로 풀이된다. [이데일리 문승용 기자]◇또 다시 참석한 美 주지사…삼성·LG, 지자체와 공조존 헤링턴(John Herrington) 삼성전자 미국법인 부사장은 3일(현지시간) 미국 워싱턴에서 열린 미국 무역대표부(USTR)의 대형 세탁기 세이프가드 조사 공청회에 출석해 “미국 사우스캐롤라이나주 뉴베리에 짓는 공장에서 직원 1000명을 고용하고, 세탁기를 연간 100만대 이상 생산할 것”이라고 밝혔다. 이번 공청회는 무역 관련 부처가 속한 미국 무역정책위원회(TPC)가 트럼프 대통령에게 권고안을 제출하기 전, 이해관계자 의견을 듣기 위해 USTR이 마련한 자리다. 조치 대상인 삼성전자와 LG전자으로선 공식적으로 항변할 수 있는 마지막 기회다. 트럼프 대통령은 2월2일 전까지 ITC와 USTR의 권고안을 참고해 세이프가드 발동 여부와 수위를 결정한다. 헤링턴 부사장은 “(관세로 수입이 어려워져) 소비자에게 세탁기를 제대로 공급할 수 없다면 판매량이 줄어 결국 뉴베리공장의 성공에도 영향을 주게 될 것”이라며 “어떤 형태의 관세든 그 영향은 미국 생산과 고용, 소비자에게 ‘루즈-루즈(lose-lose)’ 시나리오가 될 것”이라고 봤다. LG전자도 세이프가드가 필요 없다는 입장을 재차 피력했다. LG전자는 공청회에서 테네시주 클락스빌에 짓는 공장을 언급하며 “LG의 미국 내 일자리 창출 의지를 감안해달라”고 강조했다. 이날 공청회엔 ITC 공청회와 마찬지로 핸리 맥마스터(Henry McMaster) 사우스캐롤라이나 주지사, 랄프 노만(Ralph Norman) 사우스캐롤라이나주 연방 하원의원, 킴 맥밀란(Kim McMillan) 테네시 클락스빌 시장 등 삼성·LG전자가 공장을 짓는 지역의 관계자가 참석했다. 세이프가드 반대 입장을 표명하기 위해서다. 삼성전자의 세탁기 공장이 들어설 미국 사우스캐롤라이나주 뉴베리카운티의 모습. 사진=삼성전자◇공장 가동 앞당기는 삼성·LG세이프가드의 부당함을 주장하는 동시에 삼성·LG전자는 현지 공장 일정을 앞당기는 방안도 내놨다. LG전자는 2019년 1분기로 예정된 공장 가동 시기를 연내로 앞당기려 노력하고 있다. 공청회에 배석한 토니 프레일리 삼성전자 사우스캐롤라이나 가전공장 매니저는 “뉴베리공장이 오는 12일 준공(ribbon cutting)할 예정”이라며 이달 현지공장의 가동을 공식화했다. 당초 가동 시기는 1분기 중이었다. 그는 “이미 직원 504명을 고용했다”며 “뉴베리공장 인근에 추가 부품공장이 들어서는 등 지역경제를 확장시킬 것이고 이미 지역사회에 의미 있는 영향을 주고 있다”고 덧붙였다. “생산설비가 가동되기 전 (관세 부과와 같은) 핸디캡을 준다면 사우스캐롤라이나 일자리가 위기에 처할 수 있다”고도 부연했다. LG전자는 삼성에 이어 LG의 미국 공장도 준공되면 내년까지 북미 시장으로의 LG·삼성의 세탁기 수입은 30%에서 4%까지 축소된다고도 설명했다. LG전자는 “ITC 권고안보다 더욱 강력한 조치를 주장하는 월풀(Whirlpool)은 경쟁법을 불공정하게 활용하려는 것”이라면서 “테네시주는 물론, 미국 일자리를 위태롭게 하고 미국 경제에 타격을 주는 월풀 제안 자체를 거부해야 한다”고 강조했다. 이날 산업통상자원부와 외교부 등 정부 관계자도 미국의 결정이 전 세계적으로 수입규제 조치 남용을 초래해 미국의 수출에도 악영향을 줄 수 있다면서 반대 입장을 표명했다. 김희상 외교부 양자경제외교국 심의관은 “이번 공청회로 공식적 의견수렴 절차가 모두 종료됐다”며 “트럼프 대통령의 최종 결정까지 업계와 협력해 우리 기업의 대(對)미 수출에 미치는 영향을 최소화할 수 있도록 각종 협의채널을 최대한 가동하겠다”고 말했다. 지난 8월 윌버 로스 미국 상무장관이 미국 테네시주 클락스빌에서 열린 LG전자 세탁기 생산공장 착공식에서 축사를 하고 있다. 사진=LG전자경계영 (kyung@edaily.co.kr)＜ⓒ종합 경제정보 미디어 이데일리 - 무단전재 & 재배포 금지＞이데일리 관련뉴스해당 언론사에서 선정하며 언론사 페이지(아웃링크)로 이동해 볼 수 있습니다.난 월 9만원 내고 압구정 50평 아파트에 산다文정부, 제식구 챙기려 공무원 호봉제 바꿨다생사기로 놓인 성동·STX조선해양…골든타임 놓칠까 좌불안석강남 집값 잡으려다 전셋값 놓칠라박근혜 임기중 12억 재산증식 비법은?…\'국고의 사유화\'좋아요0훈훈해요0슬퍼요0화나요0후속기사 원해요0기사제공 :']"
8,삼성전자, 2018-01-0504:16,뉴시스 ,"삼성, 인텔 누르고 세계 최대 반도체 메이커 등극",https://finance.naver.com/news/news_read.nhn?article_id=0008377301&office_id=003&mode=search&query=삼성전자&page=12,"['       삼성, 인텔 누르고 세계 최대 반도체 메이커 등극      기사입력2018-01-05 04:16기사원문좋아요훈훈해요좋아요 평가하기공감좋아요0훈훈해요0슬퍼요0화나요0후속기사 원해요0댓글【서울=뉴시스】권성근 기자 = 삼성전자가 인텔을 따돌리고 24년만에 세계 최대 반도체 생산 업체에 등극했다고 AFP통신이 보도했다. AFP통신은 IT 시장조사기업 가트너를 인용, 삼성전자가 인텔이 1992년 이후 구축해온 반도체 시장 점유율 1위 자리를 탈환했다고 전했다. 삼성전자의 지난해 시장 점유율은 14.6%으로 13.8%의 인텔에 앞섰다. 삼성전자의 작년 반도체 매출은 52.6% 성장해 612억 달러(약 65조1474억 원)를 기록한 것으로 나타났다. 반면 인텔의 작년 매출은 6.7% 성장하는 데 그쳤으며 매출은 577억 달러로 집계됐다. 가트너는 지난해 글로벌 반도체 시장은 스마트폰 메모리칩 수요 증가로 2016년에 비해 22% 성장하며 4197억 달러로 매출 규모가 커졌다고 설명했다. 가트너는 또 싱가포르의 브로드컴이 미국의 퀼컴을 인수하는 데 성공한다면 세계 반도체 업체 순위는 바뀔 수도 있다고 전했다.  가트너는 ""지난해 글로벌 반도체 시장에서 주목할만한 인수·합병은 이뤄지지 않았다""라며 ""브로드컴이 퀼컴에 이어 NXP까지 인수하고 상성전자의 메모리칩 수익이 하락하면 내년에 삼성의 시장 점유율이 3위로 내려 앉을 수 있다""고 전망했다. ksk@newsis.com▶ 뉴시스 빅데이터 MSI 주가시세표 바로가기 ▶ 네이버 채널에서 뉴시스를 구독해주세요뉴시스 관련뉴스해당 언론사에서 선정하며 언론사 페이지(아웃링크)로 이동해 볼 수 있습니다.[빅데이터MSI]주식시장 심리 7→7→7→7단계 \'매우 좋음\'빅데이터 \'핫 키워드\'…상승·매수·기업·지수·회장시장심리 톱5…POSCO·부광약품·OCI·현대중공업·대한항공무술년 코스닥 \'장밋빛 전망\' 일색...\'다수설\' 문제는 없나지난해 증시 불공정거래, 전통적 시세조종→ \'기획화·대형화\'좋아요0훈훈해요0슬퍼요0화나요0후속기사 원해요0기사제공 :']"
9,삼성전자, 2018-01-0504:09,매일경제 ,[재테크 기상도] 무술년 재테크 `삼각편대`…재건축·중소형株·ELS,https://finance.naver.com/news/news_read.nhn?article_id=0004078111&office_id=009&mode=search&query=삼성전자&page=12,"['       [재테크 기상도] 무술년 재테크 `삼각편대`…재건축·중소형株·ELS      기사입력2018-01-05 04:09기사원문좋아요훈훈해요좋아요 평가하기공감좋아요0훈훈해요0슬퍼요0화나요0후속기사 원해요0댓글 2018년 투자자들에게 확실한 것 하나는 문제가 지난해보다 어려워졌다는 점이다. 나머지는 모두 불확실성만 커졌다. 지난해 승승장구했던 부동산시장에는 규제의 그늘이 드리워졌고, 금융시장에서는 금리 인상의 두려움이 커지고 있다. 증시도 지난해에 비하면 훨씬 까다로운 문제다. 지난해처럼 코스피에만 투자해도 20%씩 오르던 시장은 가고, 올해는 오를 주식을 잘 골라 투자해야 한다는 조언이 잇따르고 있다. 안개가 가득한 2018 재테크시장에서 매일경제가 부동산·증권·금융시장 전문가들을 만나 올해를 헤쳐나갈 혜안을 들어봤다.부동산시장은 지난해부터 대출규제와 다주택자 양도세 중과 폐지, 금리 인상 등이 몰아치면서 경고등이 켜진 상황이다. 그러나 부동산 경기 급락보다는 하향 안정화 추세를 보이는 가운데 공급 물량은 여전히 많을 것으로 예상된다. 실수요자들에게 오히려 내 집 마련의 기회가 될 수도 있다는 얘기다. 특히 올해는 재건축과 재개발 등 정비사업 일반 물량이 역대 최고치를 기록할 전망이다. 매일경제신문이 부동산정보업체인 닥터아파트와 함께 시공능력평가 상위 100대 건설사를 조사한 결과, 올해 공급되는 일반분양 물량은 28만1567가구로 작년(21만387가구)보다 34% 많다. 특히 올해 예정된 재개발·재건축 등 정비사업 일반분양 물량은 4만9339가구로 전체 일반분양 물량의 17.5%를 차지한다. 신정섭 신한은행 부동산투자자문센터 차장은 ""올해 개포 4·8단지, 삼성동 상아2차 재건축 등 알짜 재건축 단지 분양이 쏟아진다""며 ""주택보증공사가 고분양가 단지에는 분양보증을 해주지 않고 있어 서울 실수요자들은 올해가 내 집을 마련할 절호의 기회가 될 것""이라고 말했다. 이미 주택을 여러 채 갖고 있는 다주택자라면 \'세테크\'에 각별히 신경을 쓸 필요가 있다. 지난해 8·2 부동산 대책에 따라 조정대상지역에서 주택을 매각하는 다주택자는 올해 4월부터 양도세율이 10~20%포인트 높아진다. 이를 피하기 위해서는 4월 전에 집을 팔거나 임대사업자로 등록해야 한다. 매각차익이 1억5000만원 이상이면 38%, 5억원 이상이면 42%를 적용받는다. 3주택자가 양도차익 5억원 이상이라면 최대 68.2%의 세율을 적용받게 된다. 문진혁 진성세무컨설팅 대표세무사는 ""임대사업자로 등록한 후 최소 8년간 세를 놓고 버틸 여력이 없는 다주택자라면 4월 전 처분해야 한다""고 조언했다.  올해 증시는 상반기에 고점을 찍고 하반기에 조정을 받는 상고하저 흐름을 보일 것이라는 게 증시 전문가들의 예상이다. 특히 지난해에는 삼성전자 등 대형 정보기술(IT)주가 오르면서 코스피가 전반적인 상승세를 보였다면 올해는 숨은 진주 중소형주를 잘 골라 투자해야 고수익을 노릴 수 있을 전망이다. 연초부터 코스닥시장 랠리가 이어지고 있는 것도 같은 맥락이다. 코스닥지수는 지난해 마지막 거래일이던 12월 28일 798.42로 연중 최고점을 기록한 데 이어 올해 첫 거래일인 지난 2일 단숨에 800선을 돌파하고 승승장구하고 있다. 지난해 11월 24일 장중 800선을 넘으며 기세를 몰아갔던 코스닥은 이후 740선까지 조정을 받다가 최근 상승세를 이어가고 있다. 정부가 지난해 말 연기금의 코스닥 투자 확대 의지를 다시 밝히면서 이른바 정책 효과가 1월 랠리로 이어지고 있기 때문이다.지난해 대세 상승을 내다봤던 증권사들도 올해는 전망이 다양해졌다. 올해 코스피가 2250(신한금융투자)으로 떨어질 것이라고 보는 증권사도 있지만 삼성증권에서는 코스피가 3000을 넘고 3100까지 승승장구할 것이라고 예상하기도 했다. 하지만 대체로 상반기에 고점이 나타날 것이라는 데는 이견이 없다. 금리 인상이 없고 대외 경기 개선이 지속되는 상황에서 상반기에 상대적으로 기업 실적도 나아질 것이라고 보기 때문이다. 그러나 하반기에는 중앙은행의 유동성 축소와 미국 대선 등 불확실성이 가득하다.국내 주요 증권사들이 올해 증시에서 주목하고 있는 종목은 셀트리온헬스케어, CJ E&M, 파라다이스 등 코스닥시장 시가총액 상위 종목이다. 최근 매일경제신문이 국내 증권사 20곳의 리서치센터를 대상으로 올해 코스닥시장에서 유망한 종목을 설문 조사한 결과 셀트리온헬스케어가 5표로 최다 득표를 기록했다. 셀트리온헬스케어는 현재 코스닥시장 대장주인 셀트리온이 코스피로 이전 상장하면 새로운 대장주로 등극한다.지난해 해외 펀드 비과세 혜택이 종료되기는 했지만 해외 시장으로 눈을 돌린다면 일본 주식시장이 유망하다는 전망이 대세다. 일본 기업의 이익 개선이 빠르게 나타나고 있는 반면 주가 상승은 이를 따라가지 못하면서 밸류에이션 매력도가 높아졌기 때문이다. 이병열 삼성증권 자산배분전략담당 상무는 ""최근 발표된 일본 수출 등 거시경제 지표가 양호한 흐름을 보이면서 경기 회복을 이끌고 있다""며 ""특히 기계 및 IT 기업 중심의 이익 개선세가 이어지면서 향후 일본 주식에 대한 가격 매력이 높아질 것""이라고 내다봤다.4대 시중은행 PB들이 꼽은 무술년 재테크의 테마는 \'신흥국 펀드\'와 \'주가연계증권(ELS)\'이다. 올해 세계 경제성장률이 전년보다 더 높은 3.7%로 예상되는 만큼 글로벌 주식시장도 상승세를 이어갈 가능성이 크다는 것이다. 특히 선진국 경제성장에 따른 반사이익과 원자재 가격 상승 효과를 동시에 누릴 수 있는 신흥국 투자 펀드가 높은 수익률을 올릴 것으로 기대했다. 또한 증시가 미리 정해둔 범위를 벗어나지 않으면 약정된 수익을 받을 수 있는 ELS 역시 완만한 증시 상승이 기대되는 현 상황에서 매력적인 투자처라고 강조했다.반면 최근 인기를 끌고 있는 비트코인 등 가상화폐에 대해서는 \'주의\'를 촉구했다. 설문에 참여한 PB들은 공통적으로 ""가상화폐는 변동성이 너무 크고 적정가격이 얼마인지 알 수 있는 방법이 없다""고 지적했다. 가상화폐에 대한 선별적 투자를 권유한 PB들 역시 ""단기 차익을 노리지 말고 소액을 적립식으로 투자하라""고 조언했다.시중은행들은 금리 인상기를 맞아 매력적인 예·적금 상품을 내놓고 있다. 기준금리 인상에 따라 1%대에 머물던 예금금리가 2%대 초·중반으로 뛰어올랐으며 3%대 금리를 자랑하는 적금상품도 출시됐다. 지난해까지는 저축은행 등에서도 찾아볼 수 없던 금리다. 전문가들은 ""안정적인 수익을 원하는 투자자라면 자산 일부를 예·적금에 투자하는 것도 좋은 재테크 방법""이라고 추천했다. 3월부터 금융감독원의 관리를 받게 된 P2P대출도 훌륭한 재테크 대안이 될 수 있다는 전망이다.[한예경 기자 / 박인혜 기자 / 김태성 기자 / 용환진 기자]▶뉴스 이상의 무궁무진한 프리미엄 읽을거리 ▶아나운서가 직접 읽어주는 오늘의 주요 뉴스[ⓒ 매일경제 & mk.co.kr, 무단전재 및 재배포 금지]매일경제 관련뉴스해당 언론사에서 선정하며 언론사 페이지(아웃링크)로 이동해 볼 수 있습니다.실제 결혼 앞둔 \'국민불륜녀\' 민지영의 반전 미모[단독] 복병만난 현대차 GBC…軍, 뒤늦게 비행안전 제기서지혜 섹시 수영복…블랙 시스루 완벽몸매디자인부터 성능까지, 확 젊어진 렉서스 LS서지혜, 과감한 비키니 자태…몸매가 다 했네좋아요0훈훈해요0슬퍼요0화나요0후속기사 원해요0기사제공 :']"
10,삼성전자, 2018-01-0504:07,매일경제 ,올해도 상장사 실적장세…영업이익 16% 증가 전망,https://finance.naver.com/news/news_read.nhn?article_id=0004078106&office_id=009&mode=search&query=삼성전자&page=12,"['       올해도 상장사 실적장세…영업이익 16% 증가 전망      기사입력2018-01-05 04:07기사원문좋아요훈훈해요좋아요 평가하기공감좋아요0훈훈해요0슬퍼요0화나요0후속기사 원해요0댓글IT·통신·게임 업종 맑음…디스플레이·조선은 흐림삼성전자는 66조 넘을 듯◆ 신년기획 / 재테크 기상도 ◆  올해 국내 상장사 영업이익이 220조원을 넘어서며 지난해에 이어 사상 최고 실적을 다시 한 번 경신할 전망이다.반도체, 화학, 철강 등 수출업종을 중심으로 영업이익이 급증했던 지난해보다도 16% 가까이 더 늘어날 것이란 예상이다. 특히 올해는 디스플레이와 조선업종을 제외한 거의 전 업종에서 실적 증대를 이뤄낼 것으로 보인다. 특히 전기·전자를 중심으로 통신장비, 게임, 바이오, 제약 등에서 큰 폭의 실적 향상이 기대된다.3일 매일경제신문이 투자 정보 업체 에프앤가이드에 의뢰해 집계한 결과, 올해 유가증권시장과 코스닥시장에 상장된 주요 기업 301곳의 영업이익 추정치는 총 222조7867억원에 달했다. 이는 지난해 영업이익 추정치(192조608억원)보다 15.9% 늘어난 수치다. 특히 반도체 호황에 힘입어 매분기 영업이익 신기록을 써내려 간 삼성전자의 올해 영업이익은 66조원을 넘어설 것으로 추정된다. 지난해 사상 최초로 영업이익 50조원을 돌파했을 가능성이 높은 가운데 올해도 60조원을 넘어서며 신기록 행진을 이어갈 전망이다. SK하이닉스 또한 올해 영업이익이 지난해보다 2조8218억원 늘어난 16조3688억원을 기록하며 사상 최고 실적을 갈아치울 것으로 보인다.이창환 IBK투자증권 연구원은 ""2018년에도 반도체와 IT 가전, IT 하드웨어 등 IT를 중심으로 랠리가 이어질 것으로 보인다""며 ""코스피 내에서 차지하고 있는 주도주의 영업이익 비중이 시가총액 비중을 상회하고 있다는 점에서 추가 상승 여력은 충분하다""고 설명했다.삼성전자와 SK하이닉스의 올해 영업이익 합계는 82조5261억원에 달할 전망이다. 올해 한국증시에 상장된 기업 301곳의 영업이익 추정치가 222조7867억원이라는 점을 감안하면 두 기업 비중은 무려 42.7%에 달한다. 지난해(41.6%)에서 올해도 이들 종목 비중이 40%를 넘어서며 \'쏠림\' 현상에 대한 우려는 사그라들지 않을 전망이다.업종별로 살펴보면 IT(71.4%), 통신장비(70.1%), 게임·소프트웨어(56.9%) 등이 지난해 대비 50% 이상의 이익 증가를 이뤄낼 것으로 보인다. 셀트리온을 중심으로 한 바이오와 제약 업종 또한 영업이익이 각각 45.7%, 15.6% 증가할 것으로 기대된다. 지난해 어닝쇼크를 겪은 자동차업종은 지난해 대비 30% 이상의 영업이익 증대를 예고하며 반등 기대감을 키웠다. 특히 현대차는 중국을 비롯한 신흥국 시장에서 판매 실적 회복을 계기로 올해 5조6991억원 규모의 영업이익을 낼 것으로 예측됐다.반면 디스플레이와 조선업종은 지난해와 비교해 큰 폭의 영업이익 감소가 우려된다. 디스플레이 업종은 최근 글로벌 디스플레이 수요가 액정표시장치(LCD)에서 유기발광다이오드(OLED)로 옮겨간 데다 중국발 공급 확대로 LCD 패널 가격이 급락한 여파가 클 전망이다. LG디스플레이의 올해 영업이익 추정치는 1조4268억원으로 1년 새 무려 47.9%나 감소할 것으로 예상된다. 또한 삼성중공업에 이어 현대중공업그룹이 4분기 영업손실과 대규모 유상증자 계획을 발표하면서 조선업종 또한 실적에 먹구름이 낄 것으로 보인다.황어연 신한금융투자 연구원은 ""현대중공업은 유상증자에 따른 주가희석률이 18.1%에 달해 투자 매력이 크지 않다""고 말했다.[박윤구 기자]▶뉴스 이상의 무궁무진한 프리미엄 읽을거리 ▶아나운서가 직접 읽어주는 오늘의 주요 뉴스[ⓒ 매일경제 & mk.co.kr, 무단전재 및 재배포 금지]매일경제 관련뉴스해당 언론사에서 선정하며 언론사 페이지(아웃링크)로 이동해 볼 수 있습니다.실제 결혼 앞둔 \'국민불륜녀\' 민지영의 반전 미모[단독] 복병만난 현대차 GBC…軍, 뒤늦게 비행안전 제기서지혜 섹시 수영복…블랙 시스루 완벽몸매디자인부터 성능까지, 확 젊어진 렉서스 LS서지혜, 과감한 비키니 자태…몸매가 다 했네좋아요0훈훈해요0슬퍼요0화나요0후속기사 원해요0기사제공 :']"
11,삼성전자, 2018-01-0504:07,매일경제 ,황소 등에 올라탄 코스닥…코스피는 3000돌파 시도,https://finance.naver.com/news/news_read.nhn?article_id=0004078103&office_id=009&mode=search&query=삼성전자&page=12,"['       황소 등에 올라탄 코스닥…코스피는 3000돌파 시도      기사입력2018-01-05 04:07기사원문좋아요훈훈해요좋아요 평가하기공감좋아요0훈훈해요0슬퍼요0화나요0후속기사 원해요0댓글국내 증권사 2018 증시 전망◆ 신년기획 / 재테크 기상도 ◆  새해 벽두부터 코스닥 시장의 상승세가 예사롭지 않다. 코스닥은 지난해 연간 26.4% 올라 코스피 상승률을 넘어선 데 이어 연초 800선을 돌파하며 쾌조의 스타트를 했다. 이런 가운데 국내 주요 증권사들은 올해 증시에서 셀트리온헬스케어, CJ E&M, 파라다이스 등 코스닥시장 시가총액 상위 종목을 유망 투자처로 뽑았다. 최근 매일경제신문이 국내 증권사 20곳의 리서치센터를 대상으로 올해 코스닥 시장에서 유망한 종목을 설문 조사한 결과 셀트리온헬스케어가 5표로 최다 득표를 기록했다. 셀트리온헬스케어는 현재 코스닥 시장 대장주인 셀트리온이 코스피로 이전 상장할 경우 새로운 대장주로 등극한다.김재중 대신증권 리서치센터장은 ""코스닥 활성화 정책이 코스닥 시장의 상승을 주도하는 가운데 제약을 필두로 정책 수혜주의 강세가 예상된다""고 밝혔다. 이재만 하나금융투자 주식전략 팀장도 ""셀트리온 이전 후 셀트리온헬스케어는 코스닥 내에서 최대 비중을 차지해 올해 코스닥 강세의 최대 수혜주로 떠오를 것""이라며 ""헬스케어 업종은 이익 안정성이 가시화되면서 강세장 주도주로서의 지위를 유지할 것을 보인다""고 설명했다. 그는 ""제약·의료기기 업종은 제품의 수출비중 증가로 내수주에서 수출주로 변모하고 있다""고 덧붙였다. 이어 CJ E&M, 파라다이스가 각각 3표로 공동 2위에 올랐다. CJ E&M은 코스닥 내 시총 상위권임에도 불구하고 그동안 바이오 대비 주목을 덜 받은 종목이라는 의견이 있었다. KTB투자증권은 ""현재 연예계 상황을 볼 때 엠넷(Mnet)을 보유한 CJ E&M의 지배력이 크기 때문에 향후 주가 모멘텀으로 작용할 수 있다""고 밝혔다. 파라다이스는 한중 관계 개선에 따른 실적 개선이 기대된다는 의견이 나왔다. 반도체 장비주로 삼성전자 협력업체인 원익IPS도 2표를 받았다. 대신증권과 교보증권은 작년에 이어 올해도 정보기술(IT) 업종의 실적 호조가 기대된다는 점을 선정 이유로 꼽았다. 이 밖에 펄어비스, 컴투스 등 대표 게임주도 1표씩 받으며 유망 종목에 이름을 올렸다. 코스닥에 대해선 연중 최고점이 \'900 이상~1000 미만\'일 것이란 전망이 가장 많았다. 코스닥 시장은 1월 중 정부가 발표할 코스닥 활성화 세부 방안에 대한 기대감이 높은 상황이다. 연기금의 코스닥 투자비중 확대를 위해 코스피와 코스닥을 혼합한 벤치마크 지수가 1월 말 모습을 드러낼 예정이다. 코스닥 시총 상위주가 지수에 포함될 가능성이 크고, 이에 따라 연기금 투자 확대의 수혜도 대부분 시총 상위주로 돌아갈 수 있다는 얘기다. 코스닥 투자자들에게도 세제 혜택이 주어질 가능성이 있다. 이에 따라 개인과 기관의 매수세가 기대되고 있다. 전문가들은 개별 종목 투자를 망설이는 투자자의 경우 상장지수펀드(ETF)나 코스닥 관련 공모펀드를 이용하는 방법도 고려할 만하다고 조언하고 있다. 또 국내 주요 증권사들 가운데 절반 이상은 올해도 국내 증시에서 IT 업종이 주도주가 될 것으로 내다봤다. 설문에 응한 20명 가운데 13명이 반도체·소프트웨어를 포함한 IT 업종(복수응답)의 손을 들어준 것이다. 구용욱 미래에셋대우 리서치센터장은 ""국내 IT 업종은 여전히 저평가된 상태이고 상반기까지 업황도 견고하게 유지될 것으로 예상한다""며 ""지난해엔 IT 관련 새로운 네트워크에 대한 투자가 늘었다면 올해는 점차 콘텐츠에 대한 소비가 확대되는 구간으로 판단된다""고 말했다. 구 센터장은 ""IT 내 유망 분야도 하드웨어(반도체)에서 점차 인터넷·게임·미디어 등 소프트웨어로 확대될 것""이라고 덧붙였다. 다만 윤희도 한국투자증권 리서치센터장은 ""대형 IT기업들의 이익 증가율 둔화가 예상된다. 작년이 IT 대형주가 이끄는 상승장이었다면 올해는 특정 업종을 향한 쏠림이 완화되면서 업종별 전반적으로 고른 상승세를 보일 것""이라며 ""지수 자체의 상승세는 둔화될 가능성이 있다""고 말하기도 했다. 이 밖에 제약·바이오 업종도 6명의 지지를 받았다. 또 경기 회복 전망에 따라 유통·소비재, 산업재도 6표를 얻었다. 한편 유가증권시장에선 올해 가장 유망 종목으로 7표를 받은 삼성전자가 선정됐다. 삼성전자는 올해도 메모리 반도체 수요가 높고, 국내외 경기 회복으로 스마트폰·가전 부문 실적도 개선되면서 실적 호조를 이어갈 것이라는 전망이 우세하다. 이어 4차 산업혁명 수혜 종목으로 꼽히는 네이버가 5표를 받았다. 유가증권시장 이전 상장이 예정돼 있는 셀트리온도 3표를 얻었다. 코스피는 올해 상반기 중 2800선을 넘어설 것이라는 전망이 6곳으로 제일 많았다. 3000 돌파를 확신한 증권사도 3곳에 달했다. [정슬기 기자]▶뉴스 이상의 무궁무진한 프리미엄 읽을거리 ▶아나운서가 직접 읽어주는 오늘의 주요 뉴스[ⓒ 매일경제 & mk.co.kr, 무단전재 및 재배포 금지]매일경제 관련뉴스해당 언론사에서 선정하며 언론사 페이지(아웃링크)로 이동해 볼 수 있습니다.실제 결혼 앞둔 \'국민불륜녀\' 민지영의 반전 미모[단독] 복병만난 현대차 GBC…軍, 뒤늦게 비행안전 제기서지혜 섹시 수영복…블랙 시스루 완벽몸매디자인부터 성능까지, 확 젊어진 렉서스 LS서지혜, 과감한 비키니 자태…몸매가 다 했네좋아요0훈훈해요0슬퍼요0화나요0후속기사 원해요0기사제공 :']"
12,삼성전자, 2018-01-0504:07,매일경제 ,움츠렸던 중소형 액티브펀드 날아오른다,https://finance.naver.com/news/news_read.nhn?article_id=0004078104&office_id=009&mode=search&query=삼성전자&page=12,"['       움츠렸던 중소형 액티브펀드 날아오른다      기사입력2018-01-05 04:07기사원문좋아요훈훈해요좋아요 평가하기공감좋아요0훈훈해요0슬퍼요0화나요0후속기사 원해요0댓글작년 수익률 15.7%로 인덱스 31%의 절반 불과올핸 개별종목 장세 기대…연초부터 자금 몰려들어◆ 신년기획 / 재테크 기상도 ◆  ""쓸 만한 중소형주 펀드 없느냐는 문의가 끊이질 않습니다. 시장 수요에 맞게 올해는 중소형주 펀드를 여럿 만들어 내놓을 계획입니다.""연초부터 빨갛게 달아오른 코스닥 랠리 덕에 중소형주 펀드가 각광받고 있다. 지난해 삼성전자와 SK하이닉스 \'코스피 투톱\'을 필두로 인덱스 펀드가 각광받았다면 개별종목 장세가 펼쳐질 올해는 중소형주 액티브 펀드가 주목받을 거란 의견이 높다. 에프앤가이드에 따르면 지난 2일 기준 1개월간 중소형 액티브 펀드에는 430억원에 달하는 자금이 몰려들었다. 지난 1년간 중소형 액티브 펀드에서 484억원의 자금이 유출된 것에 비하면 온도 차가 확연하다.수익률 그래프도 반등 기미가 뚜렷하다. 2일 기준 중소형 액티브 펀드는 3개월 기준 평균 7.97% 수익률을 기록해 국내 주식형 펀드 평균 수익률(6.05%)을 멀찌감치 따돌렸다. 같은 기간 인덱스 펀드 수익률(6.62%)도 제쳤다. 반면 지난 1년 기준으로 중소형 액티브 펀드 수익률은 15.77%에 그쳐 국내 주식형 펀드 평균 수익률(24.57%) 대비 10%포인트 가까이 처지는 성적표를 냈다. 인덱스 펀드 평균 수익률(31.19%)과 비교하면 성과가 절반에 불과했다.부진했던 성적표를 뒤로하고 지난해 말을 기점으로 중소형주 펀드가 본격적인 반등 준비를 갖춘 것이다. 특히 연초부터 정부가 코스닥 시장에 대해 정책적인 지원을 할 뜻을 밝히고 있어 중소형주 펀드가 수혜를 톡톡히 받을 거란 기대가 크다. 분산투자가 잘 이뤄진 알짜 중소형주 펀드를 찾는 투자자 손길도 바빠지고 있다.최근 성과가 좋은 중소형주 펀드로는 KTB리틀빅스타펀드, 메리츠코리아스몰캡펀드, 마이다스미소중소형주펀드, 교보악사위대한중소형밸류펀드 등 10여 개 펀드가 거론된다. 이들 펀드는 나란히 3개월 기준 10% 이상의 수익률을 기록 중이다. 교보악사위대한중소형밸류펀드는 지난해 10월 기준 삼성전자, SK하이닉스 등 대형주와 함께 코웰패션, F&F, 대한유화 등 중소형주를 비중 있게 싣고 있다. 메리츠코리아스몰캡펀드는 SKC코오롱PI, 고영, 더존비즈온, 로엔, 나스미디어 순으로 투자 비중이 높다. KTB리틀빅스타펀드는 웹젠, 펄어비스 등 중소 게임주를 바구니에 넣어놨다. 제주항공 한솔케미칼 등 업종 다각화가 잘 이뤄졌다. 마이다스미소중소형펀드는 엔씨소프트, 카카오, 비츠로셀, 모다이노칩, F&F 등에 두루 투자했다. 박희봉 DB자산운용 본부장은 ""시장에서 중소형주를 바라보는 기대감이 최근 2~3년 중에 가장 높아진 상황""이라며 ""분산투자가 잘 된 펀드를 고르면 수익을 낼 수 있을 것""이라고 말했다. 최두남 한국밸류시스템자산운용 팀장은 ""정부가 코스닥 시장을 부양하겠다는 뜻이 확고한 것으로 보인다""며 ""지금 중소형주에 투자하는 것은 대세를 타는 것이라 할 수 있다""고 말했다.허남권 신영자산운용 대표는 ""개별종목 장세에서는 어떤 주식이 오를지 몰라 고른 비중으로 여러 종목을 깔아놓은 펀드가 유리하다""며 ""지수가 가파르게 올랐던 지난해와는 다소 차별된 장세가 펼쳐질 것""이라고 진단했다. [홍장원 기자]▶뉴스 이상의 무궁무진한 프리미엄 읽을거리 ▶아나운서가 직접 읽어주는 오늘의 주요 뉴스[ⓒ 매일경제 & mk.co.kr, 무단전재 및 재배포 금지]매일경제 관련뉴스해당 언론사에서 선정하며 언론사 페이지(아웃링크)로 이동해 볼 수 있습니다.실제 결혼 앞둔 \'국민불륜녀\' 민지영의 반전 미모[단독] 복병만난 현대차 GBC…軍, 뒤늦게 비행안전 제기서지혜 섹시 수영복…블랙 시스루 완벽몸매디자인부터 성능까지, 확 젊어진 렉서스 LS서지혜, 과감한 비키니 자태…몸매가 다 했네좋아요0훈훈해요0슬퍼요0화나요0후속기사 원해요0기사제공 :']"
13,삼성전자, 2018-01-0503:39,서울신문 ,[IT 단신],https://finance.naver.com/news/news_read.nhn?article_id=0002882593&office_id=081&mode=search&query=삼성전자&page=12,"[""       [IT 단신]      기사입력2018-01-05 03:39기사원문좋아요훈훈해요좋아요 평가하기공감좋아요0훈훈해요0슬퍼요0화나요0후속기사 원해요0댓글 [서울신문]삼성, 버라이즌과 美 5G 진출삼성전자는 4일 미국 최대 이동통신 사업자 버라이즌과 5세대 이동통신(5G) 기술을 활용한 통신장비 공급 계약을 체결했다. 자체 통신규격인 5GTF(5G 테크놀로지 포럼) 기반 통신장비와 가정용 단말기, 네트워크 설계 서비스를 공급할 예정이다. 버라이즌은 올해 하반기부터 5G 이동통신 기술을 활용한 전 세계 최초 상용 서비스를 시작한다.SKT, 장애인시설 10곳 IoT 설치SK텔레콤은 사회복지법인 ‘따뜻한동행’과 사물인터넷(IoT) 기술을 활용, 장애인을 돕는 ‘스마트홈 드림하우스’ 사업을 시작한다. 자사 스마트홈 서비스를 적용한 스위치, 가스 차단기, 인공지능(AI) 스피커 등 IoT 연동 기기를 장애인 생활시설 10곳에 무상으로 설치해 준다. 보일러 업체 린나이와 레인지 후드 업체 하츠도 가전기기를 지원한다.이노션, CES서 ‘글라투스’ 공개동부대우전자의 벽걸이 드럼세탁기 ‘미니’가 지난 3일 기준 누적판매 대수 25만대를 돌파했다. 지난해 3월 누적판매 15만대를 넘어선 뒤 9개월 만으로 4분에 1대꼴로 판매한 셈이다. 미니는 세탁 용량 3㎏의 세계 최소용량 드럼세탁기다. 대용량과 견줘 세탁 시간은 60%, 물 사용량은 80%, 전기료는 86% 절약된다.동부대우 ‘미니’ 25만대 돌파광고회사 이노션 월드와이드가 ‘CES 2018’에서 운전자를 위한 스마트 선글라스 ‘글라투스’(GLATUS)를 공개한다. 국내 광고기업이 정보통신기술 제품을 직접 제작해 CES에 선보이는 것은 처음이다. 교체 가능한 선글라스 다리에 졸음운전 및 위험운전 방지, 청각장애·난청 운전자에게 위험 시 소리 지원 기능 등이 실렸다.▶ 채널 설정하고 새해 선물 도전하기! (~1/14) ▶ 재미있는 세상[나우뉴스] [페이스북]ⓒ 서울신문(www.seoul.co.kr), 무단전재 및 재배포금지서울신문 관련뉴스해당 언론사에서 선정하며 언론사 페이지(아웃링크)로 이동해 볼 수 있습니다.간호사 사칭해 여성 신체부위 사진 받은 남성업비트, 디도스 공격에 거래 지연…시세 조종 의혹도'리설주급' 북한 미녀응원단, 평창서 볼 가능성은대낮에 술취해 이웃집 유치원생 성폭행한 50대JYJ 김준수, 제주서 38억원 물어내게 된 사연좋아요0훈훈해요0슬퍼요0화나요0후속기사 원해요0기사제공 :""]"
14,삼성전자, 2018-01-0503:09,연합뉴스 ,"시장조사기업 ""삼성, 인텔 제치고 세계최대 반도체 메이커 차지""",https://finance.naver.com/news/news_read.nhn?article_id=0009792279&office_id=001&mode=search&query=삼성전자&page=12,"['       시장조사기업 ""삼성, 인텔 제치고 세계최대 반도체 메이커 차지""      기사입력2018-01-05 03:09기사원문좋아요훈훈해요좋아요 평가하기공감좋아요0훈훈해요0슬퍼요0화나요0후속기사 원해요0댓글삼성, 세계최대 반도체 메이커 차지 (PG)[제작 조혜인] 일러스트글로벌 IT 조사기업 가트너 밝혀서울 서초구 삼성전자 사옥 [연합뉴스 자료사진](파리=연합뉴스) 김용래 특파원 = 삼성전자가 24년 만에 처음으로 인텔을 제치고 세계 최대 반도체 메이커 자리를 차지했다고 AFP통신이 시장조사업체를 인용해 보도했다.     IT시장조사기업 가트너는 삼성전자가 인텔이 1992년 이래 독점해온 반도체 시장 점유율 1위 자리를 차지했다고 밝혔다.    가트너에 따르면 2017년 삼성전자의 반도체 매출은 52.6% 성장해 612억 달러(65조1천400억원 상당)를 기록했으며, 세계 시장 점유율은 14.6%로 나타났다.    반면에 인텔의 매출은 6.7% 성장하는 데 그쳐 577억 달러(61조4천200억원 상당)에 머물렀으며 시장 점유율은 13.8%로 삼성에 못 미쳤다.    작년 글로벌 반도체 시장은 스마트폰의 보급에 따른 메모리칩 수요 증가로 전년도보다 22% 성장해 4천197억 달러 규모로 커졌다고 가트너는 설명했다.    가트너는 싱가포르의 브로드컴이 미국의 퀄컴을 인수하는 데 성공하면 세계 반도체 메이커 랭킹은 또 한 번 급변할 수 있다고 전망했다.     가트너는 ""브로드컴이 퀄컴 인수에 성공하고 삼성의 메모리칩 수익이 떨어질 경우 내년에 삼성의 시장 점유율이 3위로 미끄러질 수도 있다""고 전망했다.  yonglae@yna.co.kr인텔 로고  [로이터=연합뉴스 자료사진]▶기사제보 및 문의▶기자와 1:1 채팅\xa0\xa0▶최신 트렌드연합뉴스 관련뉴스해당 언론사에서 선정하며 언론사 페이지(아웃링크)로 이동해 볼 수 있습니다.\xa0정두언 ""MB, 자신이 다스 만들었다고 말해""\xa0""\'제주 호텔 먹튀\' 논란 JYJ 김준수, 38억원 물어내""\xa0""여성질환 상담해 줄께"" 신체사진 보냈다가 \'황당\'\xa0""2층 진입 했어야…"" 소방청, 제천화재 대응에 유감표명\xa0삼겹살집에 나타난 멧돼지…아연실색, 혼비백산, 아수라장좋아요0훈훈해요0슬퍼요0화나요0후속기사 원해요0기사제공 :']"
15,삼성전자, 2018-01-0503:05,동아일보 ,갤럭시S9부터 속도 20% 빨라진 ‘新두뇌’ 장착,https://finance.naver.com/news/news_read.nhn?article_id=0003119732&office_id=020&mode=search&query=삼성전자&page=12,"['       갤럭시S9부터 속도 20% 빨라진 ‘新두뇌’ 장착      기사입력2018-01-05 03:05기사원문좋아요훈훈해요좋아요 평가하기공감좋아요0훈훈해요0슬퍼요0화나요0후속기사 원해요0댓글 [동아일보]삼성전자가 올해 출시되는 스마트폰의 ‘두뇌’ 역할을 할 고성능 모바일 애플리케이션 프로세서(AP) ‘엑시노스9’(사진)을 공개했다.  삼성전자는 초고속 모뎀을 탑재하고 인공지능(AI) 연산 기능을 강화한 고성능 AP인 엑시노스9의 양산을 시작한다고 4일 밝혔다. 기존 스마트폰보다 콘텐츠를 빠르게 내려받거나 올릴 수 있다. 이미지를 분류하거나 음성으로 지시한 내용을 수행하는 AI 기능도 향상될 것으로 보인다. 삼성전자가 올해 상반기 선보일 ‘갤럭시S9’부터는 엑시노스9을 탑재한다.  우선 엑시노스9의 통신 속도가 빨라진 것이 이용자에게 큰 편의를 제공할 것으로 보인다. 엑시노스9에는 삼성전자가 지난해 7월 업계 최초로 개발에 성공한 ‘6CA(Carrier Aggregation)’ 모뎀 기술이 적용됐다. CA란 2개 이상의 주파수 대역을 하나로 묶어 광대역폭 데이터를 전송하는 기술이다. 6CA 모뎀은 주파수 대역을 6개까지 묶을 수 있어 1.2Gbps(기가비트)의 다운로드 속도를 구현할 수 있다. 1.2Gbps는 1.5GB(기가바이트) 용량의 고화질(HD) 영화 한 편을 10초 만에 내려받을 수 있는 속도다.  삼성전자 관계자는 “6CA 모뎀 탑재로 콘텐츠의 업로드와 다운로드 속도가 기존 대비 20%가량 빨라진다. 소셜네트워크서비스(SNS)를 통한 라이브 방송이나 실시간 스트리밍 등 콘텐츠 이용이 더 편리해질 것”이라고 말했다.  엑시노스9은 딥러닝 기반의 AI 기능을 구현하는 데 최적화된 것도 특징이다. 지능형 이미지 처리 기능이 강화돼 기기에 저장된 이미지를 전작보다 빠르고 정확하게 분류하는 것이 가능해졌다. 삼성전자가 스마트폰에 자체 AI 플랫폼 ‘빅스비’를 적용해 그 기능을 확대해나가고 있는 만큼 빅스비의 데이터 처리 속도 및 정확도도 함께 향상될 것으로 보인다.  스마트폰의 AI 기능이 중요해지면서 스마트폰의 두뇌 역할을 하는 AP 시장 경쟁이 앞으로 더 치열해질 것으로 예상된다. 화웨이는 올해 출시될 AI 스마트폰 ‘메이트10’에 자체개발한 AP인 ‘기린970’을 탑재해 업계의 관심을 모으기도 했다. 기린970에는 스마트폰용 AP 중 최초로 AI에 필요한 신경망 연산 전용 프로세서 NPU(Neural Network Processing Unit)가 적용됐다.  삼성전자는 스마트폰 AP 시장 점유율을 꾸준히 늘려나가고 있다. 시장조사업체 스트래티지 애널리틱스(SA)는 2017년 삼성전자의 세계 스마트폰 AP 시장 점유율이 8.2%로 5위를 차지할 것으로 전망했다. 2015년에는 시장 점유율이 6%였다. 부동의 1위는 퀄컴으로, 2015년부터 지난해까지 3년 연속 36.1%, 33.9%, 37.9%의 시장 점유율을 보였다. 퀄컴 다음으로는 미디어텍, 스프레드트럼, 애플, 삼성이 뒤를 잇고 있다.김재희 기자 jetti@donga.com▶ 동아일보 단독 / 동아일보 공식 페이스북▶ 핫한 경제 이슈와 재테크 방법 총집결(클릭!)ⓒ 동아일보 & donga.com, 무단 전재 및 재배포 금지동아일보 관련뉴스해당 언론사에서 선정하며 언론사 페이지(아웃링크)로 이동해 볼 수 있습니다.신안서 불법조업 중국어선에 실탄 450발 사격…2척 나포\'도시어부\' 김재원, 새해 첫 게스트 출격""낚시 좋아하지만 잘 못해""13억8500만원짜리 세계 최고가 보드카 덴마크서 도난당해中 젠-20 개발 총책임자""2035년 6세대 전투기 개발완료""""낸시랭, 전준주를 진짜로 믿는게문제…팩트가 뭔지 말 안 해""좋아요0훈훈해요0슬퍼요0화나요0후속기사 원해요0기사제공 :']"
16,삼성전자, 2018-01-0503:05,동아일보 ,초대형 IB大戰… ‘한국판 골드만삭스’ 누가 될까,https://finance.naver.com/news/news_read.nhn?article_id=0003119739&office_id=020&mode=search&query=삼성전자&page=12,"['       초대형 IB大戰… ‘한국판 골드만삭스’ 누가 될까      기사입력2018-01-05 03:05기사원문좋아요훈훈해요좋아요 평가하기공감좋아요0훈훈해요0슬퍼요0화나요0후속기사 원해요0댓글 [동아일보]대형증권사 올해 전망 희비 갈려초대형 투자은행(IB) 진출을 선언하며 덩치 불리기에 나섰던 대형 증권사의 수장들이 ‘한국판 골드만삭스’ 자리를 선점하기 위해 치열한 경쟁을 펼치고 있다. 초대형 IB의 핵심 업무인 발행어음 업무(단기금융업) 인가를 가장 먼저 받은 유상호 한국투자증권 사장은 영토 확장 전쟁에서 유리한 고지를 선점했다는 평가를 받는다. 농협금융을 ‘한국판 맥쿼리’로 만들겠다고 선언했던 김용환 NH농협금융지주 회장, 글로벌 IB로 제2의 도약을 준비 중인 박현주 미래에셋그룹 회장 등은 맹추격전을 준비하고 있다. 4일 금융투자업계에 따르면 지난해 말 현재 한국투자증권은 약 1조 원어치의 발행어음을 판매했다. 올해는 4조 원, 2020년엔 8조 원을 판매하는 것이 목표다. 발행어음 발행으로 마련한 자금은 기업 대출, 부동산 금융 등에 쓸 수 있다. 유 사장은 최근 본보와의 인터뷰에서 “성장 가능성이 높지만 은행에서 대출을 받을 수 없는 사각지대에 놓인 기업들이 벌써부터 줄지어 찾아오고 있다”고 말했다. 초대형 IB 경쟁에서 한투가 한발 앞서 나가면서 올해 3월 임기가 끝나는 유 사장의 연임 가능성이 높아 보인다. 유 사장은 12년째 사장을 지내고 있는 증권업계 최장수 최고경영자(CEO)다.  하지만 후발주자들의 추격도 만만찮다. 농협금융의 새 수익원으로 기업투자금융(CIB)을 키우고 있는 김용환 회장의 도전은 청신호가 켜졌다. 단기금융업 인가의 걸림돌로 꼽혔던 김 회장의 채용 청탁 혐의가 최근 무혐의 처분을 받았기 때문. 10일 열리는 금융위원회 증권선물위원회에서 NH투자증권의 발행어음 사업 인가가 가능할 것이라는 관측이 나온다. 이에 따라 올해 4월 임기가 끝나는 김 회장이 ‘2호 단기금융업’ 진출을 발판으로 연임 가능성을 높일 수 있을지 눈길을 끌고 있다. 김 회장은 신년사에서 “올해 범농협의 자금력과 증권사의 IB 네트워크, 자산운용사의 운용 역량을 결합해 CIB를 새로운 미래 먹거리로 안착시키겠다”고 밝혔다. 박현주 회장은 투자 확대를 통해 본인의 인생 목표인 ‘글로벌 IB’로 한 발짝 도약하겠다는 모습이다. 공정거래위원회의 일감 몰아주기 조사 등으로 발목이 잡힌 단기금융업 대신 유상증자를 통해 덩치를 키우기로 한 것. 미래에셋은 조만간 7000억 원 규모의 유상증자에 나설 예정이다. 이번 증자로 현재 7조3000억 원대인 자기자본은 8조 원을 넘어선다. 4조 원대인 다른 대형 증권사의 자기자본을 압도하는 규모다. 박 회장은 신년사를 통해 “올해는 미래에셋이 새로운 20년을 시작하는 첫해이며, 제2의 창업을 위한 출발점”이라며 “글로벌 시장의 IB들과 경쟁하는 것이 목표”라고 밝혔다. 박 회장이 최근 한국형 실리콘밸리로 꼽히는 경기 성남 판교신도시와 신재생에너지 사업에 수조 원대를 투자하기로 결정한 것도 이런 목표에 다가가기 위한 전략이다. 삼성증권과 KB증권의 올해 단기금융업 인가는 쉽지 않을 것으로 전망된다. 금융감독원은 이재용 삼성전자 부회장의 재판을 이유로 심사를 보류한 상태다. 삼성증권의 최대주주인 삼성생명 지분 0.06%를 가진 이 부회장을 대주주로 봐야 하는지가 논란이 되고 있다. 대주주 신용공여금지 위반으로 금융감독원의 기관경고를 받은 KB증권은 3일 “금리 인상 기조 등 시장 상황을 고려해 사업성을 재검토한다”며 단기금융업 인가 신청을 철회했다. 박성민 기자 min@donga.com ▶ 동아일보 단독 / 동아일보 공식 페이스북▶ 핫한 경제 이슈와 재테크 방법 총집결(클릭!)ⓒ 동아일보 & donga.com, 무단 전재 및 재배포 금지동아일보 관련뉴스해당 언론사에서 선정하며 언론사 페이지(아웃링크)로 이동해 볼 수 있습니다.""한국, 인권도 없어""…낸시랭, 트럼프에 호소문류현진, 오늘 장가간다배지현 아나운서와 백년가약오늘 밤 문 여는 \'윤식당2\'시즌1과 달라진 것은?\'꽃할배\' 신구가 최근 SNS 계정 만든 이유남겨진 배우자들이 연인으로…시한부 두 남녀의 자서전이 맺어준 사랑좋아요0훈훈해요0슬퍼요0화나요0후속기사 원해요0기사제공 :']"
