,회사명,날짜,언론사,기사제목,링크,본문
0,NC soft, 2017-11-0118:04,머니투데이 ,"리니지M, 드디어 '공성전' 추가… 5일 첫 전투",https://finance.naver.com/news/news_read.nhn?article_id=0003957487&office_id=008&mode=search&query=엔씨&page=1,"['       리니지M, 드디어 \'공성전\' 추가… 5일 첫 전투      기사입력2017-11-01 18:04기사원문좋아요훈훈해요좋아요 평가하기공감좋아요0훈훈해요0슬퍼요0화나요0후속기사 원해요0댓글 [머니투데이 서진욱 기자] 엔씨소프트가 모바일 MMORPG \'리니지M\'에 공성전 콘텐츠를 추가했다고 1일 밝혔다.공성전은 리니지를 대표하는 전투 콘테츠로 혈맹을 중심으로 대규모 전투를 펼친다. 리니지M의 첫 번째 공성전은 켄트성에서 진행한다. 오는 5일 오후 8시에 서버별로 켄트성 공성전이 시작된다. 이후 공성전은 매주 일요일 오후 8시에 시작해 50분간 진행된다.혈맹의 군주는 게임 내 공성전 메뉴를 통해 공성전을 선포할 수 있다. 성 내부에는 수호탑이 있다. 공성하는 쪽이 수호탑을 쓰러트리면 면류관을 획득할 수 있다. 획득한 면류관을 30분 동안 갖고 있으면 공성전에서 승리한다. 반대로 수성하는 쪽은 30분 동안 면류관을 뺏기지 않으면 승리한다. 공성전이 끝나는 순간 면류관을 갖고 있는 혈맹이 승리한다. 리니지M은 모바일 환경에 맞춰 공성전을 최적화 했다. 공성 지역에서 자동 키를 켜면 적대 플레이어를 자동으로 공격하고, 공성 패드를 이용해 공성의 주요 거점으로 이동할 수 있다. 어택 패드를 누르면 군주가 지정하는 캐릭터를 일제히 공격할 수 있고, 공성에 참여하는 모든 혈맹은 \'피아 식별 리스트\'에 등록되며 설정을 통해 아군 또는 적군으로 설정할 수 있다.▶네이버로 \'머투\' 구독하고 치킨·커피 받으세요▶무료만화 즐기고~선물타자! ▶치어리더 vs 레이싱걸 서진욱 기자 sjw@머니투데이 관련뉴스해당 언론사에서 선정하며 언론사 페이지(아웃링크)로 이동해 볼 수 있습니다.배우 김주혁 교통사고로 사망, 삼성동 인근 (1보)故김주혁 부검, ""심근경색 아냐…사인, 머리 손상""배우 김주혁 사망, 대낮 서울 강남대로서 왜?샤워할때 어디부터 씻으시나요? 피부 망치는 습관들김주혁 사망 추정 \'심근경색\'…골든타임은 90분좋아요0훈훈해요0슬퍼요0화나요0후속기사 원해요0기사제공 :']"
1,NC soft, 2017-11-0116:46,매일경제 ,‘리니지M’ 첫 공성전 ‘임박’…매출 1위 수성 ‘탄력 받나’,https://finance.naver.com/news/news_read.nhn?article_id=0004040568&office_id=009&mode=search&query=엔씨&page=1,"['       ‘리니지M’ 첫 공성전 ‘임박’…매출 1위 수성 ‘탄력 받나’      기사입력2017-11-01 16:46기사원문좋아요훈훈해요좋아요 평가하기공감좋아요0훈훈해요0슬퍼요0화나요0후속기사 원해요0댓글 엔씨소프트(대표 김택진)가 모바일 MMORPG ‘리니지M’에 공성전 시스템을 업데이트했다. 공성전은 원작 ‘리니지’의 핵심 콘텐츠다. 모바일 버전 ‘리니지M’에서도 인기 유지를 위한 핵심 요소로 자리할지 주목된다.1일 엔씨소프트는 업데이트를 통해 공성전 시스템을 정식으로 선보였다. 공성전은 ‘리니지M’의 길드 시스템 ‘혈맹’을 중심으로 게임 내 성을 차지하기 위해 다툼을 벌이는 콘텐츠다. 55레벨 이상 캐릭터만 참여 가능하며 매주 일요일에 진행된다.  첫 공성전은 게임 내 ‘켄트성’에서 오는 5일 오후 8시부터 각 서버별로 치러진다. 공성전 진행을 위해서는 혈맹 내 군주가 ‘공성전’ 메뉴를 통해 공성전을 선포해야 하며 공성측의 경우 성 내부에 존재하는 수호탑을 쓰러뜨리고 획득한 면류관을 15분 동안 유지하거나 공성 종료시에 소유하고 있으면 승리한다. 반대로 수성측은 30분 동안 소유하거나 공성전이 끝나는 순간 면류관을 갖고 있어야 한다.공성전에서 승리한 혈맹에게는 지난 업데이트를 통해 적용된 거래소 추가 수수료 ‘성 세금’ 누적액 중 일부가 보상으로 주어진다. 설정에 따라 군주 단독 보상, 균등 보상, 차등 보상 등이 가능하다. 또 공성전 선포금 등 공성전 진행 과정에서 소모된 재화가 승리 보상으로 제공되고 혈맹이 이용할 수 있는 전리품 상점, 내성 상점 등이 제공된다.엔씨소프트는 원활한 ‘공성전’을 위해 모바일 환경에 최적화한 시스템도 선보였다. 공성 지역에서 적대 캐릭터를 자동으로 공격할 수 있도록 했으며 공성 패드를 통해 주요 거점으로의 이동도 지원한다. 어택 패드로 군주가 지정한 캐릭터를 일제히 공격할 수도 있고 피아 식별 리스트를 통해 아군과 적군 설정도 가능하다.공성전은 원작 ‘리니지’의 핵심 콘텐츠 중 하나다. 공성전을 통해 성을 획득한 혈맹에게는 해당 지역 상점 내 세금 부여 및 희귀 아이템 제작 재료 등을 얻을 수 있는 전용 사냥터가 제공돼 이용자 간 경쟁을 유도한다.엔씨소프트는 “공성전에 승리한 혈맹에는 다양한 보상이 제공된다”며 “원작 리니지의 핵심 콘텐츠였던 만큼 리니지M에서도 중요한 요소로 작용할 것”이라고 설명했다.한편 엔씨소프트는 공성전 업데이트를 기념해 소환 이벤트도 진행한다. 오는 4일까지 매일 오후 7시 피닉스, 데스나이트, 커츠 등의 보스 몬스터와 일반 몬스터가 소환되며 이를 제압하면 커츠의 검, 반역자의 방패 등의 아이템과 전설 제작 비법서가 보상으로 제공된다.[임영택기자 ytlim@mkinternet.com]▶뉴스 이상의 무궁무진한 프리미엄 읽을거리 ▶아나운서가 직접 읽어주는 오늘의 주요 뉴스[ⓒ 매일경제 & mk.co.kr, 무단전재 및 재배포 금지]매일경제 관련뉴스해당 언론사에서 선정하며 언론사 페이지(아웃링크)로 이동해 볼 수 있습니다.\'美친 볼륨\' 살린 송혜교, \'송송커플 결혼식\' 현장 가니람보르기니 전기스쿠터 나왔다故 김주혁 옛 연인 김지수, 빈소서 끝내 오열中, 레이더 안 걸리는 \'스파이 드론\' 띄운다서정희, 발레리나로 변신…""56세 맞아?"" 보디라인 甲좋아요0훈훈해요0슬퍼요0화나요0후속기사 원해요0기사제공 :']"
2,NC soft, 2017-11-0114:47,부산일보 ,"엔씨 '블레이드 & 소울', '행복을 나누는 천명절' 이벤트 진행",https://finance.naver.com/news/news_read.nhn?article_id=0000750836&office_id=082&mode=search&query=엔씨&page=1,"['       엔씨 \'블레이드 & 소울\', \'행복을 나누는 천명절\' 이벤트 진행      기사입력2017-11-01 14:47기사원문좋아요훈훈해요좋아요 평가하기공감좋아요0훈훈해요0슬퍼요0화나요0후속기사 원해요0댓글    블레이드 & 소울, \'행복을 나누는 천명절\' 이벤트 진행. 사진=엔씨소프트 제공.      엔씨소프트(대표 김택진)의 MMORPG 블레이드 & 소울(이하 블소)이 오는 22일까지 \'행복을 나누는 천명절\' 이벤트를 진행한다고 1일 밝혔다. \'천명절\'은 블소에 등장하는 네 종족 건, 곤, 린, 진이 하늘의 명을 받은 날로, 블소 게임 속 명절이다. 엔씨소프트에 따르면 모든 이용자가 참여할 수 있는 이번 이벤트는 접속 기록에 따라 \'행복 화수분\'을 받을 수 있다. 제휴 PC방 포인트(300)로도 행복 화수분(1일 3개, 1주 최대 5개)을 얻을 수 있다. 이용자는 행복 화수분을 열어(10시간 당 1회) 성장 지원 아이템(명왕 하사품, 고급 진화석 등)과 \'천명의 기운\'을 얻는다. 천명의 기운은 게임 내 도전(일일, 주간)을 완료하여 추가로 획득 가능하다. 이용자는 천명의 기운을 모아 상점(비룡공상)에서 천명절 신규 의상(명문, 명문자제) 등으로 교환할 수 있다. 신규ㆍ복귀 이용자는 이벤트 기간 동안 추가 혜택을 받는다. 블소를 처음 즐기거나 지난 30일 간 접속 기록이 없는 이용자는 블소 N포인트존에서 \'새싹 화수분\'을 무료로 1일 3개씩 최대 15개까지 구매 할 수 있다. 또 블소는 15일까지 페이스북 페이지에서 천명절을 기념한 삼행시 짓기 이벤트를 진행한다고도 전했다. 박철중 기자 cjpark@부산일보 관련뉴스해당 언론사에서 선정하며 언론사 페이지(아웃링크)로 이동해 볼 수 있습니다.SM엔터테인먼트, 새 CI 공개...CI 체험 전시도 개최김지수, 옛 연인 故 김주혁 빈소 조문...\'눈물 애도\'이시강, 김주혁 사망 이틀 전 만났다 ""같이 운동하며 인사드렸는데""엔투스튜디오, VR 게임 \'DIVE IN : SECRET\' 中 세 곳에 정식 오픈선데이토즈, 캐주얼게임 \'스누피 틀린그림찾기\' 출시좋아요0훈훈해요0슬퍼요0화나요0후속기사 원해요0기사제공 :']"
3,NC soft, 2017-11-0114:29,이데일리 ,"엔씨소프트, 리니지M '공성전' 업데이트",https://finance.naver.com/news/news_read.nhn?article_id=0003959647&office_id=018&mode=search&query=엔씨&page=1,"[""       엔씨소프트, 리니지M '공성전' 업데이트      기사입력2017-11-01 14:29기사원문좋아요훈훈해요좋아요 평가하기공감좋아요0훈훈해요0슬퍼요0화나요0후속기사 원해요0댓글 [이데일리 김혜미 기자] 엔씨소프트(036570)는 모바일 MMORPG(다중접속역할수행게임) 리니지M의 공성전 업데이트가 실시됐다고 1일 밝혔다.공성전은 리니지를 대표하는 전투 콘텐츠로, 혈맹을 중심으로 한 대규모 전투를 말한다.리니지M의 첫번째 공성전은 켄트성에서 진행된다. 11월5일 오후 8시 각 서버별로 켄트성 공성전이 시작되며, 이후에는 매우 일요일 오후 8시에 시작해 50분간 진행된다.혈맹의 군주는 게임 내 공성전 메뉴를 통해 공성전을 선포할 수 있다. 성 내부에는 수호탑이 있고, 공성하는 편이 수호탑을 쓰러뜨리면 면류관을 획득할 수 있다. 획득한 면류관을 30분 동안 갖고 있으면 공성전에서 승리한다. 반대로 수성하는 쪽은 30분 동안 면류관을 뺏기지 않으면 승리한다. 공성전이 끝나는 순간 면류관을 갖고 있는 혈맹이 승리하게 된다.리니지M은 모바일 환경에 맞춰 공성전을 최적화했다. 공성지역에서 자동키(Auto Key)를 켜면 적대 플레이어를 자동으로 공격하고, 공성 패드를 이용해 공성의 주요거점으로 이동할 수 있다. 어택패드(Attack pad)를 누르면 군주가 지정하는 캐릭터를 일제 공격할 수 있으며 공성에 참여하는 모든 혈맹은 ‘피아 식별리스트’에 등록된다. 설정을 통해 아군 또는 적군으로 설정할 수 있다.엔씨는 공성전 업데이트를 기념해 소환 이벤트를 진행한다. 이벤트는 1일부터 4일까지 매일 오후 7시에 시작하며 보스 몬스터(피닉스, 데스나이트, 커츠 등)와 일반 몬스터가 대량 소환된다. 이용자는 소환 몬스터를 사냥해 커츠의 검, 반역자의 방패 등을 획득할 수 있다.김혜미 (pinnster@edaily.co.kr)▶이데일리 개편기념 이벤트 - 갤럭시 노트8 쏩니다▶[카카오톡] 플친 맺으면 스타벅스 쿠폰 팡팡~♥＜ⓒ종합 경제정보 미디어 이데일리 - 무단전재 & 재배포 금지＞이데일리 관련뉴스해당 언론사에서 선정하며 언론사 페이지(아웃링크)로 이동해 볼 수 있습니다.열영상 야간조준기 국내 개발, 대공포 '발칸' 야간 작전능력↑[단독]'송중기♥송혜교' 결혼식, 150억 거절했더니 中 불법 생중계'이니템' 들어올 때 노 젓자..프로스펙스 文대통령 워킹화 단종됐지만..이영학 '변태성욕장애'…檢, 사형·무기징역 적용 기소(종합)'세계 단 1대'…BMW, 세마쇼서 '30주년 아메리칸 에디션' 선뵈좋아요0훈훈해요0슬퍼요0화나요0후속기사 원해요0기사제공 :""]"
4,NC soft, 2017-11-0114:12,전자신문 ,"인터넷업계 ""관료화된 공무원 조직...혁신 가로막아""",https://finance.naver.com/news/news_read.nhn?article_id=0002653244&office_id=030&mode=search&query=엔씨&page=1,"['       인터넷업계 ""관료화된 공무원 조직...혁신 가로막아""      기사입력2017-11-01 14:12기사원문좋아요훈훈해요좋아요 평가하기공감좋아요0훈훈해요0슬퍼요0화나요0후속기사 원해요0댓글왼쪽부터=김봉진 코리아스타트업포럼 의장, 유인호 인터넷전문가협회 사무총장, 임정욱 스타트업얼라이언스 센터장, 최성진 인터넷기업협회 사무총장, 이동열 리서치앤리서치 센터장, 김국현 에디토이 대표.(사진=전자신문DB.)관료화된 공무원 조직이 산업계 혁신을 가로막고 있다는 지적이 나왔다.한국인터넷기업협회가 1일 강남구 스타트업얼라이언스에서 개최한 \'2017 굿인터넷클럽 9차 토론회\'에서다. 이날 행사는 \'4차 산업혁명 문재인 정부에 바란다\'를 주제로 열렸다.참석자들은 공무원 사회에 대해 “탁상행정에 머물지 말고 현장 목소리를 들어야 한다”며 “국가 미래에 도움이 된다면 안정보다 변화를 좇는 과감한 결단력도 필요하다”고 성토했다.유인호 한국인터넷전문가협회 사무총장은 “스타트업 육성에 가장 큰 걸림돌은 공무원 조직의 관료화”라며 “업계가 무슨 고민을 하는지 현장을 조사, 실태를 파악하는 데 관심이 없다”고 지적했다. 그러면서 “변화에 성공하려면 과거 잘못부터 걷어내야 한다”며 “공무원의 서비스 마인드를 높여 기업과 함께 호흡하는 산업 생태계를 조성해야 한다”고 강조했다.김봉진 코리아스타트업포럼 의장(우아한형제들 대표)은 “혁신 기업 중 사업을 시작하자마자 문을 닫는 경우가 많다”며 “피해를 우려한 기존 산업계 반대 주장만 귀담아듣고 정부가 규제를 가한 결과”라고 아쉬워했다. 그는 “의사결정에 앞서 업계 민원에만 집중할 게 아니라 국가 발전과 소비자 이익 관점에서도 접근하는 판단 기준을 세워야 한다”고 말했다.관료화를 완화하기 위해서는 실패를 용인하는 환경이 형성돼야 한다는 대안도 제시됐다.최성진 인터넷기업협회 사무총장은 “우리 사회가 패스트 팔로워에서 퍼스트 무버로 전환하려면 불확실성에 뛰어드는 도전 정신이 필요하다”며 “실패를 두려워하지 않도록 제도적 뒷받침을 마련해야 한다”고 요구했다. 하지만 그는 “공무원 사회는 뿌리 깊게 자리 잡은 성과주의 탓에 불확실성을 외면하는 경향이 있다”며 인식 전환을 주문했다.창업 열기 확산 정책에 대한 기대감도 전해졌다. 임정욱 스타트업얼라이언스 센터장은 창조경제혁신센터를 스타트업 지원 확대를 알리는 신호탄으로 지목했다.그는 “정권이 바뀌면 기존 정책이 원점으로 돌아가는 경우가 많은데, 창조경제혁신센터는 살아남았다”며 “중기청을 중기부로 격상한 점도 스타트업 육성 정책이 지속, 확대될 것이라는 방증”이라고 말했다. 임 센터장은 “정부가 추경예산 8300억원을 풀어 중소·벤처 기업 지원에 나선 것도 긍정적 신호”라고 덧붙였다.굿인터넷클럽은 한국인터넷기업협회가 주최·주관하고 네이버, 카카오, 구글코리아, 이베이코리아, 엔씨소프트, 넥슨코리아, 온오프믹스가 후원한다.최종희기자 choijh@etnews.com▶ 전자신문 인기 포스트▶ 전자신문 공식 페이스북▶ 전자신문 바로가기 [Copyright ⓒ 전자신문 & 전자신문인터넷, 무단전재 및 재배포 금지]전자신문 관련뉴스해당 언론사에서 선정하며 언론사 페이지(아웃링크)로 이동해 볼 수 있습니다.2600만원짜리 전기차 충전기 2년새 1200만원으로 뚝...왜?IT기업 4곳 중 3곳 ""역차별 규제 심각""삼성·LG, 연말 TV 성수기 정조준, 마케팅·생산·영업 총력전 나선다이동원 전남대 교수팀, 피부 부착 가능한 액체 금속기반 유연전자 소자 개발안정세 찾는 소비자물가…연중 가장 낮은 1.8% 상승좋아요0훈훈해요0슬퍼요0화나요0후속기사 원해요0기사제공 :']"
5,NC soft, 2017-11-0114:11,문화일보 ,코스피 2500시대 열려도… 개미는 ‘울상’,https://finance.naver.com/news/news_read.nhn?article_id=0002332069&office_id=021&mode=search&query=엔씨&page=1,"['       코스피 2500시대 열려도… 개미는 ‘울상’      기사입력2017-11-01 14:11기사원문좋아요훈훈해요좋아요 평가하기공감좋아요0훈훈해요0슬퍼요0화나요0후속기사 원해요0댓글개인 상위10종목 중 7종목 적자SK하이닉스 등 마이너스 수익외국인·기관투자자는 ‘안정세’최근 코스피가 연일 사상 최고치를 기록하면서 2500선을 돌파했지만, 개인투자자들은 가장 많이 사들인 주식 10종목 중 7종목에서 적자가 나는 등 오히려 손해를 입은 것으로 나타났다.1일 코스피는 오전 9시 34분 현재 전일 대비 27.12포인트 오른 2550.55를 기록하면서 2600선에 따르게 다가가고 있다. 하지만 금융정보업체 에프앤가이드에 따르면 지난 10월 10일부터 31일까지 개인투자자들이 코스피·코스닥에서 가장 많이 사들인 10종목 중 7종목은 같은 기간 주가 수익률이 마이너스(-)로 나타났다. 순매수 규모 상위 1∼4위를 차지한 SK하이닉스, LG디스플레이, 셀트리온헬스케어, 엔씨소프트에서 각각 -7.33%, -2.01%, -1.83%, -2.51%의 수익률로 모두 적자를 봤다. 특히 1위 SK하이닉스의 순매수 규모는 9969억 원으로 2위 LG디스플레이의 2706억 원의 세 배를 넘어 손해가 막심할 것으로 예상된다. 5위 셀트리온, 6위 삼성바이오로직스, 9위 롯데지주 등 주가가 크게 오른 종목들 제외하면 전부 적자였다.반면, 외국인과 기관투자자들은 안정적인 수익률을 기록했다. 외국인은 순매수 규모 10위 고려아연(-1.54%)을 제외하면 삼성전자, LG화학, LG전자 등 매수 상위 9종목에서 전부 흑자를 냈다. 기관투자자들은 1∼10위 전부 흑자를 냈다. 네이버, 아모레퍼시픽, LG이노텍, 삼성생명 등 1∼4위 종목에서는 전부 10%대 이상의 수익을 냈다.대세 상승장 속에서도 개인 투자자가 손해를 보는 이유로는 단기 차익 실현 시도, 시시각각 변하는 장 분위기에 휩쓸린 불안정한 투자 등이 지목된다. 증권업계 관계자는 “단기에 차익 실현을 목표로 투자하는 데다 기관과 외국인 투자자들의 공매도 등 리스크(위험)에도 취약해 다른 주체들에 비해 수익률이 떨어질 수 있다”고 말했다.  최재규 기자 jqnote91@munhwa.com[ 문화닷컴 바로가기 | 소설 서유기 | 모바일 웹 ][Copyrightⓒmunhwa.com \'대한민국 오후를 여는 유일석간 문화일보\' 무단 전재 및 재배포 금지(구독신청:02)3701-5555)]문화일보 관련뉴스해당 언론사에서 선정하며 언론사 페이지(아웃링크)로 이동해 볼 수 있습니다.""아스피린 오래 먹으면 소화기관 암 위험 24~47%↓""조윤선·현기환, \'국정원 뇌물상납\' 매달 500만원 받아경찰이 수갑 채운 10대女 순찰차서 번갈아 성폭행\'특급하객\' 장쯔이, ""가장 아름다운 송중기-송혜교"" 인증샷""\'어금니 아빠\' 이영학, 남성성 집착 변태성욕장애자""좋아요0훈훈해요0슬퍼요0화나요0후속기사 원해요0기사제공 :']"
6,NC soft, 2017-11-0111:39,전자신문 ,"[ET투자뉴스]카카오_주가와 투자심리는 보통, 거래량은 약세",https://finance.naver.com/news/news_read.nhn?article_id=0002653108&office_id=030&mode=search&query=엔씨&page=1,"['       [ET투자뉴스]카카오_주가와 투자심리는 보통, 거래량은 약세      기사입력2017-11-01 11:39기사원문좋아요훈훈해요좋아요 평가하기공감좋아요0훈훈해요0슬퍼요0화나요0후속기사 원해요0댓글     업종평균에 비해서 변동폭 대비 수익률은 다소 부정적 1일 오전 11시25분 현재 전일대비 3.47% 오른 149,000원을 기록하고 있는 카카오는 지난 1개월간 7.58% 상승했다.  같은 기간동안 변동성의 크기를 말해주는 표준편차는 2.8%를 기록했다.  이는 코스피 업종내에서 주요종목들과 비교해볼 때 카카오의 월간 주가수익률과 변동성 모두 적정한 수준을 유지했다는 뜻이다.  최근 1개월을 기준으로 카카오의 위험을 고려한 수익률은 2.7을 기록했는데, 변동성과 주가상승률이 모두 적정 수준을 유지하면서 위험대비 수익률도 중간 수준을 나타냈다.   다만 코스피업종의 위험대비수익률 14.2보다는 낮았기 때문에 업종대비 성과는 긍정적으로 보기 어렵다. 다음으로 업종과 시장을 비교해보면 카카오가 속해 있는 코스피업종은 서비스업지수보다 변동성과 수익률이 모두 낮은 모습을 보여주고 있다.  다시 말해서 동업종의 탄력이 떨어지면서 업종상승률도 미진했다는 의미이다.      \xa0 표준편차 수익율  위험대비 수익율   엔씨소프트 2.9% -4.7% -1.6   넷마블게임즈 2.8% 14.3% 5.1   카카오 2.8% 7.6% 2.7   삼성에스디에스 2.3% 26.3% 11.4   강원랜드 1.0% 0.0% 0.1   서비스업 0.7% 10.1% 14.4   코스피 0.5% 7.1% 14.2    관련종목들 혼조세, 서비스업업종 -0.8%   이 시각 현재 관련종목들은 혼조세를 보이고 있고 서비스업업종은 0.8% 하락하고 있다.  넷마블게임즈 171,500원▼2500(-1.44%) 강원랜드 34,100원▼200(-0.58%)  삼성에스디에스 209,000원▲2000(+0.97%) 엔씨소프트 423,500원▼3000(-0.70%)    증권사 목표주가 167,500원, 현재주가 대비 12% 추가 상승여력    최근 한달간 제시된 증권사 투자의견을 종합해보면 카카오의 평균 목표주가는 167,500원이다.  현재 주가는 149,000원으로 18,500원(12%)까지 추가상승 여력이 존재한다.  증권사별로 보면  NH투자증권의 안재민 에널리스트가 "" 아직도 보여줄 것이 많다!, 동사를 둘러싼 긍정적인 모멘텀이 여전히 유효하다는 점에서 추가적인 주가 상승을 전망한다. 글로벌 게임 시장에서 Big Hit를 기록한 ‘배틀그라운드’의 국내 퍼블리싱이 빠르면 11월 중에 시작될 것이며, 카카오T로 변경된 카카오택시의 monetization(수익화)이 2018년에는 본격화될 것으로 기대된다…"" (이)라며 투자의견 매수(유지)에 목표주가:     190,000원을 제시했고, 삼성증권의 오동환 에널리스트가 "" 플랫폼의 가치 상승 구간, 동사 주가는 자회사의 가치 상승과 국내 대기업과의 AI 플랫폼 제휴 확대로 최근 빠르게 상승. 최근 주가 급등에 따른 단기 주가 조정이 있을 수 있으나, 장기적인 관점에서 거래액이나 매출 성장에 따른 개별 자회사의 가치가 상승이 지속되고 있어 기업 가치의 추가 상승은 여전히 가능하다고 판단된다…"" (이)라며 투자의견 매수에 목표주가:     170,000원을 제시했다.      [재무분석 특징]  영업이익률 현재 8.61%로 업종평균 하회. PER은 65.18로 업종평균보다 높으며, PBR은 1.77임.     업종내 시가총액 규모가 가장 비슷한 4개 종목과 비교해보면 카카오가 순이익대비 현재의 주가수준을 보여주는 PER은 가장 높지만, 자산가치대비 현재의 주가수준을 나타내는 PBR은 가장 낮은 상태를 보여주고 있다.     카카오 엔씨소프트 넷마블게임즈 강원랜드 삼성에스디에스   ROE 2.7 7.4 7.3 13.0 8.8   PER 65.2 54.5 46.4 17.1 33.6   PBR 1.8 4.0 3.4 2.2 3.0   기준년월 2017년6월 2017년6월  2017년6월 2017년6월 외국인/개인 순매수, 기관은 순매도(한달누적)기관이 3일연속 순매수를 보이고 있는 반면에 외국인은 2일연속 순매도를 보이고 있다.  4주간을 기준으로 보면 외국인이 매수 우위를 유지하면서 22,710주를 순매수했고, 개인들도 순매수량을 늘리며 414,535주를 순매수했다.  하지만 기관은 매도 관점으로 접근하면서  437,245주를 순매도했다.   투자주체별 누적순매수  상장주식수 대비 거래량은 1.52%로 적정수준최근 한달간 카카오의 상장주식수 대비 거래량을 비교해보니 일별 매매회전율이 1.52%로 집계됐다.  그리고 동기간 장중 저점과 고점의 차이인 일평균 주가변동률을 2.43%를 나타내고 있다. 주요 투자주체는 개인투자자최근 한달간 주체별 거래비중을 살펴보면 개인이 73.7%로 가장 높은 참여율을 보였고, 기관이 13.26%를 보였으며 외국인은 13.03%를 나타냈다.  그리고 최근 5일간 거래비중은 개인 비중이 70.61%로 가장 높았고, 외국인이 14.98%로 그 뒤를 이었다.  기관은 14.4%를 나타냈다.   투자주체별 매매비중  ＊기관과 외국인을 제외한 개인 및 기타법인 등의 주체는 모두 개인으로 간주하였음   주가와 투자심리는 보통, 거래량은 약세   현주가를 최근의 주가변화폭을 기준으로 본다면 특정 방향으로의 추세는 확인되지 않고, 거래량 지표로 볼 때는 상승에 필요한 에너지가 부족한 상황이며 실리적인 측면에서는 투자자들은 안정적인 심리상태를 보이고 있고 이동평균선들의 배열도를 분석을 해보면 중기적으로 상승추세를 유지한 채 단기적으로도 상승패턴을 만들고 있다.      주요 매물구간인 139,500원선이 지지대로 작용.   최근 세달동안의 매물대 분포를 살펴보면, 현주가 아래로 139,500원대의 대형매물대가 눈에 뜨이고, 이중에서 139,500원대는 전체 거래의 14.4%선으로 가격대에서 뚜렷하게 크게 발생한 것은 아니지만 상대적으로 거래규모가 큰 구간이 되고 향후 주가가 조정받을때 수급적인 강력한 지지대가 될 가능성을 고려할 필요가 있고, 그리고 151,000원대의 매물대 또한 규모가 약하기는하지만 향후 주가가 방향을 잡으면 어느쪽으로도 지지 또는 저항매물대로 힘을 발휘할 수있다.  따라서 주가가 단기적인 상승을 전개하면서 제2매물대 저항구간인 151,000원대에 점차 가까워지고 있기 때문에, 추가상승시에는 동가격대에서의 저항가능성에 보다 더 큰 비중을 두는 시각이 합리적이고, 제2매물가격대에 주가가 지금 가깝게 근접하고 있기 때문에, 이제부터는 151,000원대의 저항여부를 우선해서 세밀하게 확인할 필요가 있다.  현재위치에서 매물부담을 고려해보면, 151,000원대의 저항가능성과 139,500원대의 지지가능성을 중심으로 보는 것이 필요하다.       [포인트검색]   10월27일 :(주)카카오 추가상장(국내CB전환) 증시분석 전문기자 로봇 ET etbot@etnews.com전자신문과 씽크풀의 증시분석 전문기자 로봇 ET가 쓴 기사입니다▶ 전자신문 인기 포스트▶ 전자신문 공식 페이스북▶ 전자신문 바로가기 [Copyright ⓒ 전자신문 & 전자신문인터넷, 무단전재 및 재배포 금지]전자신문 관련뉴스해당 언론사에서 선정하며 언론사 페이지(아웃링크)로 이동해 볼 수 있습니다.삼성전자, 최고경영자 \'세대교체\'…김기남·김현석·고동진 3톱 체제\'아이폰X\' 공기계 국내 출고가 142만~163만원이해진 작심발언 ""페북·구글, 세금 안내고 고용도 안해""KOG, 지스타에서 신작 게임 3종 공개콘티넨탈, 전기차·PHEV 전동화 솔루션 중국 출시좋아요0훈훈해요0슬퍼요0화나요0후속기사 원해요0기사제공 :이 기사는 뉴스제휴평가위원회 \'뉴스제휴 및 제재 심사 규정\'에 따라노출 중단된 기사입니다.이전페이지목록보기인쇄하기목록보기증시 주요뉴스[클릭! 해외증시 이 종목] 드라이브 스루 확..[마켓뷰] 코스피, 3200선 겨우 지켜.....[마감시황]코스피, 개인 3조 매수에도 1.2..[Asia마감]美 기술주 급락에 일본·홍콩 줄..[시황종합] 코스피 1.23% 하락 3209 ..[외환마감]환율 2거래일만 상승..1110원 ..[코스닥 마감]인플레 우려에 \'970선\'까지 ..[Asia오전] 美 기술주 급락 여파…닛케이·..이전 페이지로 돌아가기|맨위로더보기“공매도 별거 없네”… 공격받은 ‘톱5’ 모두 주가 올라[마켓뷰] 코스피, 3200선 겨우 지켜...SKIET는 시총 11조 마감날아간 \'따상 꿈\'장 마감 후 기업공시[5월 11일][특징주] 삼아알미늄, 국제 알루미늄 가격 상승에 강세코스피 강세장 올까…성장주보다는 경기민감주[株포트라이트][이종우 증시 맥짚기] \'원자재 가격 급등\'이 주가에 미칠 영향은?KT, 1분기 영업이익 4442억원…""디지코 성장 속도""(종합)더보기인기검색어삼성전자81,200SK아이이테크놀로지154,500HMM44,400SK하이닉스123,000포스코강판74,000이용약관금융게시판 운영원칙개인정보처리방침책임의 한계와 법적고지금융 고객센터네이버(주)가 제공하는 금융 정보는 각 콘텐츠 제공업체로부터 받는 투자 참고사항이며, 오류가 발생하거나 지연될 수 있습니다.네이버(주)와 콘텐츠 제공업체는 제공된 정보에 의한 투자 결과에 법적인 책임을 지지 않습니다. 게시된 정보는 무단으로 배포할 수 없습니다.콘텐츠 제공업체코스콤 : 실시간 주가정보 및 국내시세정보에프앤가이드 : 기업 및 재무정보KG제로인 : 해외 시세, 시장지표 및 펀드 정보한국예탁결제원 : 주주총회일 및 전자투표 정보인포스탁 : 국내 테마 정보Copyright ©NAVER Corp.All Rights Reserved.']"
7,NC soft, 2017-11-0111:35,헤럴드경제 ,1억 이상 베팅…‘큰손’개미 늘었다,https://finance.naver.com/news/news_read.nhn?article_id=0001309691&office_id=016&mode=search&query=엔씨&page=1,"['       1억 이상 베팅…‘큰손’개미 늘었다      기사입력2017-11-01 11:35기사원문좋아요훈훈해요좋아요 평가하기공감좋아요0훈훈해요0슬퍼요0화나요0후속기사 원해요0댓글1억 이상 주문비중 0.2%→0.4%대5월 코스피 ‘사상최고치’이후 급증대장주 삼성전자 3.5%차지 최고코스피가 올 들어 ‘새 역사’를 쓰며 활기를 띤 가운데 1억원 이상 자금을 굴리는 ‘큰 손’ 개미(개인)투자자의 움직임도 활발해진 것으로 나타났다. 이들은 증시 ‘대장주’ 삼성전자를 비롯해 시가총액 상위 종목을 대거 사들이며 대형주 위주의 장세에서 재미를 찾는 모습이 두드러졌다.1일 한국거래소에 따르면 올해 1~10월 유가증권(코스피)시장에서 개인투자자의 1억원 이상 주문은 일평균 9321건으로, 지난해 같은 기간 7758건 보다 20% 넘게 증가했다. 코스피가 올 들어 24.5% 상승한 데 따라 투자심리도 되살아난 것으로 풀이된다.\xa0월별로 보면 코스피 움직임에 따라 거액 주문이 특정기간에 쏠리는 양상을 보였다. 개인의 일평균 1억원 이상 주문은 지난 1월 6712건에서 2월 6896건, 3월 8060건, 4월 7666건 등으로 완만한 우상향 곡선을 나타냈다. 이후 5월 1만662건에 이어 6월 1만1803건으로 치솟았다. 지난 5월4일은 코스피가 6년간 지속된 1990~2100선 ‘박스권’을 벗어나 사상 최고치를 경신한 날이다. 이후 3개월간 이어진 ‘조정 장세’에서 주문건수는 일평균 1만건 안팎에 머물렀다. 그러다가 코스피가 최초로 2500선을 넘어선 10월에는 1만1693건으로 6월 수준을 회복했다. 개인의 전체 주문건수에서 1억원 이상 주문이 차지하는 비중은 올 초 0.2%대에서 지난달 0.4%대로 높아졌다. 증시 활황에 따른 개인투자자의 공격적인 투자성향은 신용융자 잔고에서도 드러났다. 지난달 30일 기준 신용거래융자 잔고는 8조7640억원으로, 지난해 말(6조7738억원)보다 30% 가까이 늘었다. 코스피는 2조9271억원에서 4조3086억원으로, 코스닥은 3조8467억원에서 4조4554억원까지 불어났다. 다만, 개인투자자가 대거 늘었다기보다 기존에 ‘실탄’을 다수 보유한 투자자의 거래가 활성화된 측면이 강한 것으로 드러났다. 올해 1~10월 중 개인의 주문건수는 일평균 261만512건으로, 지난해 같은 기간 270만1180건보다 3% 넘게 줄었다. 총 주문 건수에서 개인이 차지하는 비중도 지난해 10월 기준 51.8%에서 올해 49.1%로 떨어졌다. 올 들어 개인의 1억원 이상 주문이 가장 많이 몰린 종목은 삼성전자였다. 개인의 삼성전자 주문 중 1억원 이상 주문 비중은 3.5%를 차지했다. 삼성생명(2.5%)과 삼성물산(2.0%), 삼성바이오로직스(1.5%) 등 삼성그룹주에도 거액 주문이 집중됐다. 업종별로는 엔씨소프트(2.2%), 넷마블게임즈(1.3%) 등 게임업종과 SK(1.8%), SK이노베이션(1.5%), 롯데케미칼(1.5%) 등 정유ㆍ화학업종에 대한 선호가 두드러졌다. 1만주 이상 대량주문은 주로 저가주에 쏠렸다. 개인은 ‘동전주’인 미래산업(10.5%)을 비롯해 페이퍼코리아(6.7%), 베트남개발1(5.8%), 우리종금(5.6%), SK증권(5.1%) 등의 순으로 많이 사들였다. 양영경 기자ana@heraldcorp.com▶ 생활용품 알뜰하게 사는 법 럭비(LUCK BE)▶앞서가는 젊은 경제신문 친구맺기 ▶오늘의 운세 날씨 - Copyrights ⓒ 헤럴드경제 & heraldbiz.com, 무단 전재 및 재배포 금지 -헤럴드경제 관련뉴스해당 언론사에서 선정하며 언론사 페이지(아웃링크)로 이동해 볼 수 있습니다.\'핼러윈 테러\' 뉴욕 맨해튼서 트럭 돌진…최소 8명 사망김주혁 사고, 약물 부작용 가능성 ""한달전부터 투약""한국나이 52세 강문영, 김정균에 ""딱 내 취향"" 적극 대시故 김주혁, 연예계 조문 행렬…팬 분향소 마련 논의임대사업자등록 \'자율\' 가닥…다주택자 탈출구?좋아요0훈훈해요0슬퍼요0화나요0후속기사 원해요0기사제공 :']"
8,NC soft, 2017-11-0109:48,헤럴드경제 ,1억원 이상 베팅…‘큰손’ 개미 늘었다,https://finance.naver.com/news/news_read.nhn?article_id=0001309486&office_id=016&mode=search&query=엔씨&page=1,"['       1억원 이상 베팅…‘큰손’ 개미 늘었다      기사입력2017-11-01 09:48기사원문좋아요훈훈해요좋아요 평가하기공감좋아요0훈훈해요0슬퍼요0화나요0후속기사 원해요0댓글- 1억원 이상 주문비중 0.2%대→0.4%대 - 코스피 ‘사상 최고치’ 나온 5월 이후 급증- ‘큰손’ 개미는 대장주를 좋아해 [헤럴드경제=양영경 기자] 코스피가 올 들어 ‘새 역사’를 쓰며 활기를 띤 가운데 1억원 이상 자금을 굴리는 ‘큰 손’ 개미(개인)투자자의 움직임도 활발해진 것으로 나타났다. 이들은 증시 ‘대장주’ 삼성전자를 비롯해 시가총액 상위 종목을 대거 사들이며 대형주 위주의 장세에서 재미를 찾는 모습이 두드러졌다.1일 한국거래소에 따르면 올해 1~10월 유가증권(코스피)시장에서 개인투자자의 1억원 이상 주문은 일평균 9321건으로, 지난해 같은 기간 7758건 보다 20% 넘게 증가했다. 코스피가 올 들어 24.5% 상승한 데 따라 투자심리도 되살아난 것으로 풀이된다.\xa0월별로 보면 코스피 움직임에 따라 거액 주문이 특정기간에 쏠리는 양상을 보였다. 개인의 일평균 1억원 이상 주문은 지난 1월 6712건에서 2월 6896건, 3월 8060건, 4월 7666건 등으로 완만한 우상향 곡선을 나타냈다. 이후 5월 1만662건에 이어 6월 1만1803건으로 치솟았다. 지난 5월4일은 코스피가 6년간 지속된 1990~2100선 ‘박스권’을 벗어나 사상 최고치를 경신한 날이다. 이후 3개월간 이어진 ‘조정 장세’에서 주문건수는 일평균 1만건 안팎에 머물렀다. 그러다가 코스피가 최초로 2500선을 넘어선 10월에는 1만1693건으로 6월 수준을 회복했다. 개인의 전체 주문건수에서 1억원 이상 주문이 차지하는 비중은 올 초 0.2%대에서 지난달 0.4%대로 높아졌다.\xa0증시 활황에 따른 개인투자자의 공격적인 투자성향은 신용융자 잔고에서도 드러났다. 지난달 30일 기준 신용거래융자 잔고는 8조7640억원으로, 지난해 말(6조7738억원)보다 30% 가까이 늘었다. 코스피는 2조9271억원에서 4조3086억원으로, 코스닥은 3조8467억원에서 4조4554억원까지 불어났다. 다만, 개인투자자가 대거 늘었다기보다 기존에 ‘실탄’을 다수 보유한 투자자의 거래가 활성화된 측면이 강한 것으로 드러났다. 올해 1~10월 중 개인의 주문건수는 일평균 261만512건으로, 지난해 같은 기간 270만1180건보다 3% 넘게 줄었다. 총 주문 건수에서 개인이 차지하는 비중도 지난해 10월 기준 51.8%에서 올해 49.1%로 떨어졌다. 올 들어 개인의 1억원 이상 주문이 가장 많이 몰린 종목은 삼성전자였다. 개인의 삼성전자 주문 중 1억원 이상 주문 비중은 3.5%를 차지했다. 삼성생명(2.5%)과 삼성물산(2.0%), 삼성바이오로직스(1.5%) 등 삼성그룹주에도 거액 주문이 집중됐다. 업종별로는 엔씨소프트(2.2%), 넷마블게임즈(1.3%) 등 게임업종과 SK(1.8%), SK이노베이션(1.5%), 롯데케미칼(1.5%) 등 정유ㆍ화학업종에 대한 선호가 두드러졌다. 1만주 이상 대량주문은 주로 저가주에 쏠렸다. 개인은 ‘동전주’인 미래산업(10.5%)을 비롯해 페이퍼코리아(6.7%), 베트남개발1(5.8%), 우리종금(5.6%), SK증권(5.1%) 등의 순으로 많이 사들였다. ana@heraldcorp.com▶ 생활용품 알뜰하게 사는 법 럭비(LUCK BE)▶앞서가는 젊은 경제신문 친구맺기 ▶오늘의 운세 날씨 - Copyrights ⓒ 헤럴드경제 & heraldbiz.com, 무단 전재 및 재배포 금지 -헤럴드경제 관련뉴스해당 언론사에서 선정하며 언론사 페이지(아웃링크)로 이동해 볼 수 있습니다.김주혁 사고, 약물 부작용 가능성 ""한달전부터 투약""한국나이 52세 강문영, 김정균에 ""딱 내 취향"" 적극 대시故 김주혁, 연예계 조문 행렬…팬 분향소 마련 논의갤럭시S9 vs 아이폰X…삼성 애플 진검승부는 내년\'아라비안나이트\' 김준선 ""아랍 대신 인도 선택""좋아요0훈훈해요0슬퍼요0화나요0후속기사 원해요0기사제공 :']"
9,NC soft, 2017-11-0107:00,뉴시스 ,[빅데이터 MSI]'톱5' 최다 선정기업은 '삼성전자'·워스트5는 '금호타이어',https://finance.naver.com/news/news_read.nhn?article_id=0008259938&office_id=003&mode=search&query=엔씨&page=1,"['       [빅데이터 MSI]\'톱5\' 최다 선정기업은 \'삼성전자\'·워스트5는 \'금호타이어\'      기사입력2017-11-01 07:00기사원문좋아요훈훈해요좋아요 평가하기공감좋아요0훈훈해요0슬퍼요0화나요0후속기사 원해요0댓글\'톱5\' 최다 선정 기업은 삼성전자·엔씨소프트·KT·KB금융·POSCO 順\'워스트5\' 최다 선정 기업 금호타이어·기아차·한국항공우주·한국전력 【서울=뉴시스】정옥주 기자 = 최근 3개월 동안 빅데이터 시장심리지수(MSI)가 가장 높은 \'톱5\'로 최다 선정된 기업은 삼성전자·엔씨소프트·KT·KB금융·POSCO 등인 것으로 나타났다. 반면 가장 낮은 워스트5로 가장 많이 선정된 기업은 금호타이어·기아차·한국항공우주·한국전력 순으로 집계됐다.이는 뉴시스와 코스콤이 주요 상장기업 250곳에 대해 공동 분석해 산출해 낸 빅데이터 MSI(http://m.newsis.com/stock.html, 모바일 전용)로 지난 8월1일부터 10월30일까지 최근 3개월간 매일 전 거래일 오후 4시부터 다음날 오전 8시까지 데이터를 취합한 결과다.그 결과 지난 3개월 동안 톱5에 가장 많이 오른 기업은 삼성전자인 것으로 나타났다.삼성전자는 총 15회나 \'톱5\'에 이름을 올렸다. 삼성전자의 총 점수(순위별로 1위=5점, 2위=4점, 3위=3점, 2위=2점, 1위=1점 부여)는 75점에 달했다.삼성전자 주가도 유가증권시장에서 지난 8월1일 243만원에서 지난달 30일 270만2000원으로, 무려 11.2% 뛰어올랐다.삼성전자는 지난 2분기 사상 최대 실적을 냈음에도 3분기 실적 둔화, 이재용 부회장의 1심 실형 선고 등으로 인한 \'경영공백\' 우려 등이 높아지며 8월 들어 주가가 다소 부진한 흐름을 보였다. 하지만 반도체 업황 호조 전망에 최신 전략 스마트폰 \'갤럭시노트 8\'의 흥행 기대감까지 높아지자, 삼성전자가 올 하반기에도 사상 최대 실적을 내놓을 것이란 전망으로 흐름이 바뀌며 주가는 다시 빠른 속도로 상승했다. 실제로 삼성전자 주가는 지난 8월11일 종가가 221만1000원까지 떨어지기도 했지만, 9월 들어 본격적인 상승세를 타기 시작했다. 특히 지난달 17일에는 장중 276만9000원까지 오르며 사상 최고가를 다시 썼고, 이후 현재까지 270만원 안팎에서 움직이며 상승세를 이어가고 있다. 이어 엔씨소프트가 총 13회 MSI 톱5에 이름을 올려 총 56점을 받아 2위를 차지했다. 엔씨소프트는 지난 6월 공매도 논란과 시장의 전망치를 밑도는 2분기 실적 등으로 시장심리가 얼어붙기도 했지만, 지난 9월 이후 본격적인 상승세를 타며 전반적으로 긍정적인 흐름을 이어가고 있다. 특히 엔씨소프트는 신작 리니지M 출시 효과 등으로 올 3분기 사상 최대 실적을 낼 것이란 기대감이 높아지고 있는 것이 시장심리를 끌어올리는 요인으로 해석되고 있다. 엔씨소프트 주가 역시 지난 8월1일 종가 기준 36만6500원에서 지난달 30일 40만5000원으로 10.5% 상승했다.이준규 부국증권 연구원은 ""3분기 실적은 역대 최대 분기실적을 기록할 것으로 추정된다""며 ""일단 리니지M의 역대급 흥행이 8월까지 이어졌고, 동시 접속자수와 인당 플레이 시간이 크게 하락하지 않았다. 4분기 실적도 양호할 것으로 기대된다""고 말했다.다음으로 \'톱5\'에 10회 선정된 KT가 총 45점을 받아 3위에 랭크됐다.증권가에서는 통신비 인하 등 규제 이슈로 하락세를 보이던 KT를 포함한 통신업체들의 주가가 어느 정도 바닥을 다지고, 다시 반등에 나설 것이란 긍정적 전망을 내놓고 있다. 실제로 KT 주가는 최근 3개월 동안 종가 기준 3만5150원에서 2만9250원으로 16.8% 감소했지만, 10월 들어 점차 회복세를 나타내며 3만원대 재진입을 시도하고 있다. 이학무 미래에셋대우 연구원은 KT에 대해 ""선택약정할인 제도 시행 및 보편 요금제 도입 추진 등 정책적인 위험 요인과 불확실성이 있으나 안정적인 수익성을 지속하는 점에서 긍정적인 평가가 가능하다""며 ""기가지니 등을 통해 신규 사업의 초기 선점에 효과적으로 대응하고 있는 점도 긍정적""이라고 평가했다.KB금융 역시 총 10회 톱5에 선정됐으며, 총점 41점으로 4위에 올랐다.KB금융은 지난 6월 신한금융을 제치고 8년 만에 \'금융 대장주\' 자리를 탈환, 이후 대장주 자리를 놓고 치열한 경쟁을 벌이다 최근 들어 선두 자리를 꾸준히 유지하고 있다.지난달 30일 기준 KB금융은 시가총액11위로, 신한지주(14위)를 한참 앞서고 있다. 또 KB금융이 올해 3분기까지 누적 당기순이익 2조577억원을 기록, 상반기 최대 실적을 경신했다고 발표한 것도 시장심리를 대폭 끌어올리고 있다. 마지막으로 총 9회에 걸쳐 \'톱5\'에 등극한 POSCO가 총점 40점을 받아 5위에 올랐다.POSCO는 철강 가격 상승에 따른 실적개선 기대감 등이 시장심리를 끌어올린 요인으로 해석되고 있다. POSCO는 올해 3분기 연결기준 매출 15조361억원, 영업이익 1조1257억원을 기록, 지난 1분기에 이어 3분기에도 \'분기 영업이익 1조 클럽\'에 이름을 올렸다. 이에 POSCO 주가도 지난 9월22일 종가가 30만6500원까지 떨어졌다 10월 들어 다시 상승세를 타며 3일 기준 33만2000원까지 오르며 30만원대에 안착하는 모습이다.  반면 가장 낮은 워스트5에 가장 많이 이름을 올린 기업들은 금호타이어·기아차·한국항공우주·기아차·한국전력 순으로 집계됐다.금호타이어는 총 12회에 걸쳐 \'워스트 5\'에 선정, 총점 -52점으로 최다 워스트 선정 기업으로 꼽혔다.현재 금호타이어는 워크아웃을 졸업한 지 3년 만에 채권단과 자율협약을 맺고 또 다시 구조조정에 나서야 하는 상황에 놓였다. 금호타이어는 당초 중국 더블스타와 매각을 협의했으나, 상표권 문제 등에서 이견을 좁히지 못하면서 결국 매각에 실패했다. 이에 채권단은 올 연말까지 금호타이어의 경영 정상화 방안을 마련할 예정이며, 여기에는 중국 공장 처리 방향과 신규 유동성 지원, 인원 감축 등의 내용이 담길 것으로 예상된다.이에 금호타이어 주가도 지난 7월31일 장중 7820원까지 올랐지만 9월14일 장중 4800원까지 하락하는 등 최근 3개월간 주가가 약세를 면치 못하고 있다. 금호타이어는 최근 3개월간 주가가 종가 기준 7720원에서 6700원으로 13.2% 감소했다.기아차 역시 \'워스트 5\'에 총 12회 이름을 올렸으나, 총점 -46점으로 금호타이어의 뒤를 이었다.기아차는 중국의 사드(THAAD·고고도미사일방어체계) 보복과 내수침체 등으로 가뜩이나 판매에 심각한 부진을 겪고 있는 가운데, 지난 8월 노조의 부분파업에 더해 통상임금 1심 소송에서도 일부 패소하면서 시장심리가 급속도로 얼어붙었다. 기아차는 2017년 1~9월 글로벌 시장에서 전년 대비 6.6% 감소한 205만 1985대를 판매했는데, 미국 시장에서는 전체 판매가 6.9% 감소했으며, 중국에서도 사드 사태와 구매세 지원 축소 등으로 인해 전년 대비 40.9% 줄었다. 이에 최근 3개월간 기아차 주가도 종가 기준 8월1일 3만6750에서 지난달 30일 3만4550원으로 6.0% 하락했다.   한국항공우주도 총 10회 선정, 총점 -44점을 받아 3위를 기록했다.한국항공우주는 분식회계와 채용비리 등 각종 방산비리 혐의에 따른 검찰 수사 영향으로 주가가 폭락하며, 시장심리도 급락했다. 최근 들어 회복세를 나타내곤 있지만, 검찰의 압수수색 소식이 나오기 전날인 지난 7월13일 종가가 6만1000원에 이었던 한국항공우주 주가는 지난 10월30일 5만6100원으로 8.03% 가량 떨어지며 여전히 주저앉은 상태다.다음으로 현대차는 9회, 총점 -37점으로 4위에 올랐다.현대차 역시 기아차와 마찬가지로 \'사드 여파\'로 인한 중국 시장의 판매 급감과 미국 시장에서의 판매 감소, 노조 파업으로 인한 생산 차질 등으로 몸살을 앓아왔다. 이에 현대차 주가도 지난 9월8일 장중 13만3000원까지 떨어지기도 했다. 다만 현대차 주가는 10월 들어 상승세를 타기 시작하며, 지난달 30일 종가 기준 15만6000원까지 회복한 상황이다.마지막으로 \'한국전력\'이 총 7회에 걸쳐 워스트 5 기업에 선정, -32점을 받아 5위에 랭크됐다. 한국전력은 정부의 탈원전 정책 등 규제 리스크와 실적 부진에 대한 우려가 이어지면서 최근 3개월간 주가가 13.4% 하락했다. 지난 8월1일 4만4900원이었던 주가는 지난달 30일 3만8900원까지 떨어졌다. 더욱이 한국전력 주가가 실적이 회복하더라도 당분간 반등하기는 어려울 것이란 전망이 나온 점 등도 시장심리를 끌어내렸다.뉴시스와 코스콤은 온라인과 소셜네트워크서비스(SNS)에서 수집된 개별 종목 관련 빅데이터를 긍정과 부정으로 분류해 점수화한 다음 이를 최근 1년 간 흐름과 비교해 지수를 산출했다. MSI산출 대상은 코스피 200종목과 코스피 지수, 코스닥 50종목과 코스닥 지수 등 250개 개별 종목이다. MSI는 1단계 \'매우 나쁨\', 2단계 \'나쁨\', 3단계 \'약간 나쁨\', 4단계 \'보통\', 5단계 \'약간 좋음\', 6단계 \'좋음\', 7단계 \'매우 좋음\' 등 총 7단계로 분류한다. 한편 8월1일부터 선보인 빅데이터 MSI 모바일 전용 버전은 구글플레이 또는 애플 앱스토어에서 \'뉴시스\'앱을 내려받거나 뉴시스 모바일 홈페이지(m.newsis.com)에 접속한 뒤 메인화면의 \'빅데이터 MSI\'를 클릭해 이용하면 된다.channa224@newsis.com ※ 빅데이터 MSI는 투자 참고용이며, 투자 결과에 책임을 지지 않습니다. 주식시장에는 다양한 국내외 변수가 존재하며, 한 지표로만 판단하면 뜻하지 않은 결과를 초래할 수 있습니다.▶ 뉴시스 빅데이터 MSI 주가시세표 바로가기 ▶ 뉴시스 SNS [페이스북] [트위터]뉴시스 관련뉴스해당 언론사에서 선정하며 언론사 페이지(아웃링크)로 이동해 볼 수 있습니다.[빅데이터MSI]31일 빅데이터 심리 1→1→1→1단계…\'매우 나쁨\'일임형ISA 누적수익률 6.8%…집계 이후 최고치법정 최고금리 24%로 낮아진다…내년 2월부터 시행쉽고 빠른 \'모바일 대출\' 3배 급증…""심사 철저히 해야""최종구 ""지방 근거 인터넷은행, 여러 구상 중 하나""좋아요0훈훈해요0슬퍼요0화나요0후속기사 원해요0기사제공 :']"
10,NC soft, 2017-11-0106:15,연합뉴스 ,'훨훨 나는' 코스피에도 개미 투자자는 '시무룩',https://finance.naver.com/news/news_read.nhn?article_id=0009650832&office_id=001&mode=search&query=엔씨&page=1,"[""       '훨훨 나는' 코스피에도 개미 투자자는 '시무룩'      기사입력2017-11-01 06:15기사원문좋아요훈훈해요좋아요 평가하기공감좋아요0훈훈해요0슬퍼요0화나요0후속기사 원해요0댓글 10월 개인 순매수 상위 10종목 평균 수익률 '마이너스'기관 15%, 외국인 6%로 '짭짤'(서울=연합뉴스) 권수현 기자 = 추석 연휴 이후 증시 활황으로 코스피가 사상 최고치 행진을 이어가며 '2,500' 시대를 열었지만 '개미'로 불리는 개인투자자들은 웃지 못하고 있다.     연휴 이후 10월 한 달간 개인투자자들이 가장 많이 사들인 종목 중 상당수의 주가가 내려갔기 때문이다. 이에 비해 기관과 외국인 투자자의 순매수 상위 종목들의 수익률은 코스피 상승률보다 높게 나타났다.     1일 한국거래소와 코스콤에 따르면 추석 연휴 이후 지난달 10∼31일 유가증권시장(코스피)에서 개인투자자의 순매수 상위 10개 종목(기간 중 분할·합병 상장 종목 제외)을 분석한 결과 평균 수익률이 -0.58%로 집계됐다.    같은 기간 코스피가 2,394.37(9월29일)에서 2,523.43(10월31일)으로 5.38% 상승한 것과 비교하면 개인은 이렇다 할 수익을 내지 못한 것이다.     이에 비해 개인 순매도 상위 10개 종목의 평균 수익률은 14.60%에 달했다.    개인이 집중 매수한 종목의 주가는 내려앉고, 내다 판 종목은 월간 코스피보다 훨씬 가파르게 상승해 '중박' 이상을 터뜨렸다는 의미다.    종목별로 살펴보면 개인 순매수 상위 10개 종목 중 절반인 5개 종목의 주가가 하락했다.    금액 기준으로 개인 순매수 규모 1∼3위인 SK하이닉스(기간 수익률 -0.84%), LG디스플레이(-3.93%), 엔씨소프트(-8.18%)를 비롯해 롯데케미칼(-2.25%), 효성(-7.56%) 등이 내렸다.     삼성바이오로직스(13.78%) 등 수익이 높은 종목도 있었지만 삼성전기(1.96%), KT(0.69%) 등 다른 상승 종목의 오름폭이 크지 않아 평균 수익률을 끌어올리기에는 부족했다.    개인 순매도 상위 10개 종목은 순매수 상위 종목과 반대로 모조리 올랐다.     호텔신라(34.54%), NAVER(20.00%), 삼성생명(19.47%), 넷마블게임즈(14.85%), LG이노텍(11.69%) 등 10개 중 7개 종목의 수익률이 10%를 넘었다.     이처럼 개인이 '속 쓰린' 투자 성적표를 받아든 반면 기관과 외국인 투자자들은 상당히 짭짤한 수익을 거뒀다.     기관 투자자들의 순매수 상위 10개 종목은 평균 14.89% 상승했고 외국인이 많이 산 10개 종목은 6.07% 올라 코스피보다 훨씬 높은 수익률을 보였다.    기관과 외국인 순매수 상위 10위 안에 든 종목 20개는 모두 상승했다.    기관 순매수 상위 종목 중에서는 호텔신라(34.54%)가 가장 큰 폭으로 올랐다. 또 아모레퍼시픽(21.00%), NAVER(20.00%), 삼성생명(19.47%), LG이노텍(11.68%) 등 모두 5개 종목이 두 자릿수 수익률을 냈다.     외국인이 많이 산 종목도 삼성전자(7.41%)를 비롯해 넷마블게임즈(14.85%), LG전자(10.44%), 현대중공업(7.59%) 등 상당수가 코스피 수익률을 웃돌았다. [표] 개인 순매수·순매도 상위 10종목 수익률     (단위: 천원, %)[표] 기관·외국인 순매수 상위 10종목 수익률    (단위: 천원, %)    ※등락률은 2017년 9월29일과 10월31일 종가를 비교    (자료=한국거래소, 코스콤)        inishmore@yna.co.kr기사 문의(기사 제목을 꼭 알려주세요) 및 제보는 여기로(클릭!)최신 유행 트렌드 총집결(클릭!)연합뉴스 관련뉴스해당 언론사에서 선정하며 언론사 페이지(아웃링크)로 이동해 볼 수 있습니다.\xa0박보검 반주에 박형식 노래…송중기-송혜교 웨딩피로연\xa0심야에 순찰차 들이받고 2.8㎞ 도주극…잡고 보니 중학생\xa0라스베이거스 총격범 객실서 실수로 총 쏜 경찰관 있었다\xa0알바생이 미래 자녀에게 추천하는 알바 직종 1위는?\xa0'불붙은 평창' 올림픽 100일 앞으로좋아요0훈훈해요0슬퍼요0화나요0후속기사 원해요0기사제공 :""]"
